0.000000,0.000000,0.000000,0.000000,0.000000,0.000000,0.000000,0.000000,0.000000,0.000000,0.000000,0.000000,0.000000,0.000000,0.000000,0.000000,0.000000,0.000000,0.000000,0.000000,0.000000,0.000000,0.000000,0.000000,0.000000,0.000000,0.000000,0.000000,0.000000,0.000000,0.000000,0.000000,0.000000,0.000000,0.000000,0.000000,0.000000,0.000000,0.000000,0.000000,
0.000000,0.238269,0.238320,0.238566,0.239392,0.240453,0.240533,0.241017,0.241117,0.241514,0.243003,0.244067,0.244116,0.251478,0.253075,0.259721,0.264852,0.274790,0.276419,0.284412,0.284496,0.289026,0.292051,0.293458,0.299075,0.300487,0.301828,0.305736,0.307092,0.309439,0.315150,0.316344,0.318601,0.325221,0.325452,0.327269,0.334623,0.334910,0.335859,0.336938,
0.237408,0.238658,0.240269,0.241673,0.247800,0.251933,0.251991,0.257996,0.261859,0.268605,0.270249,0.273480,0.275208,0.278345,0.281476,0.283111,0.284621,0.286090,0.287557,0.293362,0.293378,0.297495,0.300196,0.302728,0.307613,0.307651,0.309924,0.311956,0.314350,0.316394,0.318528,0.319335,0.319503,0.324703,0.324706,0.324752,0.330117,0.331436,0.332716,0.332726,
0.222937,0.235560,0.235835,0.236782,0.238626,0.240204,0.245012,0.248768,0.258696,0.262866,0.263234,0.263526,0.266848,0.268538,0.273482,0.275139,0.278423,0.279916,0.286086,0.287565,0.290506,0.291972,0.293359,0.294766,0.296159,0.296288,0.298837,0.301447,0.301465,0.303996,0.306426,0.313244,0.313280,0.315365,0.316379,0.321207,0.324700,0.330088,0.331446,0.332714,
0.003407,0.235670,0.236249,0.236500,0.236747,0.238696,0.244745,0.244862,0.245064,0.248723,0.254169,0.254400,0.255101,0.255188,0.262782,0.268558,0.279884,0.286060,0.286091,0.286404,0.292282,0.300141,0.300209,0.306438,0.312181,0.315390,0.317398,0.319342,0.319346,0.320275,0.320300,0.320301,0.321377,0.327120,0.327889,0.329381,0.330889,0.332088,0.332718,0.332804,
0.240370,0.240508,0.244454,0.247833,0.248829,0.250362,0.251912,0.251960,0.256869,0.260228,0.262000,0.265196,0.265429,0.266852,0.266882,0.273493,0.275126,0.283010,0.284545,0.289034,0.289399,0.290489,0.296117,0.302739,0.303977,0.313234,0.314426,0.318395,0.318552,0.319418,0.320445,0.323001,0.324685,0.328627,0.329369,0.330763,0.330784,0.332716,0.332955,0.332964,
0.236571,0.238376,0.238497,0.239304,0.239374,0.247699,0.250310,0.251138,0.251976,0.253589,0.254477,0.255187,0.255190,0.256068,0.256201,0.260329,0.260871,0.261133,0.261192,0.261615,0.262758,0.262807,0.266923,0.278328,0.279888,0.281464,0.289050,0.293351,0.294773,0.314322,0.321269,0.322155,0.322993,0.325527,0.326334,0.327900,0.329351,0.331469,0.332717,0.332746,
0.222932,0.235816,0.235886,0.235906,0.236533,0.236760,0.236961,0.240239,0.243756,0.247547,0.247702,0.255744,0.261684,0.263543,0.270478,0.275486,0.278308,0.278319,0.281499,0.289129,0.297537,0.299216,0.300223,0.301468,0.306444,0.309948,0.310145,0.311056,0.316929,0.318402,0.322433,0.322983,0.322997,0.324366,0.324698,0.326329,0.327875,0.330507,0.332083,0.332714,
0.000081,0.236129,0.240092,0.240474,0.244365,0.244761,0.247243,0.250359,0.250935,0.255617,0.257922,0.263496,0.263542,0.263977,0.265164,0.268563,0.269114,0.276816,0.278319,0.281460,0.281481,0.281516,0.283129,0.284565,0.289169,0.290517,0.291960,0.294812,0.309957,0.313817,0.316395,0.318369,0.321197,0.321217,0.325520,0.325720,0.326329,0.328623,0.331431,0.332718,
0.223358,0.235569,0.235660,0.235729,0.235810,0.235911,0.236764,0.237481,0.239337,0.240490,0.242306,0.244389,0.250996,0.251989,0.263565,0.265217,0.268554,0.268580,0.271883,0.275127,0.280385,0.281496,0.283065,0.292086,0.296151,0.314604,0.317387,0.317419,0.318330,0.319344,0.321205,0.322130,0.322995,0.324079,0.324722,0.324793,0.330070,0.330070,0.331444,0.332715,
0.235519,0.235592,0.235721,0.235967,0.244448,0.244776,0.250358,0.254550,0.255255,0.256842,0.257736,0.260857,0.261149,0.263535,0.270167,0.270201,0.275100,0.276742,0.278301,0.287562,0.298964,0.305296,0.306418,0.307651,0.308797,0.308823,0.309930,0.311132,0.315241,0.317449,0.317468,0.318372,0.318378,0.322193,0.326362,0.328661,0.330058,0.330850,0.331441,0.332716,
0.223064,0.236029,0.238773,0.240593,0.242976,0.243588,0.244340,0.247670,0.253577,0.254236,0.254371,0.263585,0.266894,0.270187,0.278345,0.279909,0.279921,0.279931,0.281462,0.283007,0.284560,0.289151,0.290512,0.290525,0.291950,0.293668,0.300187,0.301442,0.306426,0.311074,0.314321,0.318381,0.319379,0.322120,0.323043,0.329367,0.330764,0.331429,0.331756,0.332715,
0.237550,0.238774,0.241746,0.244388,0.244718,0.252526,0.255637,0.255796,0.258024,0.258040,0.261344,0.261831,0.266878,0.268562,0.273517,0.279896,0.289105,0.291937,0.293349,0.299060,0.301465,0.303999,0.307697,0.308765,0.312158,0.314345,0.316394,0.320302,0.324714,0.326318,0.327130,0.327882,0.329387,0.330087,0.331441,0.331444,0.331563,0.332095,0.332716,0.332737,
0.235507,0.235543,0.235764,0.235837,0.236146,0.236533,0.236685,0.237498,0.242191,0.243174,0.247759,0.247852,0.253604,0.254716,0.255203,0.257030,0.266886,0.284546,0.284586,0.286084,0.289064,0.297539,0.300293,0.303954,0.303997,0.306411,0.309946,0.314318,0.315356,0.316404,0.319349,0.319354,0.319369,0.320282,0.328629,0.328658,0.332102,0.332153,0.332650,0.332713,
0.223064,0.235953,0.236604,0.236692,0.239384,0.243016,0.243061,0.244682,0.244776,0.247467,0.247621,0.251003,0.254461,0.255680,0.256844,0.256904,0.257973,0.260212,0.287574,0.290519,0.291960,0.291971,0.293407,0.297533,0.300187,0.300228,0.301445,0.307602,0.311288,0.313239,0.314314,0.314979,0.316591,0.321402,0.325637,0.326357,0.329446,0.330768,0.331464,0.332714,
0.000066,0.223187,0.235609,0.236138,0.238650,0.238656,0.240219,0.240285,0.245781,0.250356,0.250378,0.252004,0.253593,0.255198,0.258227,0.258474,0.260860,0.261850,0.268540,0.270172,0.279897,0.291933,0.293407,0.293554,0.296733,0.299029,0.315420,0.316262,0.319356,0.320362,0.323005,0.324103,0.325511,0.326331,0.329359,0.329367,0.330231,0.330257,0.331431,0.332716,
0.222891,0.235918,0.236742,0.237210,0.237453,0.237486,0.239468,0.241634,0.242967,0.244463,0.244913,0.252026,0.254496,0.255398,0.263545,0.268525,0.275088,0.278309,0.280204,0.280331,0.290515,0.293445,0.294765,0.297532,0.300143,0.301460,0.304491,0.306552,0.310823,0.313255,0.317415,0.322106,0.323931,0.326333,0.328626,0.331028,0.331471,0.332087,0.332714,0.332746,
0.001896,0.235598,0.235783,0.236014,0.236143,0.236496,0.237516,0.238368,0.243493,0.244367,0.248836,0.249253,0.255596,0.255883,0.261831,0.262414,0.265203,0.272006,0.273448,0.273480,0.280005,0.283005,0.284568,0.287569,0.287585,0.290578,0.296124,0.298837,0.318398,0.318416,0.323858,0.325528,0.330374,0.330754,0.330810,0.331449,0.332079,0.332112,0.332144,0.332712,
0.000067,0.235641,0.236167,0.236515,0.237334,0.240287,0.240366,0.240579,0.243319,0.247231,0.249966,0.250896,0.252012,0.253577,0.258873,0.260868,0.261050,0.261802,0.263015,0.263513,0.266912,0.268535,0.271841,0.278342,0.279898,0.284541,0.287582,0.297509,0.301438,0.301950,0.305219,0.307640,0.308283,0.313247,0.313260,0.321246,0.326326,0.330096,0.332718,0.333301,
0.235741,0.236541,0.237311,0.238568,0.240333,0.244794,0.248864,0.252331,0.253826,0.261843,0.261860,0.263561,0.266883,0.273469,0.275109,0.276768,0.278348,0.279968,0.281474,0.282989,0.287580,0.290503,0.293360,0.297515,0.298840,0.298843,0.303021,0.304493,0.307613,0.307720,0.312164,0.313998,0.315461,0.318613,0.323006,0.327872,0.328777,0.332092,0.332101,0.332717,
0.222913,0.235987,0.236487,0.238424,0.243523,0.245785,0.245887,0.247747,0.255158,0.255442,0.256011,0.258331,0.261684,0.261846,0.262698,0.263692,0.268591,0.276702,0.276719,0.281590,0.283029,0.287569,0.289030,0.289061,0.289069,0.291964,0.291973,0.296159,0.303982,0.304011,0.307620,0.309930,0.315374,0.319437,0.320305,0.323846,0.324695,0.330074,0.330797,0.332717,
0.236514,0.237064,0.239355,0.239356,0.242417,0.243557,0.244871,0.244887,0.245023,0.245792,0.247285,0.247294,0.250342,0.250374,0.256841,0.257900,0.261839,0.272033,0.275681,0.279861,0.289064,0.294759,0.296776,0.297502,0.298833,0.302821,0.304006,0.308813,0.309937,0.312180,0.312185,0.317382,0.322105,0.328650,0.329362,0.330431,0.332716,0.332768,0.332834,0.332998,
0.235570,0.235595,0.235797,0.236105,0.237349,0.238367,0.242461,0.242493,0.243092,0.254868,0.255205,0.255212,0.258098,0.258483,0.261515,0.270196,0.273510,0.278326,0.281434,0.281731,0.283076,0.295372,0.303984,0.307627,0.308824,0.309907,0.311064,0.312161,0.312166,0.320291,0.321257,0.321261,0.325529,0.326323,0.326492,0.328058,0.330796,0.332714,0.332723,0.332799,
0.235592,0.235644,0.235780,0.237473,0.238484,0.239323,0.240235,0.240573,0.242053,0.242410,0.242459,0.245823,0.248811,0.253540,0.253578,0.270200,0.270277,0.276720,0.276740,0.279872,0.279883,0.280141,0.289050,0.291955,0.298852,0.300161,0.302746,0.306411,0.315447,0.317427,0.322268,0.327115,0.327919,0.329636,0.330069,0.330072,0.330235,0.332713,0.332752,0.332787,
0.236757,0.237294,0.237475,0.237488,0.238424,0.240322,0.240498,0.243245,0.244463,0.245001,0.247736,0.253542,0.253687,0.254663,0.255193,0.255206,0.255663,0.260145,0.263546,0.271944,0.276783,0.281488,0.283021,0.289046,0.290512,0.303978,0.303982,0.306464,0.308888,0.309944,0.313408,0.314323,0.316422,0.319339,0.322151,0.323874,0.329350,0.329375,0.332146,0.332718,
0.004272,0.235813,0.235835,0.236468,0.236734,0.240310,0.244336,0.245751,0.248772,0.251934,0.251946,0.254370,0.265277,0.270159,0.281460,0.281463,0.283024,0.284584,0.291927,0.293368,0.297506,0.302727,0.302735,0.302777,0.303226,0.306440,0.308789,0.311081,0.315355,0.319348,0.320983,0.321212,0.321214,0.321346,0.322282,0.323850,0.324101,0.329364,0.330806,0.332718,
0.222710,0.222947,0.235542,0.235688,0.235920,0.236477,0.236494,0.237432,0.240504,0.241056,0.242960,0.243007,0.243521,0.244294,0.244933,0.247314,0.250266,0.255249,0.257816,0.263090,0.263233,0.273492,0.273496,0.279913,0.293439,0.300218,0.302746,0.311061,0.311068,0.311196,0.312175,0.313286,0.316402,0.322345,0.326330,0.328629,0.329402,0.330093,0.331440,0.332715,
0.000066,0.000067,0.223166,0.236706,0.237513,0.238191,0.238590,0.243649,0.244826,0.247481,0.248836,0.250342,0.251035,0.252039,0.254267,0.255293,0.255706,0.261615,0.262513,0.266880,0.270248,0.287566,0.291938,0.291969,0.294772,0.298912,0.300198,0.300221,0.307133,0.307649,0.308817,0.313364,0.318367,0.320279,0.320693,0.321273,0.327167,0.328629,0.331427,0.332718,
0.222972,0.223161,0.235667,0.237219,0.237485,0.238498,0.238578,0.239407,0.242089,0.243732,0.243755,0.244114,0.247889,0.248151,0.250347,0.253618,0.255634,0.258151,0.275133,0.290481,0.302763,0.302903,0.308835,0.310317,0.316425,0.318384,0.318411,0.322096,0.322116,0.323000,0.323852,0.323868,0.324701,0.326333,0.329159,0.329357,0.330760,0.332714,0.332766,0.332794,
0.235656,0.236555,0.236704,0.237383,0.237429,0.237505,0.238732,0.240465,0.240597,0.248012,0.248837,0.250285,0.250685,0.251150,0.251966,0.252101,0.253622,0.253645,0.256101,0.256861,0.260166,0.260169,0.260231,0.260560,0.261848,0.261863,0.262689,0.273474,0.278299,0.281459,0.283062,0.293348,0.306472,0.311048,0.320915,0.325529,0.326326,0.331430,0.331454,0.332718,
0.222841,0.235564,0.235732,0.236086,0.236190,0.238693,0.240500,0.241757,0.241760,0.242410,0.242473,0.244301,0.247342,0.247581,0.250407,0.255651,0.255723,0.256840,0.258086,0.261843,0.266868,0.271892,0.273507,0.279923,0.283027,0.287602,0.296127,0.296181,0.296340,0.300172,0.304043,0.305195,0.308788,0.314435,0.320321,0.323888,0.327217,0.327878,0.327905,0.332716,
0.222899,0.235658,0.235745,0.236100,0.236445,0.238393,0.239419,0.239638,0.240298,0.242387,0.243040,0.244909,0.254542,0.255667,0.256788,0.261405,0.261866,0.271889,0.277531,0.278367,0.283103,0.290652,0.291932,0.293382,0.296135,0.297501,0.302782,0.307603,0.307627,0.308793,0.311053,0.313261,0.313408,0.318902,0.319324,0.320297,0.327907,0.330121,0.332217,0.332715,
0.235520,0.235568,0.235571,0.235809,0.236141,0.236223,0.237333,0.241685,0.242379,0.244771,0.248758,0.251924,0.255700,0.257655,0.258048,0.258482,0.261712,0.261866,0.262621,0.263534,0.263554,0.278303,0.279991,0.281525,0.289088,0.291948,0.291993,0.297486,0.300167,0.301460,0.302717,0.305210,0.305212,0.312185,0.312314,0.319393,0.329367,0.330065,0.332263,0.332712,
0.235468,0.235863,0.236217,0.236815,0.238468,0.240251,0.241768,0.241894,0.241978,0.242006,0.243665,0.247249,0.251933,0.253601,0.255200,0.256026,0.261832,0.270247,0.275094,0.281457,0.286072,0.287601,0.289082,0.290541,0.296124,0.296137,0.307726,0.312167,0.313248,0.315385,0.317410,0.317439,0.324138,0.324715,0.325529,0.326326,0.326373,0.326420,0.330094,0.332717,
0.235617,0.236107,0.236722,0.238299,0.238649,0.239402,0.240258,0.244937,0.247585,0.247711,0.251960,0.257931,0.258228,0.260887,0.265186,0.265200,0.268580,0.268582,0.268605,0.270172,0.270193,0.279879,0.298829,0.302732,0.304012,0.305755,0.307663,0.314334,0.314454,0.315410,0.317397,0.317432,0.320351,0.324706,0.324714,0.326329,0.327884,0.329371,0.330775,0.332715,
0.235749,0.236652,0.236806,0.239442,0.240262,0.245056,0.245747,0.245824,0.250373,0.256804,0.260166,0.263530,0.265234,0.273470,0.281419,0.281600,0.283060,0.283175,0.289077,0.294763,0.296137,0.296140,0.300225,0.302729,0.306427,0.307637,0.307760,0.308775,0.309999,0.312194,0.317706,0.321529,0.324695,0.326367,0.328649,0.330115,0.332092,0.332093,0.332180,0.332715,
0.000239,0.235673,0.236181,0.236521,0.236800,0.238647,0.242181,0.242247,0.242960,0.243148,0.244342,0.250921,0.256870,0.258172,0.266895,0.278291,0.279937,0.284527,0.287589,0.289025,0.294768,0.298846,0.302721,0.302727,0.303973,0.308775,0.308778,0.308810,0.309923,0.314303,0.315406,0.323927,0.324726,0.326325,0.329346,0.330106,0.330766,0.331462,0.332089,0.332718,
0.001026,0.223130,0.235706,0.240513,0.244215,0.244360,0.248832,0.251154,0.255183,0.255191,0.256929,0.257610,0.261823,0.261828,0.261877,0.262706,0.263532,0.265180,0.270167,0.270247,0.271841,0.275123,0.275150,0.278336,0.279943,0.287578,0.289057,0.297559,0.307593,0.311281,0.314179,0.316389,0.317386,0.317678,0.320309,0.323881,0.324718,0.327884,0.327884,0.332714,
0.235556,0.236570,0.236738,0.238374,0.240277,0.240565,0.245726,0.250898,0.256829,0.261883,0.262201,0.266964,0.270172,0.281460,0.284570,0.287614,0.287623,0.291940,0.291987,0.296149,0.298832,0.302718,0.304015,0.311055,0.313259,0.317418,0.318462,0.321234,0.321237,0.322184,0.326334,0.326348,0.326606,0.327107,0.327133,0.327135,0.330763,0.330769,0.332111,0.332719,
0.235571,0.235767,0.235828,0.235940,0.237423,0.238371,0.240510,0.241728,0.242357,0.244770,0.245798,0.247310,0.251921,0.254082,0.255821,0.261554,0.261841,0.262672,0.262946,0.265270,0.268533,0.273471,0.275089,0.275193,0.279927,0.287654,0.289035,0.296127,0.298849,0.305194,0.306412,0.306419,0.312208,0.322122,0.323869,0.324770,0.325670,0.328661,0.330073,0.332715,
0.223022,0.235945,0.237261,0.237478,0.237515,0.238443,0.240194,0.240277,0.243455,0.244792,0.245843,0.251920,0.257701,0.257949,0.258568,0.261465,0.261791,0.268537,0.287567,0.290522,0.290527,0.296153,0.298818,0.298852,0.311097,0.313264,0.317431,0.321770,0.322130,0.323003,0.323398,0.323873,0.323876,0.326327,0.329390,0.330068,0.330160,0.331607,0.332714,0.333198,
0.235647,0.236204,0.238506,0.238712,0.238966,0.241908,0.242312,0.244778,0.248787,0.253553,0.255186,0.255221,0.257647,0.260187,0.261724,0.261871,0.266867,0.271812,0.275150,0.286182,0.290486,0.290509,0.291998,0.297468,0.301452,0.302711,0.306437,0.307858,0.309915,0.312178,0.313721,0.314307,0.318369,0.324708,0.325538,0.327440,0.328702,0.330841,0.331576,0.332715,
0.222911,0.235800,0.236512,0.237341,0.237455,0.239403,0.240543,0.242964,0.242972,0.243372,0.244318,0.244697,0.247250,0.251896,0.251931,0.251959,0.256863,0.258521,0.261755,0.261844,0.263526,0.263789,0.273603,0.279900,0.279902,0.284575,0.290504,0.293373,0.293386,0.294774,0.305249,0.307611,0.311073,0.318403,0.320450,0.328342,0.329362,0.330073,0.331567,0.332717,
0.223064,0.235505,0.235683,0.235703,0.235734,0.235739,0.236863,0.237928,0.238443,0.238640,0.241687,0.242991,0.251920,0.251933,0.253980,0.255243,0.258087,0.260174,0.261421,0.266870,0.266909,0.278332,0.279919,0.281489,0.281567,0.287626,0.289168,0.290563,0.297476,0.302722,0.309967,0.311054,0.316386,0.317420,0.318415,0.321212,0.323885,0.327907,0.329360,0.332716,
0.235535,0.235631,0.236420,0.236551,0.237416,0.238408,0.238571,0.239342,0.239370,0.239386,0.239418,0.244823,0.245789,0.247291,0.247619,0.250338,0.250941,0.251034,0.255632,0.257911,0.258494,0.260447,0.261516,0.261868,0.265142,0.276735,0.281509,0.290544,0.297499,0.298839,0.302746,0.305204,0.305265,0.305324,0.306432,0.306446,0.318393,0.324697,0.330109,0.332718,
0.235477,0.237441,0.240539,0.240554,0.244400,0.244696,0.244710,0.245755,0.247451,0.247603,0.255202,0.256871,0.256921,0.258691,0.260288,0.263560,0.265225,0.275097,0.276717,0.281473,0.283080,0.289125,0.291946,0.297509,0.300157,0.301488,0.307611,0.308845,0.310219,0.312158,0.314413,0.316597,0.323020,0.325557,0.325987,0.326041,0.327943,0.331434,0.331435,0.332716,
0.235734,0.235811,0.239340,0.240256,0.240434,0.240554,0.242464,0.243312,0.244362,0.244429,0.255427,0.257978,0.260192,0.263538,0.268542,0.270217,0.276725,0.278308,0.286084,0.287555,0.289024,0.289127,0.297513,0.298866,0.301435,0.306405,0.312168,0.312197,0.314329,0.316491,0.317591,0.319338,0.319399,0.324744,0.325529,0.325536,0.326337,0.327162,0.332711,0.332758,
0.222703,0.240400,0.242309,0.244330,0.244698,0.244715,0.245820,0.247613,0.248819,0.250345,0.250374,0.251922,0.255329,0.256852,0.264147,0.268635,0.284541,0.286068,0.289576,0.291966,0.294735,0.294775,0.296155,0.297514,0.298831,0.303977,0.306464,0.316530,0.319346,0.319369,0.319371,0.320353,0.322106,0.322116,0.322146,0.322987,0.323075,0.325537,0.326328,0.332714,
0.235583,0.235911,0.236741,0.237499,0.237536,0.238737,0.239381,0.242314,0.242987,0.250963,0.254536,0.255183,0.258594,0.260153,0.261831,0.262022,0.265180,0.268581,0.278322,0.283035,0.286068,0.287557,0.294770,0.296286,0.298810,0.303982,0.307613,0.309925,0.315381,0.319342,0.322132,0.322993,0.324711,0.329366,0.330930,0.331439,0.332120,0.332418,0.332715,0.332720,
0.001515,0.222982,0.222984,0.235658,0.235764,0.235791,0.237364,0.237404,0.239380,0.241719,0.245772,0.245776,0.245850,0.248795,0.250854,0.258117,0.260789,0.261227,0.261724,0.261846,0.261891,0.265231,0.265304,0.266929,0.271844,0.276712,0.290587,0.294753,0.302723,0.306418,0.313252,0.313441,0.314329,0.315447,0.318378,0.320300,0.322124,0.328657,0.330770,0.332716,
0.235660,0.236465,0.236488,0.236501,0.237515,0.237681,0.238694,0.239162,0.240152,0.240387,0.240544,0.241704,0.247538,0.250865,0.255492,0.257766,0.258793,0.260176,0.262670,0.270217,0.270223,0.275119,0.284514,0.286048,0.286962,0.294758,0.298850,0.300206,0.300432,0.308819,0.311063,0.311167,0.318394,0.322172,0.327116,0.329360,0.330064,0.330070,0.332104,0.332713,
0.235602,0.235806,0.235836,0.235891,0.235993,0.236574,0.238362,0.241791,0.242976,0.244607,0.248772,0.250987,0.253579,0.257810,0.265542,0.268515,0.268548,0.270206,0.272002,0.275236,0.281466,0.284559,0.286231,0.290538,0.292070,0.300192,0.301477,0.306525,0.307602,0.309057,0.314416,0.317411,0.318370,0.319372,0.321228,0.324719,0.327220,0.328018,0.329371,0.332717,
0.000192,0.236731,0.237472,0.238808,0.242290,0.242318,0.243280,0.243335,0.244360,0.244697,0.250983,0.251951,0.253578,0.254513,0.255905,0.256871,0.258005,0.260194,0.261880,0.262959,0.263575,0.270262,0.281450,0.284564,0.284578,0.296349,0.297513,0.305215,0.306416,0.307605,0.308782,0.315369,0.319349,0.324859,0.325545,0.326335,0.327153,0.330760,0.331440,0.332715,
0.000094,0.236042,0.237458,0.238385,0.239387,0.239489,0.242413,0.243017,0.244663,0.245748,0.247255,0.247572,0.248761,0.250757,0.255173,0.258041,0.261229,0.261664,0.263762,0.268529,0.276683,0.283056,0.293760,0.294919,0.295430,0.297534,0.297768,0.299046,0.301434,0.308799,0.314367,0.315339,0.316026,0.320789,0.323171,0.323885,0.326353,0.326356,0.328619,0.332714,
0.222775,0.235923,0.237446,0.240396,0.240526,0.242332,0.243800,0.247636,0.250325,0.251981,0.253549,0.254544,0.255936,0.255969,0.256854,0.263677,0.270483,0.271834,0.275096,0.279930,0.279936,0.281489,0.281529,0.283002,0.293497,0.300195,0.306406,0.308785,0.308991,0.309933,0.312877,0.315361,0.315390,0.318396,0.319342,0.319356,0.320281,0.330068,0.331459,0.332718,
0.235734,0.235881,0.236704,0.237555,0.237562,0.237845,0.239371,0.240479,0.243009,0.243436,0.247737,0.250367,0.250901,0.250902,0.253513,0.255178,0.255806,0.262561,0.265205,0.268493,0.268556,0.271852,0.284537,0.289881,0.291920,0.300162,0.301450,0.304221,0.307730,0.309978,0.318455,0.318525,0.319340,0.320278,0.321206,0.327113,0.330072,0.330766,0.331446,0.332717,
0.235744,0.236811,0.237503,0.240283,0.240365,0.243708,0.245818,0.247557,0.253517,0.254279,0.261333,0.261828,0.262425,0.268544,0.270333,0.270378,0.275124,0.275201,0.278360,0.284555,0.286058,0.289056,0.289085,0.296138,0.300693,0.301522,0.303963,0.307628,0.311068,0.312258,0.316032,0.316403,0.317387,0.317403,0.318392,0.323027,0.327130,0.329353,0.331437,0.332713,
0.235699,0.235745,0.235792,0.236446,0.236558,0.236652,0.238331,0.239824,0.241685,0.243509,0.247356,0.247649,0.247766,0.248782,0.251906,0.260129,0.262472,0.262851,0.266879,0.268532,0.273469,0.283386,0.289088,0.291930,0.292186,0.300159,0.306426,0.307629,0.307656,0.316408,0.318528,0.321409,0.322174,0.323862,0.325544,0.326324,0.326340,0.328643,0.329101,0.332717,
0.235681,0.236469,0.236711,0.237532,0.238629,0.240347,0.240488,0.246182,0.247263,0.247455,0.247873,0.250937,0.251924,0.254292,0.255215,0.255546,0.260212,0.261980,0.262590,0.262755,0.265202,0.268542,0.273843,0.275118,0.283030,0.284709,0.287551,0.289077,0.296799,0.298928,0.307615,0.308804,0.312191,0.312226,0.314319,0.316397,0.316405,0.317476,0.332718,0.332721,
0.004714,0.236754,0.239391,0.240220,0.244806,0.245814,0.247637,0.248733,0.250833,0.251969,0.254388,0.256880,0.258047,0.260225,0.260626,0.261046,0.261235,0.261861,0.261891,0.263528,0.273588,0.281680,0.283007,0.283358,0.293353,0.294793,0.295333,0.296134,0.306422,0.312248,0.320360,0.321205,0.321231,0.323870,0.326350,0.326517,0.327880,0.327936,0.329360,0.332717,
0.235565,0.236218,0.236570,0.240545,0.244861,0.244877,0.244895,0.247553,0.248747,0.251319,0.255729,0.257699,0.260167,0.261480,0.262132,0.262915,0.265209,0.270207,0.271893,0.275128,0.281497,0.283024,0.297782,0.300224,0.301441,0.301561,0.304410,0.306437,0.308792,0.316582,0.318590,0.319378,0.323003,0.326333,0.326551,0.327115,0.332114,0.332115,0.332718,0.332735,
0.000067,0.235758,0.236100,0.236194,0.236790,0.236804,0.237402,0.242369,0.243372,0.245974,0.248773,0.250373,0.250745,0.251018,0.254343,0.254550,0.258454,0.260582,0.261112,0.262386,0.262712,0.265316,0.268575,0.272203,0.281443,0.281473,0.286083,0.290511,0.291949,0.293353,0.301440,0.302737,0.305214,0.307582,0.320331,0.324694,0.328624,0.330253,0.331878,0.332718,
0.222811,0.223332,0.235851,0.236580,0.238434,0.238502,0.239412,0.243571,0.244645,0.247273,0.249083,0.250395,0.250964,0.260188,0.260769,0.261068,0.261923,0.266989,0.270167,0.270363,0.273496,0.276903,0.279922,0.284570,0.289265,0.296111,0.296146,0.298878,0.305209,0.307704,0.312160,0.313271,0.316630,0.323058,0.323882,0.324180,0.324254,0.327920,0.331443,0.332715,
0.001584,0.222795,0.235531,0.235677,0.235972,0.236251,0.236457,0.236538,0.236775,0.237462,0.238417,0.243267,0.245854,0.247308,0.250689,0.251257,0.256841,0.258465,0.258532,0.261300,0.261815,0.268520,0.282998,0.290516,0.293349,0.300219,0.305190,0.311080,0.316394,0.317347,0.317596,0.322104,0.323022,0.324717,0.324743,0.325541,0.327906,0.328628,0.328818,0.332714,
0.222732,0.223056,0.235578,0.235633,0.235945,0.236211,0.236487,0.238665,0.239349,0.240232,0.242514,0.243617,0.245823,0.249898,0.250395,0.250790,0.260144,0.261302,0.262271,0.266870,0.270392,0.284559,0.286084,0.289048,0.289138,0.290518,0.290954,0.294767,0.297528,0.300154,0.300177,0.307621,0.308777,0.314345,0.318366,0.318395,0.324780,0.327123,0.332115,0.332717,
0.003563,0.223043,0.242949,0.243053,0.243269,0.243609,0.244758,0.245234,0.245736,0.255839,0.256806,0.256921,0.257998,0.268538,0.271859,0.276696,0.278337,0.289214,0.293424,0.296205,0.302729,0.303449,0.303964,0.306777,0.311144,0.312178,0.312178,0.313308,0.316503,0.317488,0.318310,0.326325,0.326328,0.326343,0.327925,0.328640,0.329354,0.331442,0.332718,0.332735,
0.236579,0.238588,0.238626,0.238677,0.239354,0.239404,0.240470,0.241806,0.244312,0.244314,0.244334,0.248792,0.250840,0.253572,0.255635,0.256820,0.260769,0.260869,0.261058,0.265211,0.273482,0.274163,0.276746,0.279894,0.281448,0.287553,0.287601,0.288131,0.292789,0.309928,0.314356,0.315409,0.318547,0.319350,0.321779,0.330085,0.330349,0.331449,0.332084,0.332714,
0.236033,0.238575,0.243039,0.247271,0.247557,0.253647,0.254213,0.254400,0.260455,0.261817,0.271913,0.273476,0.273601,0.278530,0.281474,0.281477,0.281515,0.283010,0.284647,0.291942,0.291946,0.291959,0.293375,0.296438,0.297517,0.298839,0.305192,0.306414,0.308781,0.309115,0.309915,0.317392,0.317405,0.322162,0.327127,0.327927,0.328415,0.331433,0.332715,0.332789,
0.000260,0.235672,0.237473,0.238344,0.239578,0.242343,0.243460,0.243829,0.250324,0.251121,0.254269,0.256847,0.256850,0.257833,0.258111,0.260205,0.260908,0.261582,0.261693,0.262623,0.276722,0.278298,0.278325,0.281469,0.284778,0.290508,0.293536,0.300285,0.305188,0.306406,0.308792,0.308811,0.311080,0.312186,0.316406,0.329352,0.329366,0.330068,0.330752,0.332713,
0.235542,0.237463,0.241686,0.241934,0.242986,0.245787,0.250903,0.250970,0.253533,0.254872,0.256825,0.257850,0.268548,0.273548,0.275124,0.281490,0.283062,0.284553,0.291976,0.293613,0.296141,0.301812,0.302713,0.302900,0.305187,0.310589,0.311087,0.314754,0.315369,0.317401,0.318394,0.319352,0.319814,0.320443,0.322022,0.323914,0.326387,0.330757,0.332327,0.332719,
0.235763,0.235947,0.236453,0.238317,0.240514,0.242994,0.242995,0.244788,0.245761,0.247434,0.256844,0.257013,0.260748,0.261780,0.262384,0.262717,0.263095,0.263512,0.266853,0.266870,0.268572,0.271850,0.283013,0.298864,0.300159,0.300159,0.300172,0.305196,0.306447,0.307595,0.308893,0.312179,0.317427,0.318378,0.322139,0.327885,0.330075,0.330751,0.332091,0.332716,
0.004005,0.235595,0.235860,0.235965,0.236158,0.236659,0.236754,0.237365,0.237478,0.238633,0.238696,0.239411,0.240346,0.242336,0.243622,0.247227,0.250849,0.250963,0.253894,0.258816,0.258853,0.263530,0.270210,0.275120,0.279886,0.281528,0.296155,0.297521,0.301453,0.301495,0.315399,0.315797,0.318406,0.319326,0.320270,0.325521,0.330126,0.331105,0.332716,0.332747,
0.223153,0.235602,0.236664,0.236723,0.237282,0.238667,0.243418,0.247270,0.251907,0.255239,0.255867,0.255996,0.260967,0.261137,0.261842,0.263620,0.273244,0.273515,0.275096,0.279985,0.281473,0.283066,0.284581,0.287588,0.290499,0.297501,0.301450,0.305324,0.307739,0.307745,0.311118,0.313277,0.315488,0.317365,0.318385,0.321227,0.322250,0.327138,0.327869,0.332718,
0.235610,0.235660,0.235786,0.235944,0.239326,0.239765,0.240274,0.240356,0.247242,0.247246,0.247311,0.254533,0.254852,0.256056,0.257896,0.260181,0.263063,0.265175,0.276820,0.278309,0.279884,0.281463,0.285073,0.287592,0.289045,0.301453,0.302728,0.303408,0.305193,0.308791,0.312176,0.312181,0.315672,0.316265,0.319352,0.319354,0.323026,0.323092,0.325541,0.332718,
0.236006,0.236590,0.236783,0.238718,0.241709,0.241714,0.243615,0.244331,0.247301,0.251188,0.252055,0.256897,0.261824,0.262260,0.263526,0.269076,0.273461,0.273484,0.279928,0.281464,0.296102,0.301819,0.307765,0.308786,0.308799,0.311087,0.312180,0.314317,0.314396,0.318407,0.323853,0.324705,0.324945,0.327901,0.327911,0.328117,0.330065,0.331448,0.331512,0.332716,
0.235613,0.235689,0.235755,0.235832,0.237048,0.238388,0.240480,0.242374,0.244382,0.254422,0.255183,0.255701,0.265179,0.266918,0.273500,0.275099,0.275126,0.281466,0.281485,0.291953,0.294731,0.296149,0.298816,0.300210,0.304117,0.305221,0.307600,0.307617,0.311082,0.315415,0.316403,0.318132,0.318376,0.320278,0.322983,0.328664,0.331538,0.332086,0.332304,0.332714,
0.235540,0.235758,0.236164,0.236570,0.236718,0.238637,0.238654,0.239342,0.244366,0.247304,0.247467,0.250313,0.250337,0.263563,0.265160,0.266867,0.270212,0.275114,0.275601,0.276753,0.279899,0.287637,0.293360,0.293475,0.294784,0.303982,0.308776,0.308797,0.309927,0.316429,0.316626,0.319331,0.319345,0.322990,0.323845,0.325675,0.326410,0.327112,0.328620,0.332712,
0.000078,0.235467,0.235709,0.236222,0.237298,0.239334,0.242181,0.243281,0.244755,0.245773,0.247652,0.247986,0.248863,0.253589,0.255592,0.256028,0.258010,0.261763,0.262915,0.263570,0.266904,0.268535,0.270209,0.275148,0.276719,0.278305,0.286063,0.290703,0.291940,0.291956,0.293450,0.302765,0.305257,0.306426,0.314318,0.315363,0.319402,0.328654,0.329368,0.332718,
0.236701,0.237375,0.240477,0.240489,0.241709,0.247292,0.250314,0.254309,0.255199,0.261343,0.261499,0.263255,0.265181,0.265197,0.268554,0.271820,0.273472,0.278471,0.284453,0.287593,0.290520,0.296669,0.299505,0.300161,0.300654,0.302750,0.302918,0.303975,0.305205,0.308808,0.313442,0.317505,0.322141,0.324696,0.327139,0.327279,0.327899,0.332171,0.332717,0.333110,
0.236442,0.236508,0.237424,0.237446,0.238354,0.239413,0.244775,0.250376,0.250956,0.251930,0.254562,0.255154,0.256870,0.263567,0.265247,0.284557,0.289035,0.290491,0.297492,0.299035,0.300150,0.302764,0.309931,0.309932,0.314358,0.317393,0.317818,0.318746,0.319346,0.320279,0.320288,0.324331,0.324705,0.325547,0.327175,0.327930,0.329479,0.330781,0.331429,0.332717,
0.236178,0.237385,0.237443,0.237527,0.237589,0.238401,0.238422,0.238755,0.239388,0.240446,0.240530,0.247844,0.248871,0.255226,0.255756,0.256911,0.261828,0.263582,0.266872,0.270194,0.271900,0.281446,0.294746,0.294768,0.305217,0.312266,0.318378,0.318565,0.320320,0.321226,0.323859,0.323860,0.325776,0.326396,0.327115,0.331459,0.331646,0.332087,0.332095,0.332715,
0.006959,0.236585,0.239342,0.239370,0.241746,0.241800,0.243470,0.244328,0.244364,0.244666,0.245906,0.251997,0.258542,0.260230,0.262392,0.270213,0.276731,0.278342,0.278365,0.290516,0.291921,0.293376,0.294753,0.298800,0.300159,0.303980,0.311057,0.311097,0.311265,0.314349,0.319451,0.321223,0.322102,0.322161,0.325548,0.330064,0.330766,0.332153,0.332718,0.332736,
0.235609,0.235627,0.235782,0.235962,0.236809,0.237305,0.243284,0.244866,0.245793,0.245795,0.245843,0.255952,0.256841,0.258081,0.260194,0.262616,0.262736,0.268504,0.287554,0.289078,0.290525,0.291953,0.298813,0.298834,0.301480,0.304001,0.308815,0.311061,0.314332,0.315357,0.323038,0.323702,0.323953,0.326723,0.327103,0.327115,0.327888,0.330114,0.330769,0.332716,
0.235855,0.238467,0.238717,0.240255,0.242364,0.248729,0.251063,0.256930,0.257066,0.260137,0.262703,0.262888,0.266904,0.267326,0.268542,0.271880,0.276713,0.278346,0.279880,0.279895,0.281491,0.284572,0.287555,0.287582,0.290577,0.290588,0.291928,0.292120,0.293489,0.295442,0.297492,0.298817,0.298854,0.298859,0.300179,0.301446,0.314323,0.327133,0.327879,0.332720,
0.235660,0.235772,0.236150,0.245773,0.253522,0.253678,0.257842,0.260441,0.261122,0.261240,0.261781,0.261850,0.261864,0.261880,0.275244,0.276775,0.286112,0.287528,0.289031,0.294835,0.297496,0.298820,0.298848,0.308789,0.313258,0.315359,0.315374,0.316754,0.321212,0.321217,0.322124,0.322128,0.323850,0.323897,0.328636,0.329369,0.330070,0.331442,0.331445,0.332714,
0.000094,0.235698,0.236126,0.236747,0.237469,0.240459,0.242552,0.244678,0.247251,0.247704,0.249052,0.255622,0.256819,0.257807,0.257993,0.261144,0.270213,0.275107,0.275119,0.281486,0.291973,0.300444,0.302778,0.305218,0.307597,0.308770,0.308794,0.308814,0.312171,0.312178,0.313242,0.313272,0.320279,0.323950,0.326334,0.330771,0.330774,0.331430,0.332548,0.332719,
0.001106,0.002104,0.235617,0.239364,0.239374,0.242280,0.244847,0.247340,0.247747,0.247776,0.254719,0.256891,0.257077,0.261934,0.263492,0.265213,0.266841,0.270177,0.271833,0.290561,0.301435,0.301474,0.303022,0.305203,0.307618,0.307642,0.309940,0.313249,0.315378,0.315430,0.319486,0.322999,0.324146,0.325584,0.328625,0.328628,0.329355,0.330578,0.330760,0.332715,
0.236320,0.236542,0.238318,0.238353,0.241701,0.241736,0.244822,0.250332,0.254537,0.257930,0.261239,0.261820,0.262624,0.262711,0.266875,0.270200,0.271844,0.271904,0.281439,0.290507,0.293355,0.296209,0.300298,0.301430,0.302734,0.304010,0.304018,0.305224,0.313254,0.316553,0.317409,0.319359,0.319573,0.322107,0.322994,0.329117,0.330261,0.331456,0.332086,0.332716,
0.235537,0.235751,0.235773,0.235972,0.238441,0.239408,0.240538,0.243040,0.243661,0.244364,0.248782,0.250788,0.251128,0.257048,0.262993,0.263548,0.268553,0.271827,0.273476,0.275502,0.279907,0.286207,0.293353,0.294763,0.297531,0.303991,0.307623,0.308784,0.311071,0.311167,0.315381,0.316406,0.319338,0.322107,0.323054,0.329351,0.329474,0.330069,0.331439,0.332716,
0.236182,0.236199,0.236278,0.236715,0.238655,0.240289,0.240513,0.247311,0.247764,0.250382,0.258024,0.258265,0.261078,0.265198,0.266845,0.268541,0.279888,0.281530,0.281540,0.293496,0.294763,0.296136,0.297558,0.297877,0.301478,0.302755,0.308782,0.309955,0.312174,0.312184,0.313292,0.317384,0.318406,0.324695,0.325546,0.326262,0.326543,0.327211,0.332102,0.332720,
0.235599,0.235697,0.238693,0.238824,0.239414,0.241714,0.242394,0.242547,0.243205,0.244369,0.244704,0.248824,0.252058,0.255648,0.255780,0.256823,0.257565,0.260505,0.262575,0.268628,0.270187,0.271842,0.273488,0.278318,0.284586,0.284591,0.289185,0.293365,0.296149,0.305201,0.305224,0.313254,0.314390,0.314622,0.317474,0.317714,0.326371,0.327875,0.332714,0.332750,
0.235760,0.235824,0.238327,0.240342,0.240496,0.240660,0.243338,0.244874,0.246291,0.250300,0.250426,0.250863,0.253568,0.255961,0.258477,0.260183,0.268556,0.268556,0.268619,0.271829,0.271878,0.273460,0.276960,0.283027,0.297530,0.298899,0.302771,0.308787,0.311061,0.313256,0.318388,0.320320,0.321215,0.322999,0.323294,0.325676,0.326714,0.332087,0.332245,0.332718,
0.223118,0.236666,0.237385,0.238758,0.240352,0.241040,0.244913,0.247456,0.247874,0.248779,0.250443,0.250883,0.253597,0.254000,0.255225,0.255683,0.260146,0.266891,0.271837,0.271851,0.271950,0.286063,0.286085,0.287559,0.290525,0.297510,0.297520,0.298846,0.303967,0.314318,0.315367,0.316416,0.316424,0.326317,0.326334,0.326340,0.326871,0.329363,0.332155,0.332717,
0.235708,0.236221,0.236703,0.236738,0.237483,0.238412,0.239317,0.242322,0.243075,0.243613,0.247223,0.247371,0.251943,0.254415,0.255177,0.255819,0.255841,0.260176,0.264051,0.266853,0.266885,0.276724,0.284564,0.284730,0.286183,0.289069,0.293587,0.303965,0.303989,0.310004,0.311057,0.311101,0.313418,0.318391,0.322993,0.325537,0.325597,0.326361,0.332719,0.332933,
0.236481,0.238342,0.238664,0.240214,0.242993,0.244821,0.244870,0.245784,0.247797,0.247981,0.253548,0.256869,0.256894,0.258190,0.258245,0.258509,0.260231,0.261285,0.261998,0.265264,0.273479,0.283060,0.284601,0.293357,0.307137,0.308807,0.312217,0.314321,0.314917,0.317384,0.318383,0.321264,0.325522,0.326381,0.329364,0.330100,0.331439,0.331449,0.332115,0.332719,
0.235867,0.236730,0.237461,0.238371,0.238598,0.238623,0.238718,0.244333,0.247265,0.250358,0.253580,0.255192,0.255373,0.257860,0.257896,0.260171,0.261104,0.261451,0.262325,0.266870,0.266875,0.275128,0.275216,0.283010,0.286346,0.291931,0.298858,0.300196,0.302706,0.307606,0.309037,0.316386,0.317420,0.318557,0.327113,0.327908,0.330096,0.332716,0.332717,0.332727,
0.223276,0.238673,0.238673,0.239371,0.242268,0.242320,0.243653,0.243719,0.244351,0.247276,0.253568,0.254305,0.255203,0.255894,0.256837,0.256861,0.261852,0.261887,0.265217,0.271845,0.273499,0.275111,0.275363,0.286136,0.291976,0.298831,0.300423,0.310060,0.317485,0.319410,0.322121,0.322997,0.323865,0.328215,0.330133,0.332091,0.332717,0.332718,0.332753,0.332999,
0.000067,0.235551,0.235911,0.237508,0.238292,0.238892,0.239337,0.239388,0.240465,0.243586,0.244321,0.244610,0.247386,0.250350,0.250350,0.251938,0.254626,0.260193,0.262804,0.268555,0.271808,0.275071,0.285193,0.286021,0.289035,0.297749,0.301031,0.308784,0.313274,0.314301,0.318394,0.318405,0.323859,0.323914,0.327934,0.328038,0.328669,0.330086,0.330610,0.332718,
0.235614,0.236824,0.237330,0.237355,0.237439,0.238401,0.240456,0.240506,0.241541,0.241677,0.241685,0.241697,0.247979,0.250374,0.251951,0.251951,0.252094,0.253594,0.265214,0.270194,0.273513,0.275154,0.278918,0.279877,0.279885,0.281424,0.284717,0.287565,0.300207,0.300260,0.302736,0.314363,0.318378,0.322086,0.323863,0.324864,0.327137,0.329418,0.330141,0.332711,
0.235791,0.235970,0.236461,0.236695,0.238286,0.238675,0.240290,0.240340,0.241691,0.243004,0.245792,0.255676,0.256879,0.262744,0.262924,0.270268,0.273509,0.275120,0.279945,0.279973,0.281468,0.290491,0.294783,0.301450,0.305232,0.307608,0.307630,0.309960,0.309997,0.313285,0.314317,0.315446,0.319361,0.323855,0.323862,0.325519,0.325530,0.326325,0.331496,0.332716,
