0.000000,0.000000,0.000000,0.000000,0.000000,0.000000,0.000000,0.000000,0.000000,0.000000,0.000000,0.000000,0.000000,0.000000,0.000000,0.000000,0.000000,0.000000,0.000000,0.000000,0.000000,0.000000,0.000000,0.000000,0.000000,0.000000,0.000000,0.000000,0.000000,0.000000,0.000000,0.000000,0.000000,0.000000,0.000000,0.000000,0.000000,0.000000,0.000000,0.000000,
0.000000,0.222683,0.238193,0.239448,0.242798,0.244171,0.246917,0.250020,0.255711,0.256228,0.259711,0.261484,0.262854,0.264788,0.268186,0.273142,0.276440,0.276533,0.282838,0.282915,0.284398,0.284424,0.289080,0.291918,0.291953,0.293639,0.301947,0.305645,0.309494,0.309495,0.311801,0.312946,0.315201,0.316373,0.318517,0.318526,0.320711,0.324397,0.325307,0.329774,
0.235558,0.235635,0.236182,0.236728,0.237523,0.238360,0.238380,0.243641,0.244716,0.254784,0.255143,0.270227,0.275099,0.278310,0.281497,0.283036,0.286071,0.289044,0.290523,0.293365,0.296138,0.298854,0.300155,0.306419,0.308172,0.310054,0.313249,0.313275,0.313294,0.314711,0.318356,0.322989,0.322994,0.324702,0.327114,0.328881,0.329362,0.331972,0.332117,0.332735,
0.235455,0.236398,0.236792,0.237426,0.237546,0.239418,0.243028,0.244390,0.244819,0.247836,0.251948,0.254579,0.258493,0.260871,0.261901,0.262590,0.263544,0.265163,0.267516,0.268566,0.271853,0.271913,0.273503,0.275116,0.283084,0.286094,0.289043,0.296119,0.304034,0.305360,0.307623,0.314315,0.315368,0.319339,0.319385,0.322113,0.322127,0.323009,0.325517,0.332718,
0.000413,0.235627,0.235722,0.236574,0.237498,0.237500,0.238360,0.240251,0.243732,0.244492,0.247218,0.247286,0.247707,0.250876,0.255728,0.256774,0.260194,0.261909,0.265246,0.266845,0.266870,0.266918,0.271845,0.272120,0.278333,0.287608,0.298858,0.300148,0.315391,0.317393,0.317788,0.320463,0.321201,0.323843,0.325529,0.325584,0.329370,0.330098,0.332153,0.332717,
0.222797,0.222939,0.235725,0.235908,0.235917,0.236512,0.242965,0.244781,0.244838,0.245838,0.247259,0.248851,0.251911,0.253570,0.255267,0.257844,0.261836,0.266868,0.270209,0.271840,0.273554,0.278351,0.281448,0.283033,0.294777,0.296118,0.307609,0.308810,0.312227,0.314389,0.319364,0.320289,0.322550,0.322794,0.325520,0.326352,0.326358,0.327892,0.330267,0.332717,
0.000185,0.235640,0.235693,0.235801,0.235951,0.236199,0.238522,0.239086,0.239390,0.240393,0.242330,0.243051,0.243559,0.245734,0.247711,0.248769,0.248808,0.251916,0.257766,0.258527,0.261842,0.262328,0.265304,0.266959,0.287556,0.290490,0.292198,0.294777,0.301508,0.307719,0.308784,0.312157,0.313210,0.322988,0.323862,0.328672,0.330058,0.331463,0.332717,0.333768,
0.235559,0.235614,0.235817,0.236778,0.237337,0.237453,0.238417,0.239573,0.241042,0.243339,0.245807,0.248775,0.248880,0.250341,0.250903,0.251982,0.253524,0.256876,0.257000,0.258034,0.258516,0.263546,0.278319,0.281444,0.281472,0.284575,0.294750,0.296112,0.298995,0.307632,0.307978,0.309944,0.312212,0.315349,0.316451,0.320350,0.324133,0.328762,0.332094,0.332715,
0.222986,0.223015,0.240453,0.242981,0.244415,0.245844,0.250771,0.253518,0.253529,0.254316,0.256842,0.258465,0.261617,0.262824,0.262975,0.265246,0.271833,0.271842,0.273555,0.278331,0.281750,0.289040,0.300185,0.300787,0.303986,0.304006,0.312181,0.314390,0.314415,0.315554,0.319356,0.322978,0.327110,0.327915,0.328738,0.330100,0.332101,0.332717,0.332721,0.332777,
0.005978,0.223001,0.223005,0.236244,0.236517,0.236564,0.238512,0.239325,0.239752,0.242289,0.248778,0.251196,0.251947,0.252236,0.254409,0.254656,0.256830,0.257732,0.258509,0.261619,0.268576,0.279929,0.286078,0.296165,0.300143,0.301437,0.304001,0.306396,0.307631,0.313266,0.314365,0.317409,0.318392,0.324728,0.326319,0.328635,0.328639,0.331746,0.332085,0.332722,
0.000082,0.000145,0.236221,0.236429,0.236718,0.239353,0.242470,0.247817,0.251892,0.253568,0.255215,0.258033,0.258083,0.258545,0.260146,0.261387,0.262410,0.265158,0.265186,0.265391,0.266930,0.273656,0.276700,0.278334,0.283051,0.283810,0.284575,0.286161,0.293390,0.310101,0.317455,0.318370,0.321238,0.327365,0.328265,0.328624,0.330757,0.331422,0.332085,0.332714,
0.235920,0.239580,0.241653,0.242332,0.244996,0.248444,0.248776,0.254087,0.255772,0.255870,0.256401,0.260670,0.261392,0.262406,0.263000,0.268529,0.271840,0.273496,0.279937,0.291942,0.294778,0.296116,0.301823,0.305186,0.308773,0.308844,0.311072,0.313253,0.316443,0.320302,0.323002,0.323890,0.325712,0.327877,0.329372,0.330156,0.330756,0.332286,0.332718,0.332733,
0.235584,0.235771,0.237494,0.237967,0.239350,0.239485,0.239506,0.244339,0.247220,0.247791,0.250987,0.251929,0.253582,0.256845,0.261264,0.262207,0.272146,0.278753,0.280044,0.281453,0.283049,0.287627,0.293396,0.293866,0.300117,0.300158,0.300163,0.305189,0.308771,0.315406,0.318373,0.325536,0.327111,0.328636,0.329920,0.331430,0.332097,0.332713,0.332724,0.332829,
0.235713,0.236549,0.236573,0.236736,0.238370,0.239381,0.240361,0.241733,0.244779,0.250809,0.253550,0.255213,0.256853,0.262327,0.265373,0.268526,0.270190,0.270246,0.291933,0.296133,0.296175,0.302746,0.305203,0.309901,0.315425,0.316402,0.318378,0.318381,0.320283,0.321246,0.323003,0.323015,0.325559,0.327880,0.329429,0.329435,0.331236,0.331466,0.331474,0.332716,
0.000085,0.000583,0.235627,0.235753,0.236755,0.238322,0.238428,0.240346,0.247244,0.251976,0.254924,0.260922,0.261577,0.270397,0.283030,0.283038,0.283393,0.287551,0.289139,0.293352,0.293419,0.296169,0.296306,0.301467,0.305270,0.305328,0.311095,0.318390,0.319353,0.321218,0.322116,0.322129,0.322158,0.322980,0.322998,0.324797,0.327112,0.329389,0.330078,0.332717,
0.000387,0.235522,0.235789,0.235949,0.235966,0.237567,0.238647,0.240381,0.247274,0.250627,0.250871,0.253653,0.255221,0.257697,0.261853,0.262610,0.263569,0.265229,0.269838,0.276529,0.277142,0.284579,0.286084,0.287573,0.289086,0.293362,0.294784,0.300156,0.306519,0.308794,0.312167,0.319329,0.320295,0.320323,0.321216,0.321217,0.323047,0.324689,0.331505,0.332720,
0.235631,0.236575,0.239376,0.239387,0.242999,0.245738,0.247734,0.250838,0.251013,0.253079,0.253528,0.255183,0.256868,0.261834,0.262439,0.273710,0.275082,0.275177,0.278309,0.278675,0.279911,0.284546,0.287600,0.290716,0.294751,0.294768,0.298863,0.303978,0.313250,0.318375,0.319470,0.320321,0.321235,0.322240,0.323095,0.323883,0.326330,0.332087,0.332715,0.332719,
0.235453,0.235594,0.235630,0.235825,0.235921,0.238411,0.238419,0.238643,0.238695,0.240204,0.240300,0.242334,0.244358,0.245803,0.245897,0.247251,0.247275,0.250342,0.250410,0.253744,0.256852,0.261855,0.262797,0.266883,0.266893,0.275094,0.275113,0.277057,0.279921,0.287560,0.292125,0.293378,0.294747,0.302705,0.303988,0.320294,0.330756,0.332104,0.332715,0.332747,
0.235916,0.235944,0.236390,0.237443,0.238569,0.240457,0.241647,0.247669,0.255255,0.256813,0.256878,0.256887,0.258495,0.260179,0.261860,0.268596,0.270234,0.286058,0.286112,0.289130,0.290497,0.300295,0.301419,0.305219,0.307634,0.311201,0.312229,0.315362,0.318396,0.319426,0.321230,0.322124,0.325547,0.325559,0.326359,0.331443,0.332715,0.332729,0.332741,0.332864,
0.222921,0.236041,0.236159,0.237440,0.238368,0.238694,0.245778,0.251126,0.254429,0.255791,0.261442,0.261819,0.263573,0.270187,0.281466,0.281568,0.287556,0.291903,0.297499,0.298840,0.302733,0.304012,0.304016,0.304059,0.307601,0.309938,0.310122,0.311054,0.312165,0.316407,0.321206,0.323863,0.323896,0.324779,0.325569,0.327112,0.330754,0.332147,0.332718,0.332852,
0.000066,0.000180,0.223222,0.235692,0.236751,0.237613,0.241705,0.242943,0.242958,0.248784,0.251911,0.255195,0.255835,0.256833,0.266842,0.273478,0.278305,0.286053,0.291973,0.296148,0.297712,0.301010,0.301417,0.301433,0.309925,0.312164,0.313249,0.315376,0.316395,0.317503,0.318581,0.319342,0.320276,0.321288,0.324724,0.325524,0.331490,0.331503,0.332105,0.332717,
0.007384,0.238672,0.240116,0.247262,0.247303,0.248744,0.249900,0.253512,0.253576,0.254336,0.255270,0.255346,0.256849,0.273495,0.276696,0.279889,0.287589,0.294757,0.296146,0.297474,0.297502,0.298823,0.305210,0.307638,0.309461,0.312155,0.313250,0.316390,0.316418,0.320275,0.320342,0.323075,0.323863,0.325552,0.327115,0.327958,0.328636,0.330762,0.331434,0.332716,
0.222847,0.235542,0.235885,0.236812,0.237413,0.238348,0.238552,0.240478,0.240573,0.242159,0.244811,0.244928,0.250301,0.250773,0.261236,0.263535,0.263576,0.275084,0.281473,0.284572,0.287562,0.289065,0.297477,0.301441,0.301492,0.304007,0.305437,0.306448,0.311086,0.315345,0.317421,0.321214,0.324699,0.324710,0.325258,0.325515,0.330760,0.330766,0.331438,0.332717,
0.235607,0.235942,0.237446,0.238664,0.245901,0.247256,0.247313,0.247608,0.247627,0.248815,0.248870,0.253543,0.253634,0.258476,0.261846,0.262732,0.262828,0.268575,0.268589,0.268732,0.270189,0.276738,0.279912,0.292396,0.298842,0.306425,0.307632,0.312168,0.319323,0.320303,0.323907,0.325523,0.327293,0.327944,0.328619,0.330446,0.330843,0.330881,0.332717,0.332718,
0.000654,0.235590,0.236056,0.236741,0.236753,0.238404,0.239397,0.242542,0.243236,0.248817,0.250610,0.253581,0.253707,0.254310,0.265213,0.271881,0.278358,0.281559,0.283017,0.287583,0.290495,0.291933,0.291945,0.292001,0.297505,0.301603,0.306506,0.311051,0.313266,0.314323,0.314343,0.315393,0.317390,0.318407,0.318747,0.323895,0.326423,0.328621,0.329352,0.332718,
0.235599,0.236450,0.237360,0.237441,0.237446,0.238604,0.238992,0.240499,0.242408,0.242965,0.245801,0.247281,0.250958,0.255782,0.266867,0.270201,0.271847,0.273434,0.273462,0.274802,0.276721,0.287642,0.289293,0.293336,0.305219,0.307613,0.308778,0.308808,0.311058,0.311074,0.318385,0.319352,0.324712,0.325519,0.327119,0.327885,0.329388,0.330171,0.331509,0.332719,
0.001578,0.235892,0.237447,0.238322,0.241656,0.242965,0.243479,0.243619,0.245955,0.251106,0.253568,0.254499,0.254567,0.256857,0.256860,0.258508,0.260184,0.260187,0.260197,0.260220,0.262741,0.273624,0.275124,0.281492,0.283014,0.289054,0.289060,0.289121,0.290501,0.291933,0.293374,0.298944,0.301543,0.303985,0.324413,0.324704,0.324761,0.326387,0.332097,0.332714,
0.000180,0.222970,0.222994,0.223108,0.235547,0.235766,0.236182,0.237235,0.237433,0.245829,0.245871,0.247401,0.248765,0.253547,0.254442,0.254456,0.255218,0.255359,0.256832,0.258048,0.260932,0.261055,0.261877,0.262484,0.263528,0.270411,0.276702,0.296355,0.297485,0.301465,0.303984,0.305235,0.308786,0.311090,0.317425,0.323028,0.326330,0.327123,0.331517,0.332717,
0.235714,0.236162,0.236215,0.241646,0.242591,0.242985,0.243365,0.243770,0.247274,0.247310,0.247811,0.250543,0.250569,0.260176,0.260980,0.265243,0.267187,0.273476,0.275086,0.281460,0.287569,0.297571,0.300154,0.300194,0.302729,0.303995,0.307604,0.309971,0.310242,0.315259,0.315407,0.317441,0.320370,0.322143,0.326440,0.327346,0.328931,0.332162,0.332715,0.333703,
0.222963,0.235891,0.236136,0.236208,0.236516,0.237439,0.240246,0.242396,0.243523,0.244467,0.250789,0.253524,0.255177,0.255845,0.261306,0.261834,0.262803,0.263536,0.265190,0.276708,0.278593,0.279892,0.281517,0.283024,0.287587,0.291135,0.300150,0.300154,0.300220,0.312181,0.316399,0.321212,0.322182,0.323024,0.325709,0.326326,0.330080,0.331642,0.332124,0.332716,
0.222800,0.235624,0.237836,0.242976,0.244959,0.250949,0.255235,0.255713,0.255762,0.255814,0.260751,0.266858,0.268536,0.271955,0.271963,0.276720,0.281463,0.284523,0.291264,0.293369,0.297569,0.302757,0.306486,0.308798,0.312171,0.312195,0.312207,0.312211,0.315449,0.319342,0.320496,0.323850,0.328630,0.328656,0.329349,0.331829,0.332105,0.332210,0.332716,0.332721,
0.235641,0.235990,0.236294,0.236747,0.237432,0.241650,0.242296,0.242410,0.242528,0.243601,0.248817,0.250417,0.253540,0.253824,0.256852,0.258501,0.261541,0.262923,0.263572,0.268580,0.271862,0.293515,0.296131,0.297515,0.307609,0.308796,0.309930,0.312166,0.315339,0.318398,0.320277,0.320279,0.322111,0.322984,0.325543,0.330616,0.330636,0.332077,0.332713,0.332715,
0.223030,0.235688,0.235952,0.236721,0.237285,0.239422,0.240451,0.240538,0.242998,0.243813,0.253576,0.253736,0.254394,0.254591,0.254626,0.261852,0.261897,0.263519,0.296568,0.298855,0.300234,0.301424,0.301442,0.301449,0.302738,0.302748,0.302787,0.304015,0.307594,0.315395,0.318382,0.320273,0.321597,0.322798,0.323855,0.327893,0.328636,0.332094,0.332105,0.332714,
0.222999,0.235682,0.236169,0.243853,0.244755,0.247828,0.250383,0.252514,0.255955,0.260168,0.266866,0.268930,0.271892,0.283024,0.283098,0.284517,0.291929,0.294750,0.298834,0.298841,0.301442,0.301456,0.302707,0.302837,0.303972,0.304019,0.305213,0.305474,0.308771,0.312413,0.315370,0.321244,0.324712,0.327878,0.327921,0.329358,0.330105,0.332717,0.332783,0.332797,
0.223403,0.235541,0.235866,0.236163,0.237551,0.244373,0.244724,0.250415,0.254377,0.257831,0.260182,0.261299,0.261508,0.270198,0.273488,0.278305,0.279888,0.281465,0.281615,0.284544,0.284581,0.290482,0.291912,0.296158,0.297496,0.297510,0.307613,0.309923,0.311076,0.314317,0.314325,0.315371,0.316405,0.317400,0.322115,0.323849,0.327880,0.331431,0.332714,0.332760,
0.223189,0.235874,0.236670,0.240820,0.242959,0.247388,0.247479,0.247503,0.248781,0.255675,0.261043,0.262476,0.266950,0.268548,0.270169,0.270180,0.276811,0.284550,0.288431,0.290510,0.291934,0.301460,0.302710,0.303991,0.305241,0.309929,0.312173,0.314326,0.315336,0.316389,0.319337,0.321523,0.322124,0.322131,0.325521,0.325546,0.328625,0.330156,0.332090,0.332715,
0.235567,0.235902,0.235938,0.236288,0.236722,0.237381,0.238310,0.240096,0.240512,0.245821,0.247782,0.251933,0.252001,0.252283,0.252349,0.254484,0.256943,0.258531,0.260966,0.261821,0.263570,0.265193,0.266850,0.266858,0.266872,0.268973,0.270205,0.281552,0.297483,0.298852,0.313299,0.316388,0.319326,0.323868,0.325535,0.325542,0.327865,0.327895,0.332090,0.332716,
0.223246,0.235681,0.236083,0.236754,0.236792,0.244829,0.247287,0.248794,0.250406,0.251955,0.255889,0.257951,0.261348,0.261734,0.261848,0.261893,0.261895,0.263560,0.266914,0.270184,0.270273,0.281549,0.284554,0.287541,0.287566,0.287594,0.293401,0.296134,0.300158,0.301451,0.308973,0.313244,0.313272,0.313298,0.317395,0.319482,0.323025,0.324957,0.327187,0.332714,
0.235493,0.235572,0.235857,0.236138,0.236169,0.236174,0.237012,0.237458,0.238320,0.238710,0.241707,0.243777,0.244391,0.248773,0.251936,0.253520,0.253591,0.254323,0.255239,0.257726,0.258217,0.258518,0.262610,0.271849,0.283005,0.283111,0.286060,0.290969,0.300147,0.300154,0.305200,0.308773,0.311320,0.312159,0.312190,0.312207,0.316393,0.328658,0.332716,0.332768,
0.236788,0.237436,0.238394,0.242332,0.243602,0.243806,0.244417,0.244834,0.245739,0.245951,0.247758,0.250376,0.250820,0.253528,0.254566,0.257869,0.261640,0.273505,0.275096,0.279892,0.281459,0.281744,0.289042,0.293446,0.296390,0.301494,0.301516,0.303987,0.304011,0.306429,0.307650,0.317459,0.322174,0.322804,0.322993,0.323883,0.326365,0.328638,0.330097,0.332717,
0.222785,0.235552,0.236062,0.236276,0.236427,0.238418,0.238780,0.240242,0.243014,0.247252,0.250372,0.250449,0.250819,0.258570,0.263497,0.294751,0.298835,0.298872,0.301432,0.301456,0.302727,0.304005,0.308761,0.308788,0.309954,0.309976,0.311090,0.316412,0.317406,0.319619,0.323860,0.325764,0.326320,0.328308,0.328678,0.329569,0.332142,0.332716,0.332719,0.332724,
0.004623,0.235801,0.238686,0.239370,0.242979,0.243025,0.245803,0.250274,0.250334,0.251925,0.251966,0.253529,0.253574,0.255210,0.255211,0.255807,0.257772,0.261917,0.263546,0.271868,0.281467,0.286069,0.287647,0.290538,0.296116,0.298826,0.305220,0.307647,0.311166,0.324700,0.324704,0.326363,0.326363,0.326479,0.327119,0.327151,0.327289,0.329361,0.330071,0.332722,
0.222981,0.235908,0.236744,0.237354,0.237480,0.239375,0.241660,0.242988,0.250374,0.253557,0.255702,0.260699,0.262515,0.265201,0.265202,0.273472,0.273473,0.276744,0.279930,0.281488,0.283009,0.284571,0.286315,0.290506,0.290512,0.293420,0.294797,0.297504,0.309959,0.311120,0.317385,0.323854,0.323857,0.324689,0.324698,0.327931,0.327953,0.330072,0.331442,0.332714,
0.235538,0.236711,0.237370,0.239393,0.242313,0.243067,0.243420,0.243437,0.243658,0.244745,0.247283,0.253566,0.253592,0.254554,0.254637,0.255191,0.255494,0.267634,0.273468,0.278320,0.279872,0.280009,0.281448,0.283013,0.286084,0.291930,0.294765,0.302714,0.314862,0.315365,0.315387,0.319404,0.320282,0.320302,0.320345,0.322144,0.330182,0.331484,0.332083,0.332720,
0.235761,0.236239,0.236471,0.240271,0.240405,0.243522,0.243629,0.244352,0.247431,0.248775,0.248780,0.250365,0.250758,0.252529,0.257997,0.261304,0.261836,0.265197,0.265202,0.270200,0.270215,0.271833,0.273493,0.278374,0.283143,0.286056,0.289020,0.298890,0.312175,0.312871,0.314392,0.318404,0.321216,0.324006,0.324737,0.325509,0.325545,0.329360,0.332074,0.332719,
0.223029,0.235745,0.236470,0.240166,0.240474,0.240502,0.242982,0.258545,0.260282,0.261356,0.261428,0.261824,0.263520,0.268542,0.270439,0.271832,0.273539,0.278521,0.279903,0.279903,0.289039,0.291964,0.296861,0.300153,0.301469,0.302769,0.308814,0.309935,0.313265,0.315403,0.316072,0.317422,0.317438,0.320262,0.322126,0.327112,0.329661,0.331456,0.332087,0.332722,
0.223323,0.235592,0.235616,0.235630,0.235932,0.236189,0.237423,0.240293,0.243032,0.243815,0.248758,0.248780,0.251011,0.254399,0.254435,0.255220,0.258900,0.261863,0.261887,0.273483,0.273503,0.275084,0.284523,0.296159,0.297004,0.297477,0.298859,0.302848,0.305264,0.312176,0.316479,0.317404,0.318433,0.322115,0.322997,0.323870,0.324708,0.331480,0.332086,0.332717,
0.222893,0.235843,0.236518,0.237512,0.239376,0.240512,0.243170,0.243557,0.244309,0.244413,0.244885,0.244953,0.245806,0.245826,0.247279,0.247305,0.247610,0.248765,0.250347,0.255684,0.255774,0.256840,0.257937,0.260202,0.260401,0.261483,0.263525,0.268521,0.271803,0.271902,0.273491,0.278336,0.284554,0.289036,0.312400,0.316386,0.321231,0.330067,0.330846,0.332716,
0.235540,0.235610,0.235811,0.236072,0.240301,0.240471,0.250986,0.252561,0.254290,0.258462,0.258505,0.260183,0.261861,0.265254,0.270198,0.274114,0.279891,0.286073,0.287575,0.289081,0.290759,0.293357,0.296713,0.303979,0.303989,0.305393,0.307672,0.312169,0.313100,0.316952,0.320473,0.323014,0.325988,0.326375,0.329395,0.329401,0.329540,0.330805,0.332715,0.332769,
0.235546,0.236362,0.236517,0.238864,0.240509,0.241652,0.242964,0.243275,0.243617,0.247283,0.247425,0.255341,0.256868,0.258515,0.260163,0.261822,0.265192,0.266853,0.268527,0.270228,0.275119,0.281494,0.291962,0.294839,0.298825,0.301442,0.304215,0.305219,0.307616,0.308796,0.314355,0.315359,0.316404,0.316599,0.318387,0.318399,0.323000,0.327124,0.328617,0.332714,
0.236114,0.236704,0.237440,0.238607,0.238672,0.238730,0.241712,0.242308,0.243349,0.243420,0.243862,0.244390,0.247702,0.248798,0.251116,0.253600,0.254432,0.255194,0.261147,0.262003,0.263514,0.266943,0.268545,0.268555,0.275163,0.276723,0.283006,0.286062,0.289050,0.294808,0.296150,0.302735,0.303975,0.306427,0.308787,0.313258,0.317403,0.327109,0.331482,0.332714,
0.238443,0.238753,0.242507,0.243056,0.243543,0.245815,0.245825,0.250372,0.251092,0.253570,0.253595,0.260169,0.265778,0.267053,0.270481,0.284540,0.293374,0.297508,0.298197,0.302842,0.305203,0.307618,0.308768,0.312235,0.317429,0.317444,0.319379,0.320286,0.322235,0.323894,0.323908,0.324706,0.325545,0.325556,0.326352,0.328816,0.330094,0.331432,0.331460,0.332715,
0.223118,0.237514,0.238612,0.241690,0.244354,0.245799,0.247271,0.247600,0.250328,0.250347,0.251918,0.251937,0.258509,0.261555,0.261876,0.261893,0.265216,0.265224,0.278534,0.281439,0.284535,0.289052,0.289061,0.290517,0.293322,0.296191,0.296811,0.302733,0.303996,0.306440,0.308773,0.311182,0.313285,0.315362,0.315371,0.315382,0.316390,0.320308,0.327181,0.332713,
0.235904,0.236450,0.236734,0.237379,0.238390,0.238617,0.240508,0.244502,0.250381,0.255210,0.255600,0.257246,0.261009,0.262261,0.265177,0.276722,0.284558,0.286067,0.291984,0.294782,0.297501,0.300175,0.303984,0.305213,0.307589,0.307634,0.307642,0.313252,0.314325,0.316425,0.317398,0.317442,0.318377,0.319332,0.320278,0.326333,0.332087,0.332715,0.332747,0.332750,
0.005696,0.236503,0.243028,0.243670,0.244731,0.244741,0.244964,0.253562,0.255169,0.257822,0.262553,0.266854,0.266858,0.266883,0.275122,0.276764,0.278286,0.281521,0.283015,0.287561,0.293350,0.294771,0.303041,0.303976,0.305223,0.305342,0.306419,0.306451,0.311144,0.312202,0.312709,0.314320,0.319348,0.320301,0.321275,0.327878,0.328616,0.329357,0.330070,0.332716,
0.223021,0.235574,0.235849,0.236761,0.237512,0.238296,0.238626,0.238637,0.239385,0.240217,0.240499,0.242225,0.243413,0.247293,0.248797,0.248809,0.254253,0.254584,0.261870,0.273472,0.279903,0.284540,0.284570,0.286026,0.286062,0.290539,0.297780,0.299233,0.306421,0.314326,0.315373,0.318547,0.320278,0.320287,0.321214,0.323047,0.324729,0.329294,0.332121,0.332718,
0.236004,0.236177,0.238359,0.238813,0.242295,0.243541,0.243841,0.250863,0.252030,0.254670,0.257916,0.258287,0.258512,0.260870,0.261135,0.261703,0.261931,0.266910,0.271857,0.283030,0.283045,0.284553,0.284562,0.289158,0.297517,0.298867,0.309943,0.311800,0.312203,0.312301,0.316447,0.322120,0.323922,0.324950,0.325528,0.327112,0.329371,0.330080,0.330317,0.332716,
0.237487,0.239342,0.240457,0.240527,0.240530,0.242406,0.243681,0.244393,0.245808,0.247887,0.250715,0.251921,0.254619,0.256047,0.256093,0.256825,0.257082,0.257700,0.258091,0.258521,0.258780,0.260164,0.266897,0.270185,0.278372,0.287549,0.289114,0.294797,0.296366,0.300170,0.301678,0.301896,0.316462,0.319327,0.325016,0.328631,0.328933,0.330771,0.331444,0.332715,
0.235692,0.236176,0.236214,0.236325,0.236593,0.242093,0.252056,0.253565,0.254461,0.255774,0.257808,0.261043,0.262169,0.265214,0.268530,0.275121,0.281499,0.282993,0.283042,0.287560,0.287574,0.291972,0.293361,0.295429,0.300151,0.301502,0.305448,0.307647,0.312753,0.313261,0.314320,0.314619,0.320267,0.325532,0.327152,0.329425,0.331439,0.332119,0.332716,0.332749,
0.000191,0.235547,0.235621,0.236071,0.236146,0.236512,0.237295,0.240254,0.240352,0.240483,0.242828,0.247201,0.247257,0.250917,0.252003,0.254614,0.257948,0.260233,0.260671,0.260793,0.262744,0.266842,0.266873,0.272056,0.273730,0.286093,0.298947,0.300165,0.305293,0.314305,0.320306,0.324701,0.328626,0.328678,0.330052,0.330081,0.330787,0.331465,0.332093,0.332718,
0.235760,0.235980,0.236386,0.236762,0.236770,0.238340,0.238415,0.240481,0.242239,0.245837,0.250693,0.255204,0.260174,0.262242,0.263528,0.263835,0.265249,0.271838,0.275091,0.277065,0.287671,0.293473,0.294780,0.298835,0.298920,0.300205,0.305497,0.307607,0.316408,0.319339,0.319553,0.320268,0.320306,0.320538,0.324710,0.324798,0.327875,0.330838,0.332714,0.333912,
0.223049,0.223337,0.237440,0.237477,0.238845,0.242406,0.244712,0.253624,0.254530,0.260194,0.261426,0.265185,0.268530,0.268564,0.275102,0.276737,0.281466,0.281466,0.286091,0.294745,0.298836,0.300156,0.302723,0.305195,0.305212,0.307974,0.316542,0.318449,0.320284,0.320348,0.323028,0.323055,0.323889,0.326395,0.327133,0.327878,0.327927,0.327962,0.330077,0.330753,
0.004625,0.222966,0.235599,0.236156,0.236177,0.244467,0.255197,0.256916,0.258483,0.261415,0.275132,0.276727,0.281456,0.281490,0.286042,0.286061,0.290508,0.291927,0.293375,0.297482,0.303974,0.308772,0.311047,0.311053,0.313259,0.316390,0.316396,0.318841,0.321267,0.322110,0.323929,0.324715,0.325520,0.326477,0.326498,0.328652,0.328763,0.330089,0.330749,0.332719,
0.222830,0.235551,0.236771,0.238443,0.239438,0.242338,0.243345,0.243437,0.251931,0.251950,0.251986,0.255207,0.255241,0.265176,0.270205,0.271900,0.273490,0.276755,0.284537,0.284572,0.294776,0.297490,0.298857,0.303962,0.308788,0.312178,0.315358,0.317407,0.318369,0.319328,0.322193,0.322983,0.323841,0.327116,0.328111,0.330758,0.330772,0.331433,0.331573,0.332716,
0.009247,0.223298,0.235951,0.236185,0.240467,0.242944,0.243000,0.245838,0.249265,0.250354,0.253553,0.258501,0.261202,0.261851,0.261858,0.275110,0.284571,0.289044,0.290482,0.290516,0.291938,0.296216,0.298835,0.301440,0.306424,0.306489,0.313264,0.314315,0.314348,0.317391,0.317401,0.318444,0.318530,0.319318,0.320317,0.321210,0.325518,0.327870,0.329357,0.332719,
0.235528,0.235923,0.235927,0.236123,0.236198,0.237438,0.240425,0.240641,0.242379,0.245793,0.247738,0.250995,0.250998,0.253603,0.255177,0.257704,0.258523,0.261843,0.261939,0.265185,0.268574,0.270224,0.275136,0.296111,0.297466,0.300160,0.300189,0.303140,0.305203,0.306435,0.309934,0.314629,0.316446,0.323002,0.323008,0.325571,0.325668,0.328624,0.329358,0.332717,
0.000067,0.235699,0.236117,0.236157,0.236194,0.240253,0.244951,0.245890,0.258208,0.258515,0.268550,0.270438,0.275106,0.294783,0.296136,0.296208,0.301447,0.301553,0.301615,0.303969,0.305328,0.307606,0.308804,0.309260,0.309923,0.309942,0.313246,0.316422,0.316468,0.320298,0.321424,0.322221,0.323852,0.327893,0.327913,0.329498,0.331452,0.332154,0.332716,0.332723,
0.222797,0.235778,0.236665,0.237458,0.237490,0.240363,0.240476,0.240555,0.244748,0.244836,0.248400,0.248753,0.251910,0.251968,0.258488,0.275106,0.276718,0.278327,0.278333,0.279874,0.283096,0.286067,0.289054,0.293398,0.294732,0.300151,0.304000,0.305241,0.306482,0.314452,0.317392,0.317392,0.322999,0.323002,0.323009,0.327879,0.328625,0.328905,0.332105,0.332717,
0.235593,0.235627,0.236175,0.236475,0.238739,0.239356,0.240270,0.250398,0.250823,0.250971,0.255179,0.257956,0.258535,0.260159,0.261849,0.263607,0.265169,0.268538,0.278325,0.284569,0.289036,0.289203,0.294752,0.294785,0.294824,0.301445,0.302725,0.305217,0.308788,0.309960,0.311045,0.311198,0.312143,0.312230,0.318450,0.320272,0.321200,0.325528,0.332101,0.332715,
0.000114,0.235752,0.235766,0.235894,0.236475,0.236500,0.236670,0.236841,0.237510,0.239406,0.242313,0.243545,0.244399,0.244457,0.247437,0.250398,0.251988,0.270192,0.270215,0.271803,0.279948,0.281465,0.284562,0.290587,0.293345,0.296129,0.300138,0.300349,0.305294,0.308789,0.311066,0.313244,0.314334,0.317405,0.320568,0.327117,0.328654,0.329390,0.331467,0.332715,
0.000136,0.236145,0.238601,0.239350,0.239377,0.243404,0.247647,0.248747,0.248821,0.250987,0.252046,0.260150,0.260165,0.260205,0.261770,0.263032,0.279912,0.284582,0.287556,0.289134,0.291974,0.293390,0.294813,0.296155,0.304011,0.306460,0.308928,0.312248,0.314309,0.315058,0.315377,0.318461,0.323039,0.324777,0.325599,0.329000,0.330783,0.330784,0.330793,0.332718,
0.235768,0.235984,0.236163,0.236181,0.238725,0.242171,0.242303,0.243139,0.244337,0.244639,0.250361,0.250809,0.252075,0.254223,0.254571,0.255202,0.257146,0.261394,0.261406,0.261847,0.266863,0.268499,0.268593,0.273501,0.284536,0.286068,0.290534,0.294748,0.294779,0.300149,0.311068,0.311081,0.312167,0.319597,0.324696,0.327150,0.330077,0.330200,0.330751,0.332716,
0.235683,0.236153,0.237444,0.238621,0.243152,0.244762,0.248854,0.250293,0.258010,0.258520,0.260946,0.262410,0.265180,0.266916,0.272274,0.276736,0.278303,0.283245,0.289110,0.291953,0.293353,0.297509,0.300242,0.301452,0.301485,0.306452,0.306464,0.309935,0.311059,0.313250,0.317476,0.318400,0.321198,0.326549,0.327111,0.327126,0.327884,0.330996,0.332714,0.332737,
0.238721,0.242984,0.245797,0.245807,0.250393,0.252001,0.255900,0.257879,0.260257,0.260929,0.261680,0.265244,0.271856,0.275132,0.275267,0.278609,0.279898,0.279933,0.284553,0.284595,0.290486,0.294721,0.297505,0.299215,0.300156,0.300162,0.301484,0.303975,0.308799,0.309933,0.315339,0.316400,0.321213,0.322122,0.324703,0.327194,0.329352,0.331438,0.332717,0.332775,
0.235633,0.235634,0.237313,0.237500,0.239372,0.239403,0.240478,0.241725,0.242493,0.243294,0.244351,0.247279,0.250325,0.250959,0.251919,0.253632,0.253937,0.261031,0.261121,0.275132,0.276730,0.281446,0.281527,0.289625,0.293596,0.296134,0.302735,0.309931,0.313261,0.321244,0.322099,0.323442,0.323877,0.324744,0.325512,0.325525,0.327155,0.328626,0.330085,0.332716,
0.222992,0.235650,0.235943,0.236097,0.238660,0.238728,0.247279,0.247303,0.252209,0.253560,0.257805,0.258173,0.258615,0.260902,0.261415,0.261924,0.262492,0.270189,0.279927,0.283005,0.289058,0.289072,0.293359,0.297501,0.304040,0.306613,0.313382,0.320058,0.321206,0.323034,0.323874,0.323895,0.324832,0.326339,0.326393,0.329351,0.329357,0.329414,0.332720,0.332730,
0.236107,0.236619,0.236680,0.237630,0.238487,0.238654,0.239403,0.241710,0.242349,0.242961,0.243061,0.243295,0.244327,0.244367,0.247747,0.255882,0.258913,0.261958,0.273491,0.281458,0.284535,0.287574,0.290832,0.297581,0.302700,0.302715,0.304014,0.312159,0.313328,0.314320,0.316399,0.316681,0.317661,0.321205,0.322126,0.325530,0.327896,0.332085,0.332716,0.333096,
0.222740,0.236758,0.237319,0.237437,0.237459,0.238344,0.238363,0.243000,0.244394,0.247287,0.247696,0.248769,0.250283,0.253549,0.254231,0.258131,0.260180,0.260187,0.260208,0.260225,0.265288,0.267012,0.271826,0.278310,0.286048,0.290498,0.293364,0.293365,0.296168,0.300154,0.303967,0.308846,0.313257,0.314330,0.317444,0.319334,0.319446,0.330775,0.331489,0.332079,
0.235928,0.236473,0.237355,0.237445,0.237450,0.240168,0.240771,0.243024,0.243096,0.244306,0.248803,0.250933,0.256848,0.256879,0.257683,0.261863,0.268545,0.271867,0.273483,0.275096,0.276729,0.276742,0.278292,0.281516,0.289037,0.291942,0.306457,0.308808,0.312158,0.316390,0.317443,0.319449,0.321280,0.323900,0.324706,0.326337,0.331437,0.331674,0.332078,0.332085,
0.236035,0.236079,0.242372,0.244299,0.244698,0.244778,0.247271,0.247338,0.247531,0.251937,0.251946,0.257986,0.258263,0.260192,0.268498,0.268544,0.268649,0.275390,0.281460,0.281485,0.283113,0.286163,0.287565,0.289118,0.290489,0.293359,0.301438,0.301471,0.305223,0.305243,0.309982,0.311112,0.312157,0.316409,0.317390,0.321215,0.323000,0.328632,0.330827,0.332079,
0.235457,0.235495,0.236707,0.236713,0.236787,0.238718,0.240206,0.240241,0.242388,0.242390,0.242398,0.243115,0.247293,0.248815,0.260187,0.261188,0.263512,0.268504,0.271898,0.279865,0.281467,0.281704,0.289039,0.300171,0.301460,0.302752,0.308800,0.309962,0.312323,0.314348,0.316557,0.316561,0.316671,0.317424,0.325549,0.326327,0.330064,0.331429,0.332083,0.332099,
0.236146,0.236879,0.237528,0.238567,0.242530,0.243633,0.244375,0.248813,0.251027,0.253632,0.254612,0.256136,0.256349,0.258475,0.260769,0.262917,0.263654,0.265170,0.271972,0.275107,0.276786,0.283066,0.289107,0.293373,0.293392,0.296136,0.296226,0.297483,0.297530,0.298840,0.300159,0.304396,0.305224,0.307607,0.308788,0.326321,0.328047,0.329357,0.331431,0.332081,
0.223160,0.235600,0.235975,0.237370,0.239387,0.240487,0.241679,0.241697,0.241717,0.250332,0.250365,0.255492,0.258563,0.261426,0.261664,0.263517,0.271831,0.291970,0.293401,0.296123,0.298856,0.301680,0.301786,0.304128,0.304309,0.307822,0.309962,0.311059,0.318389,0.326329,0.327663,0.328630,0.329369,0.330075,0.331299,0.331432,0.331453,0.331470,0.332080,0.332730,
0.222881,0.235905,0.235916,0.236679,0.238646,0.240005,0.242166,0.250324,0.250396,0.250527,0.256845,0.258142,0.258475,0.260157,0.261582,0.261890,0.265185,0.265228,0.265686,0.268554,0.270177,0.271816,0.283035,0.283096,0.289057,0.293382,0.294786,0.299252,0.304427,0.308807,0.311140,0.314333,0.323857,0.324710,0.325579,0.327126,0.329359,0.330763,0.332081,0.332717,
0.000069,0.235587,0.235708,0.237476,0.238662,0.240177,0.240420,0.240504,0.255218,0.255317,0.256050,0.256853,0.257837,0.260184,0.261238,0.261370,0.265210,0.268515,0.268528,0.284568,0.287593,0.291941,0.292800,0.298827,0.298845,0.308805,0.314326,0.318389,0.319334,0.322143,0.322174,0.323215,0.324699,0.327216,0.330350,0.331470,0.332722,0.332727,0.332747,0.332855,
0.002389,0.240154,0.244412,0.245875,0.247275,0.253579,0.256928,0.263513,0.266841,0.266889,0.276744,0.278298,0.279731,0.291937,0.292214,0.293374,0.293410,0.296163,0.300150,0.300157,0.303993,0.307679,0.310066,0.310267,0.310482,0.312183,0.317392,0.322115,0.323874,0.323875,0.325535,0.325540,0.326325,0.326651,0.327139,0.327870,0.330100,0.330104,0.331456,0.332716,
0.000067,0.235524,0.235997,0.236750,0.237359,0.239391,0.242332,0.244349,0.244752,0.250830,0.251036,0.251111,0.255237,0.261013,0.265206,0.268535,0.270229,0.270231,0.273483,0.273494,0.275116,0.278312,0.283022,0.290494,0.291937,0.291947,0.300184,0.301447,0.302741,0.303970,0.309522,0.309933,0.312193,0.314319,0.314336,0.317397,0.317402,0.322152,0.332071,0.332713,
0.223070,0.235663,0.235886,0.236085,0.236178,0.236720,0.240516,0.242351,0.244821,0.247568,0.248281,0.248771,0.248816,0.251936,0.255215,0.255592,0.256836,0.256950,0.256993,0.258508,0.261630,0.263679,0.266863,0.266868,0.275094,0.281471,0.283048,0.283088,0.289056,0.297486,0.304067,0.305207,0.317401,0.319353,0.323868,0.325679,0.329378,0.331439,0.332087,0.332717,
0.222849,0.235663,0.235801,0.237372,0.237511,0.238330,0.240933,0.242986,0.244469,0.245793,0.245831,0.247243,0.247262,0.255879,0.255900,0.261225,0.261548,0.263696,0.270279,0.273533,0.273687,0.278387,0.279920,0.284577,0.289076,0.306490,0.311073,0.312168,0.316407,0.318368,0.319333,0.321219,0.325180,0.328657,0.328664,0.330062,0.330760,0.330927,0.332125,0.332715,
0.235729,0.237455,0.237545,0.237837,0.238435,0.239373,0.242971,0.243326,0.247260,0.250353,0.251105,0.254180,0.256832,0.260201,0.260681,0.263515,0.284540,0.284562,0.284566,0.286036,0.287649,0.289059,0.290484,0.293373,0.296168,0.307360,0.316378,0.319332,0.320285,0.321283,0.321664,0.323891,0.323901,0.324181,0.326333,0.330113,0.332205,0.332718,0.332734,0.332826,
0.235589,0.235593,0.235656,0.235716,0.235903,0.238305,0.244825,0.244930,0.247316,0.248860,0.251015,0.251917,0.255207,0.255214,0.255590,0.257855,0.261850,0.263531,0.265212,0.265255,0.270214,0.273503,0.276736,0.279886,0.285187,0.290571,0.290711,0.296116,0.297516,0.300164,0.303965,0.311064,0.311074,0.318399,0.321209,0.322354,0.326401,0.327119,0.330755,0.332714,
0.222890,0.235635,0.235928,0.235949,0.236497,0.237551,0.238401,0.243418,0.244338,0.244426,0.244831,0.247514,0.250347,0.258066,0.263562,0.267067,0.270185,0.270373,0.275130,0.276694,0.278307,0.284581,0.287581,0.294777,0.298831,0.300307,0.305223,0.314323,0.323862,0.324695,0.324703,0.325543,0.326336,0.327910,0.329372,0.330761,0.330803,0.332183,0.332718,0.332736,
0.235538,0.235586,0.235973,0.236182,0.236494,0.237492,0.238324,0.238454,0.239406,0.239415,0.240495,0.242213,0.243454,0.244859,0.247298,0.250644,0.261650,0.261754,0.265139,0.266845,0.278326,0.294834,0.297503,0.298847,0.300422,0.303943,0.303968,0.304018,0.306417,0.321284,0.321381,0.322113,0.323958,0.327222,0.328625,0.328831,0.329376,0.330829,0.332083,0.332716,
0.235552,0.235814,0.237534,0.243018,0.244407,0.250821,0.253565,0.253571,0.255425,0.258522,0.261427,0.263031,0.268552,0.279914,0.284609,0.289024,0.290496,0.290508,0.292081,0.293363,0.293476,0.297519,0.300294,0.301461,0.304046,0.304479,0.306403,0.306424,0.308854,0.309950,0.316383,0.316856,0.318434,0.320315,0.322995,0.323018,0.325623,0.330759,0.330980,0.332712,
0.235720,0.236504,0.236703,0.240334,0.240466,0.241692,0.241714,0.244953,0.245863,0.247227,0.248750,0.248780,0.253572,0.254381,0.256016,0.256177,0.258524,0.258887,0.262973,0.263873,0.270198,0.270243,0.276721,0.276771,0.277287,0.278277,0.283057,0.298830,0.298885,0.300194,0.309931,0.315386,0.322989,0.324706,0.324717,0.329577,0.330763,0.330765,0.330810,0.332714,
0.223117,0.239328,0.239384,0.240337,0.243620,0.245799,0.245821,0.254581,0.255152,0.255203,0.256849,0.258034,0.258495,0.261392,0.266859,0.266878,0.268572,0.271999,0.273527,0.278291,0.287565,0.290514,0.290527,0.291027,0.298848,0.305577,0.306431,0.312426,0.316426,0.320265,0.320314,0.320802,0.324004,0.326378,0.328667,0.329406,0.332078,0.332197,0.332716,0.332718,
0.003360,0.222689,0.222807,0.223146,0.235544,0.235778,0.235882,0.236484,0.237455,0.237523,0.239173,0.239392,0.242341,0.244829,0.250424,0.253570,0.255197,0.255996,0.256828,0.257500,0.261537,0.276689,0.283047,0.289033,0.294753,0.307630,0.312460,0.313261,0.314305,0.315376,0.317397,0.318371,0.320507,0.328653,0.328692,0.331428,0.331428,0.331452,0.332089,0.332716,
0.000238,0.222780,0.222893,0.235765,0.236113,0.237478,0.242446,0.242981,0.243032,0.243301,0.245029,0.245776,0.248446,0.251119,0.257758,0.257766,0.258220,0.260196,0.261106,0.261829,0.261931,0.272315,0.276691,0.281495,0.293369,0.296117,0.296141,0.296214,0.301568,0.311236,0.311567,0.313281,0.323846,0.324699,0.324737,0.324778,0.325545,0.328704,0.332716,0.333084,
0.236543,0.237491,0.238863,0.241674,0.242288,0.243723,0.243732,0.244149,0.244327,0.248804,0.250340,0.251951,0.254813,0.255478,0.258580,0.267538,0.268546,0.270204,0.276723,0.276736,0.281488,0.287821,0.296135,0.297513,0.301457,0.301477,0.303594,0.306451,0.308820,0.309916,0.310012,0.315430,0.318390,0.318651,0.321243,0.321490,0.325542,0.330086,0.330752,0.332082,
0.000113,0.235760,0.235963,0.236175,0.236538,0.237461,0.238383,0.239357,0.240537,0.242326,0.244705,0.244775,0.247326,0.247628,0.251945,0.255637,0.256238,0.258559,0.260130,0.260214,0.261680,0.263522,0.268532,0.275141,0.278321,0.278336,0.279901,0.287564,0.290522,0.290599,0.297486,0.301494,0.311204,0.322140,0.326235,0.326574,0.330797,0.331443,0.331451,0.332080,
