0.000000,0.000000,0.000000,0.000000,0.000000,0.000000,0.000000,0.000000,0.000000,0.000000,0.000000,0.000000,0.000000,0.000000,0.000000,0.000000,0.000000,0.000000,0.000000,0.000000,0.000000,0.000000,0.000000,0.000000,0.000000,0.000000,0.000000,0.000000,0.000000,0.000000,0.000000,0.000000,0.000000,0.000000,0.000000,0.000000,0.000000,0.000000,0.000000,0.000000,
0.000000,0.236937,0.237160,0.237394,0.237495,0.240469,0.240508,0.241075,0.241174,0.245484,0.248228,0.254690,0.255913,0.256099,0.261456,0.264773,0.266565,0.268161,0.271528,0.273282,0.279665,0.285964,0.285979,0.286046,0.289044,0.289067,0.290461,0.301987,0.303105,0.303194,0.304268,0.309431,0.310659,0.318538,0.324488,0.326424,0.328113,0.328144,0.332594,0.333310,
0.235566,0.237398,0.240479,0.242457,0.244758,0.245775,0.245809,0.245832,0.247281,0.247422,0.251911,0.254946,0.255199,0.255214,0.257781,0.258518,0.260930,0.261327,0.261526,0.261877,0.262665,0.275081,0.275121,0.279940,0.281503,0.287564,0.288091,0.289487,0.303973,0.315875,0.319447,0.320324,0.323131,0.326324,0.326346,0.327141,0.330056,0.330070,0.332728,0.332872,
0.000281,0.237080,0.238752,0.240506,0.242939,0.243373,0.244822,0.247495,0.250981,0.253543,0.258551,0.261915,0.262539,0.265260,0.266872,0.273497,0.276749,0.289060,0.290542,0.292044,0.293391,0.297494,0.299345,0.300137,0.302727,0.303975,0.306408,0.313301,0.316369,0.318358,0.318399,0.319502,0.320281,0.323034,0.323885,0.324758,0.325559,0.326577,0.330790,0.332717,
0.223071,0.235581,0.237574,0.238291,0.238407,0.238616,0.238715,0.242454,0.243465,0.244845,0.247663,0.253558,0.258138,0.260143,0.261332,0.263537,0.263687,0.268539,0.270209,0.278695,0.279932,0.290490,0.293390,0.294732,0.305217,0.314313,0.316555,0.318401,0.321211,0.321226,0.322992,0.323006,0.323045,0.323879,0.323897,0.323922,0.325506,0.330066,0.330076,0.332717,
0.235869,0.235991,0.242955,0.243055,0.243580,0.244393,0.247232,0.247630,0.255499,0.262527,0.262593,0.281453,0.283028,0.284551,0.290489,0.290515,0.290518,0.292113,0.297498,0.301458,0.303977,0.305463,0.307620,0.312618,0.313259,0.313263,0.317391,0.318351,0.318509,0.318562,0.319400,0.323020,0.324699,0.327980,0.330054,0.330754,0.330783,0.331557,0.332086,0.332716,
0.222566,0.222885,0.235750,0.236507,0.237822,0.242374,0.244350,0.244360,0.245828,0.247722,0.251953,0.253563,0.260186,0.261417,0.270174,0.270205,0.273475,0.276728,0.278979,0.284625,0.286081,0.287573,0.287580,0.293447,0.296127,0.300139,0.301479,0.301809,0.308817,0.312166,0.315345,0.315365,0.317408,0.322129,0.326324,0.326329,0.326336,0.330079,0.330774,0.332716,
0.235520,0.235588,0.235730,0.237438,0.240551,0.243001,0.243515,0.243624,0.248775,0.254714,0.255159,0.268525,0.270182,0.270215,0.283513,0.284524,0.284710,0.286074,0.287580,0.293382,0.301138,0.301436,0.306405,0.308770,0.309942,0.309986,0.313261,0.313267,0.315352,0.315368,0.316393,0.316395,0.317412,0.323024,0.323138,0.323867,0.324724,0.325643,0.327882,0.332719,
0.222819,0.235750,0.236751,0.236844,0.237434,0.237475,0.237488,0.238363,0.244709,0.244869,0.245730,0.250840,0.251264,0.261188,0.261813,0.266877,0.272475,0.281462,0.283010,0.283023,0.289008,0.290522,0.300144,0.300151,0.301468,0.308812,0.311061,0.313352,0.314328,0.319326,0.319327,0.319348,0.320282,0.322115,0.325521,0.325537,0.325546,0.327955,0.329386,0.332715,
0.235570,0.235618,0.235651,0.235718,0.236643,0.240359,0.240506,0.241767,0.243229,0.250918,0.251035,0.256826,0.258567,0.261066,0.265178,0.271858,0.271898,0.279893,0.279910,0.281469,0.284547,0.284556,0.290808,0.293337,0.301469,0.301607,0.302326,0.303957,0.309942,0.312187,0.320483,0.323035,0.324084,0.324691,0.329430,0.330775,0.330775,0.332717,0.332718,0.332740,
0.001938,0.222993,0.235525,0.235620,0.236688,0.236747,0.237465,0.238692,0.241690,0.243602,0.244635,0.245766,0.247266,0.251929,0.257849,0.257993,0.258124,0.262006,0.265255,0.271854,0.278344,0.280509,0.281425,0.281470,0.293499,0.297486,0.297517,0.297524,0.306422,0.312195,0.314323,0.316496,0.316704,0.317401,0.320309,0.322997,0.327974,0.328626,0.332716,0.332805,
0.235733,0.238441,0.240534,0.247274,0.247825,0.255450,0.256856,0.257727,0.260978,0.261074,0.261811,0.262495,0.262654,0.271863,0.275103,0.275253,0.278359,0.280770,0.281466,0.281499,0.283032,0.283041,0.287675,0.293360,0.293361,0.300188,0.309975,0.309997,0.312427,0.319337,0.323874,0.323903,0.325557,0.326360,0.330063,0.330063,0.330063,0.331425,0.332716,0.332721,
0.000091,0.222970,0.235543,0.235676,0.236128,0.236679,0.236690,0.240440,0.240458,0.248803,0.258086,0.258480,0.260132,0.263544,0.271827,0.275111,0.276738,0.279899,0.286076,0.287951,0.294767,0.296126,0.297538,0.304045,0.305217,0.307937,0.309925,0.311057,0.311328,0.315374,0.317790,0.318377,0.319357,0.321210,0.323000,0.324707,0.330259,0.330791,0.330846,0.332718,
0.222825,0.235511,0.235867,0.236262,0.247318,0.250874,0.250953,0.255210,0.255771,0.258162,0.262507,0.263556,0.266868,0.268638,0.270190,0.271801,0.271824,0.271850,0.275132,0.275993,0.276723,0.281495,0.283028,0.284545,0.287574,0.294743,0.297520,0.306417,0.309940,0.311133,0.312175,0.313250,0.320284,0.321222,0.322984,0.323008,0.324504,0.329390,0.330079,0.332714,
0.000314,0.222902,0.235575,0.235799,0.237391,0.237467,0.237488,0.238427,0.239472,0.242348,0.244321,0.247275,0.251920,0.255192,0.256183,0.260123,0.260182,0.262596,0.263570,0.269429,0.272093,0.279906,0.279923,0.281468,0.284573,0.286241,0.294754,0.294780,0.298842,0.300252,0.308811,0.312363,0.313259,0.314330,0.317424,0.322140,0.326928,0.330760,0.331454,0.332716,
0.222893,0.223247,0.235570,0.235594,0.235752,0.235978,0.238404,0.240210,0.241616,0.242551,0.244167,0.245834,0.250382,0.255203,0.255205,0.255847,0.257860,0.261729,0.261864,0.261876,0.270289,0.273478,0.273509,0.274352,0.275067,0.301450,0.303998,0.310085,0.315374,0.315416,0.315501,0.319338,0.323834,0.326363,0.330134,0.330146,0.330764,0.331435,0.332718,0.332751,
0.000248,0.223051,0.235571,0.235870,0.236261,0.236699,0.237448,0.237482,0.238386,0.242174,0.242284,0.242432,0.250352,0.250772,0.251060,0.256866,0.268520,0.294235,0.298847,0.300119,0.300146,0.300158,0.300171,0.301467,0.305206,0.305221,0.311027,0.314335,0.318516,0.318916,0.319325,0.320303,0.321287,0.322993,0.323910,0.325559,0.331433,0.331520,0.332715,0.333143,
0.235677,0.235863,0.236107,0.236250,0.236553,0.237485,0.238281,0.239411,0.239493,0.240508,0.242954,0.243547,0.244330,0.244349,0.253079,0.257650,0.258055,0.260321,0.262570,0.262583,0.262834,0.271875,0.286128,0.287555,0.293429,0.294756,0.308808,0.309988,0.312160,0.313328,0.314307,0.318361,0.318382,0.319362,0.321216,0.322101,0.324710,0.330064,0.331586,0.332715,
0.000107,0.235778,0.236710,0.236723,0.237024,0.237525,0.238346,0.240364,0.254121,0.255194,0.255220,0.260196,0.260253,0.262693,0.270213,0.271858,0.289023,0.291951,0.293463,0.293479,0.299198,0.303978,0.307619,0.309407,0.311090,0.312199,0.312436,0.316444,0.317393,0.319344,0.322150,0.323058,0.323858,0.323907,0.325914,0.326335,0.327880,0.332087,0.332713,0.332736,
0.000076,0.235933,0.237315,0.238352,0.239377,0.239382,0.239421,0.239423,0.241707,0.241720,0.248805,0.250674,0.258540,0.261876,0.263527,0.286077,0.290485,0.290491,0.291952,0.291954,0.296213,0.296223,0.298830,0.303973,0.303982,0.306454,0.307632,0.313022,0.319347,0.319369,0.319395,0.325528,0.326333,0.327138,0.328125,0.331112,0.331431,0.332119,0.332161,0.332715,
0.000067,0.235582,0.235924,0.235952,0.239453,0.240516,0.241806,0.251951,0.254260,0.255422,0.256812,0.260842,0.261873,0.262705,0.262932,0.284540,0.286182,0.287586,0.290492,0.300151,0.300159,0.301452,0.306458,0.308785,0.310158,0.314336,0.317417,0.318492,0.321200,0.321205,0.322153,0.323856,0.323916,0.328641,0.329396,0.330071,0.330819,0.332714,0.332717,0.332720,
0.000081,0.223091,0.236811,0.241709,0.242360,0.244619,0.245835,0.250432,0.251910,0.258515,0.260670,0.261445,0.261878,0.266895,0.276745,0.278307,0.286091,0.286427,0.288084,0.293730,0.294810,0.301448,0.302718,0.302732,0.303953,0.306410,0.306441,0.306940,0.307927,0.308782,0.318366,0.322360,0.323950,0.325524,0.328639,0.330755,0.330770,0.332715,0.332715,0.332723,
0.222863,0.235576,0.237418,0.238627,0.238667,0.239319,0.240486,0.240537,0.243356,0.247246,0.248107,0.248771,0.248792,0.250352,0.251956,0.256828,0.260780,0.260844,0.261806,0.266902,0.270186,0.286075,0.286113,0.286224,0.292006,0.296411,0.300178,0.300193,0.306449,0.314319,0.315402,0.319336,0.321220,0.325562,0.326806,0.327875,0.328665,0.332077,0.332078,0.332715,
0.235583,0.236785,0.239390,0.241676,0.242989,0.243251,0.244362,0.248805,0.248876,0.249057,0.250361,0.253547,0.254314,0.254440,0.254652,0.256872,0.258497,0.260174,0.271870,0.276745,0.278355,0.279939,0.280054,0.290530,0.290531,0.291953,0.296140,0.297499,0.305213,0.307048,0.313241,0.314318,0.316384,0.317514,0.321205,0.325018,0.327117,0.329360,0.330816,0.332716,
0.235642,0.235958,0.238378,0.242989,0.248766,0.248864,0.251937,0.253566,0.255266,0.261512,0.261838,0.261887,0.266868,0.266891,0.268545,0.275105,0.275156,0.281483,0.286139,0.291944,0.291959,0.293968,0.301487,0.305213,0.308772,0.311279,0.312203,0.317406,0.318376,0.320272,0.320308,0.323897,0.324702,0.324723,0.328671,0.329355,0.330065,0.331672,0.332716,0.332757,
0.235552,0.235693,0.236446,0.236775,0.238347,0.238756,0.238764,0.238961,0.239386,0.239390,0.239432,0.240551,0.244379,0.258482,0.260235,0.261136,0.261344,0.262918,0.265175,0.270133,0.283010,0.287602,0.290475,0.296163,0.297535,0.300160,0.300180,0.300220,0.307598,0.307612,0.315377,0.316382,0.316398,0.317408,0.319339,0.320287,0.324696,0.328661,0.332719,0.332720,
0.236220,0.237344,0.237567,0.240468,0.242318,0.243399,0.245856,0.247706,0.250319,0.251019,0.251924,0.251961,0.251962,0.255251,0.257672,0.260213,0.260224,0.261144,0.273497,0.275111,0.278316,0.284551,0.289051,0.290489,0.290508,0.301438,0.304004,0.305211,0.310277,0.317435,0.320281,0.320306,0.320311,0.322125,0.327236,0.328736,0.330075,0.331078,0.331427,0.332717,
0.222811,0.235564,0.237343,0.238569,0.238789,0.239390,0.239531,0.239913,0.243044,0.243189,0.247317,0.248779,0.251950,0.255909,0.256002,0.262916,0.265159,0.271855,0.271873,0.276762,0.278365,0.287578,0.294775,0.296112,0.301439,0.302881,0.308803,0.311104,0.312182,0.314312,0.316470,0.316669,0.317718,0.318431,0.320267,0.320292,0.322121,0.327883,0.330782,0.332716,
0.000087,0.000860,0.235454,0.235723,0.238763,0.238765,0.241705,0.241753,0.241977,0.244397,0.244881,0.247948,0.250378,0.254376,0.256065,0.257856,0.258073,0.263526,0.270203,0.270216,0.279962,0.287570,0.289153,0.290514,0.298863,0.300168,0.303994,0.306228,0.307616,0.311105,0.312156,0.312192,0.313268,0.314868,0.316399,0.321232,0.329183,0.330191,0.330847,0.332713,
0.001126,0.222823,0.235907,0.236705,0.237380,0.237400,0.241648,0.244328,0.245962,0.247282,0.247607,0.250359,0.253167,0.253776,0.255837,0.255869,0.256866,0.262346,0.263510,0.266549,0.270177,0.284569,0.286060,0.286094,0.293607,0.294771,0.297530,0.303971,0.304044,0.308961,0.311068,0.311073,0.313380,0.317374,0.319344,0.323993,0.326326,0.326502,0.327175,0.332716,
0.223365,0.235844,0.235848,0.235861,0.235928,0.236709,0.237415,0.237464,0.239402,0.244641,0.245741,0.251036,0.253562,0.255640,0.258514,0.261873,0.270298,0.275196,0.276759,0.278352,0.281487,0.283073,0.283091,0.287583,0.291930,0.294220,0.297482,0.302733,0.305778,0.306417,0.308793,0.311069,0.313806,0.316412,0.321211,0.328647,0.330071,0.330125,0.332717,0.332771,
0.001043,0.222798,0.235704,0.236767,0.237220,0.237433,0.239364,0.240491,0.240554,0.245029,0.245825,0.257720,0.260185,0.261407,0.266913,0.273563,0.275121,0.276759,0.284541,0.284607,0.286101,0.289043,0.291954,0.292023,0.298836,0.300149,0.305246,0.308776,0.312177,0.319347,0.319354,0.320467,0.322120,0.326325,0.326340,0.327183,0.328837,0.329358,0.329367,0.332716,
0.000240,0.223133,0.235934,0.237417,0.240519,0.240914,0.241756,0.245777,0.245807,0.245808,0.248777,0.253557,0.255851,0.261596,0.261826,0.262627,0.263514,0.268547,0.273758,0.275138,0.275163,0.278081,0.278324,0.284568,0.293350,0.293363,0.293419,0.298872,0.302735,0.308771,0.313250,0.313273,0.318386,0.322115,0.323850,0.324692,0.326342,0.327936,0.332719,0.333113,
0.235913,0.236142,0.236559,0.237480,0.238336,0.238594,0.242062,0.242159,0.242375,0.246106,0.247248,0.255483,0.258479,0.260192,0.261882,0.270227,0.270228,0.275105,0.279924,0.283056,0.283126,0.284544,0.284546,0.286043,0.286095,0.289068,0.297582,0.298843,0.300160,0.305223,0.307610,0.309390,0.309953,0.313253,0.315087,0.316310,0.317457,0.318369,0.327118,0.332085,
0.235589,0.236172,0.237521,0.243107,0.244333,0.244375,0.244818,0.248801,0.250976,0.251077,0.251918,0.256864,0.256876,0.260166,0.262214,0.262956,0.262981,0.268536,0.273441,0.275109,0.276678,0.276752,0.298844,0.300168,0.302740,0.308778,0.308792,0.309932,0.309943,0.310057,0.311103,0.318417,0.320352,0.324696,0.326331,0.328627,0.330768,0.330775,0.332080,0.332825,
0.235554,0.235620,0.235732,0.236354,0.236725,0.236848,0.236879,0.239366,0.243301,0.250604,0.250895,0.253509,0.260670,0.266884,0.268536,0.270172,0.273470,0.273485,0.275125,0.279921,0.287565,0.290485,0.291944,0.298851,0.299029,0.300153,0.301439,0.303996,0.305207,0.308793,0.311067,0.318416,0.319348,0.322980,0.323046,0.325538,0.329359,0.331453,0.332083,0.332718,
0.000301,0.235590,0.235701,0.236124,0.236212,0.240309,0.241693,0.242366,0.244487,0.247243,0.250610,0.250906,0.257622,0.258076,0.258094,0.258519,0.262612,0.284536,0.284551,0.289058,0.289080,0.290593,0.291935,0.293395,0.296149,0.297490,0.298841,0.301461,0.308775,0.309977,0.311072,0.323014,0.324800,0.327890,0.328626,0.328627,0.328631,0.331441,0.332716,0.332727,
0.237342,0.237471,0.237503,0.237660,0.239366,0.247772,0.252223,0.254361,0.257774,0.263017,0.265204,0.265325,0.270235,0.273475,0.275127,0.278329,0.278334,0.281481,0.281494,0.281503,0.281545,0.283240,0.289088,0.297516,0.300167,0.301650,0.303982,0.303986,0.309947,0.312166,0.312173,0.312220,0.313271,0.314408,0.317404,0.323254,0.325528,0.332713,0.332713,0.332721,
0.235769,0.235783,0.235997,0.236735,0.237454,0.238331,0.242303,0.244606,0.244798,0.247295,0.252085,0.255801,0.255837,0.258511,0.261843,0.263525,0.265182,0.265236,0.268521,0.275094,0.276700,0.290490,0.293366,0.297515,0.298822,0.306419,0.308790,0.318369,0.318394,0.319344,0.319581,0.321229,0.322997,0.325595,0.326338,0.328997,0.331043,0.332716,0.332783,0.332795,
0.236181,0.236491,0.236742,0.239431,0.240262,0.241748,0.242993,0.244344,0.247477,0.250830,0.253558,0.258494,0.260190,0.265203,0.265228,0.266868,0.278480,0.281603,0.283032,0.286621,0.289541,0.291938,0.296156,0.298800,0.300161,0.306507,0.307604,0.307634,0.311095,0.317386,0.317399,0.319353,0.322108,0.323865,0.325610,0.327897,0.327957,0.330077,0.332087,0.332717,
0.000150,0.001044,0.235650,0.235702,0.235722,0.236724,0.236856,0.239382,0.239433,0.240511,0.242984,0.244759,0.248789,0.248812,0.250875,0.251934,0.251951,0.255751,0.257882,0.261808,0.270231,0.279910,0.284540,0.286050,0.293356,0.294771,0.298839,0.301449,0.303984,0.306432,0.313246,0.313250,0.314317,0.319365,0.321393,0.322987,0.323850,0.329379,0.331513,0.332713,
0.235887,0.236078,0.236829,0.237411,0.239340,0.240212,0.240279,0.244364,0.244698,0.247296,0.253591,0.263567,0.266878,0.266915,0.270178,0.270737,0.273561,0.279975,0.286081,0.286083,0.286339,0.287625,0.289023,0.289196,0.296138,0.301439,0.301485,0.302712,0.303964,0.306568,0.314319,0.314347,0.314384,0.316401,0.322170,0.331470,0.332714,0.332725,0.332747,0.332750,
0.222965,0.235762,0.235780,0.235814,0.237434,0.238720,0.238729,0.238794,0.239382,0.241687,0.243548,0.247592,0.252067,0.253555,0.255173,0.256836,0.263536,0.266847,0.270278,0.271898,0.287548,0.300240,0.301449,0.301450,0.303992,0.305240,0.308795,0.309971,0.315438,0.316411,0.318394,0.322119,0.324691,0.325566,0.326318,0.326334,0.327116,0.327894,0.330207,0.332718,
0.000067,0.000082,0.235769,0.236136,0.242271,0.243008,0.243012,0.245000,0.245798,0.245820,0.247601,0.250398,0.253540,0.254584,0.260200,0.260528,0.261391,0.265198,0.265396,0.270163,0.271879,0.276744,0.278310,0.279921,0.286058,0.286959,0.289669,0.292039,0.296135,0.301467,0.301475,0.302726,0.305227,0.313242,0.314374,0.314405,0.315371,0.319342,0.320420,0.332715,
0.235510,0.235941,0.237438,0.238739,0.242387,0.244741,0.248896,0.250379,0.251010,0.251890,0.260276,0.260338,0.261037,0.262278,0.262505,0.262518,0.268542,0.270173,0.271845,0.278370,0.284565,0.286084,0.286234,0.294895,0.300389,0.301459,0.302721,0.306448,0.307618,0.307660,0.313590,0.314307,0.314325,0.314331,0.317391,0.318398,0.324702,0.328374,0.329438,0.332717,
0.000424,0.000646,0.222810,0.223102,0.235862,0.235902,0.236158,0.237504,0.238339,0.241725,0.241990,0.242347,0.244631,0.247261,0.247353,0.247410,0.251955,0.253609,0.255509,0.257725,0.263490,0.276838,0.279908,0.281418,0.281464,0.298815,0.300160,0.301439,0.302723,0.307625,0.308791,0.308875,0.314315,0.316388,0.321196,0.322128,0.330079,0.331469,0.332717,0.332725,
0.235616,0.238327,0.238619,0.238633,0.240493,0.245017,0.247594,0.248761,0.248781,0.250351,0.250838,0.250989,0.253602,0.254460,0.259274,0.260183,0.260965,0.261563,0.263522,0.265270,0.265968,0.271856,0.276774,0.279882,0.289132,0.290541,0.291954,0.300280,0.301436,0.310016,0.313257,0.315391,0.317434,0.319347,0.320521,0.325576,0.326335,0.331437,0.331460,0.332715,
0.005823,0.235606,0.237801,0.240331,0.241655,0.241712,0.241747,0.241794,0.248767,0.253572,0.255942,0.256818,0.262402,0.263049,0.263538,0.265219,0.267056,0.273481,0.275116,0.276717,0.278306,0.278323,0.284571,0.293343,0.294762,0.297549,0.300148,0.307585,0.307600,0.313252,0.316473,0.318389,0.318436,0.319371,0.328022,0.330262,0.330973,0.331471,0.332087,0.332717,
0.235856,0.236129,0.236446,0.238826,0.244439,0.250407,0.254213,0.255170,0.255186,0.255583,0.255641,0.255841,0.258116,0.258124,0.263540,0.265196,0.265198,0.268595,0.271514,0.272170,0.273479,0.273525,0.276720,0.279917,0.290573,0.298849,0.301446,0.302766,0.307625,0.308767,0.318382,0.319372,0.319730,0.320301,0.321233,0.322672,0.324850,0.332717,0.332722,0.332722,
0.006630,0.222865,0.222958,0.236319,0.237361,0.237531,0.238326,0.255181,0.255428,0.258070,0.258456,0.261859,0.262777,0.263571,0.271860,0.286083,0.289026,0.290519,0.290552,0.290729,0.294792,0.296142,0.299333,0.300156,0.300436,0.301468,0.302731,0.303286,0.304077,0.306430,0.307660,0.314326,0.316415,0.318398,0.327906,0.328634,0.329379,0.330756,0.332716,0.332724,
0.222845,0.236218,0.237502,0.237547,0.237549,0.240347,0.240506,0.242571,0.243019,0.243044,0.243423,0.244420,0.245590,0.248781,0.248806,0.250833,0.255176,0.256891,0.258205,0.258523,0.260180,0.260209,0.261860,0.266853,0.266891,0.268892,0.284555,0.287618,0.296141,0.297499,0.297505,0.297738,0.298827,0.312182,0.313274,0.320278,0.320339,0.323009,0.326332,0.332721,
0.222698,0.235582,0.235651,0.235698,0.237837,0.241750,0.242328,0.244335,0.244399,0.251156,0.253551,0.255252,0.256948,0.256949,0.258510,0.261448,0.263515,0.263531,0.265194,0.265196,0.271852,0.281486,0.284551,0.294762,0.297478,0.297489,0.297528,0.301489,0.312199,0.313305,0.314304,0.318375,0.319358,0.325671,0.326626,0.329363,0.330069,0.330095,0.331644,0.332717,
0.000719,0.235515,0.236086,0.236153,0.237533,0.238679,0.240048,0.240258,0.242475,0.245771,0.245828,0.246208,0.247700,0.250365,0.250981,0.255421,0.256845,0.257855,0.266927,0.276892,0.289065,0.296132,0.296161,0.307312,0.308784,0.309932,0.315375,0.317396,0.318379,0.320275,0.323855,0.327143,0.327904,0.329406,0.330080,0.332078,0.332718,0.332728,0.332757,0.332885,
0.235965,0.236158,0.238381,0.238924,0.239407,0.240515,0.251958,0.255153,0.255585,0.256781,0.256855,0.263540,0.275270,0.278415,0.279920,0.279924,0.283025,0.284680,0.289041,0.294742,0.297511,0.297801,0.302731,0.306415,0.308821,0.311059,0.311111,0.320328,0.321341,0.322980,0.325555,0.328691,0.328760,0.329397,0.330262,0.331428,0.332718,0.332718,0.332725,0.334719,
0.000067,0.235577,0.235608,0.236185,0.240340,0.260732,0.261525,0.261658,0.265255,0.266903,0.268513,0.269065,0.271809,0.271835,0.279893,0.279920,0.286085,0.289036,0.291935,0.294785,0.301449,0.301457,0.305221,0.306422,0.308843,0.309934,0.312166,0.312180,0.316390,0.318370,0.321267,0.322139,0.323065,0.323880,0.326323,0.328632,0.329382,0.331426,0.331434,0.332727,
0.000370,0.235587,0.235771,0.239442,0.240365,0.242313,0.245744,0.250375,0.250808,0.251058,0.251556,0.251934,0.257947,0.258508,0.260194,0.261844,0.261846,0.280359,0.286077,0.287586,0.287687,0.289014,0.293345,0.293446,0.297505,0.306881,0.308795,0.313261,0.314316,0.319344,0.321215,0.322122,0.322995,0.324704,0.325527,0.326346,0.327114,0.327203,0.331433,0.332713,
0.000498,0.235724,0.235766,0.235931,0.236728,0.237488,0.238512,0.239370,0.239399,0.250353,0.251927,0.251940,0.251977,0.255205,0.261293,0.261858,0.263501,0.263534,0.266879,0.271812,0.279945,0.282989,0.286215,0.300168,0.302913,0.307620,0.309431,0.314316,0.314338,0.318373,0.318456,0.322105,0.322114,0.323850,0.325580,0.325614,0.326332,0.331435,0.332104,0.332717,
0.000066,0.000223,0.237338,0.237446,0.238398,0.240507,0.247579,0.248801,0.251869,0.254628,0.257956,0.258120,0.261581,0.263493,0.268541,0.271924,0.278350,0.279926,0.279955,0.284564,0.293352,0.293546,0.297503,0.297511,0.297517,0.303177,0.305222,0.306466,0.309916,0.309932,0.315358,0.315375,0.320297,0.320311,0.320317,0.321242,0.324798,0.328678,0.330086,0.332718,
0.235640,0.236622,0.236780,0.242291,0.243293,0.244375,0.244496,0.245805,0.245809,0.248775,0.251006,0.253572,0.255278,0.255352,0.265214,0.266858,0.270202,0.276704,0.276718,0.279896,0.281468,0.281709,0.292384,0.293353,0.294749,0.297496,0.298849,0.298875,0.301546,0.302752,0.306433,0.308801,0.313259,0.320292,0.324955,0.325529,0.329973,0.330754,0.330799,0.332714,
0.223044,0.235534,0.235572,0.235987,0.238325,0.238587,0.240494,0.240656,0.241843,0.243513,0.244354,0.245822,0.251054,0.253579,0.254468,0.258492,0.261074,0.265230,0.268475,0.278317,0.279899,0.279903,0.284550,0.286094,0.286116,0.289052,0.290521,0.301438,0.301548,0.306416,0.312169,0.318367,0.319386,0.320277,0.324699,0.327882,0.328689,0.329364,0.332718,0.332729,
0.000676,0.222936,0.235550,0.237535,0.240512,0.244709,0.245791,0.247288,0.248736,0.250713,0.251100,0.265180,0.276701,0.278371,0.286036,0.290537,0.290822,0.292187,0.293361,0.296141,0.297482,0.302856,0.302954,0.306463,0.308816,0.308879,0.309934,0.310583,0.316420,0.319338,0.319343,0.321242,0.322169,0.324714,0.327123,0.329346,0.330081,0.331440,0.332712,0.332741,
0.000133,0.223172,0.235469,0.236014,0.236025,0.236559,0.239307,0.240322,0.240362,0.244704,0.244804,0.245808,0.248392,0.248774,0.248787,0.250368,0.261077,0.265231,0.266903,0.268514,0.270178,0.278319,0.287556,0.290541,0.291915,0.302923,0.303978,0.305218,0.308782,0.314371,0.316367,0.321205,0.324704,0.324717,0.328068,0.329359,0.330884,0.332080,0.332718,0.333772,
0.235544,0.235921,0.236398,0.236631,0.237442,0.242310,0.244370,0.250467,0.251025,0.255866,0.258531,0.260995,0.261264,0.263489,0.263542,0.263690,0.265192,0.268209,0.270213,0.276733,0.278329,0.280731,0.283118,0.286055,0.290614,0.291926,0.291993,0.293470,0.298852,0.301474,0.302715,0.303978,0.305216,0.306620,0.312153,0.314649,0.328728,0.330752,0.332718,0.332721,
0.001538,0.222920,0.222952,0.223058,0.235843,0.236699,0.238695,0.243017,0.250390,0.256848,0.257781,0.260733,0.261257,0.261888,0.262641,0.263493,0.263541,0.263678,0.270195,0.270208,0.273461,0.276690,0.279930,0.289037,0.289073,0.291939,0.294848,0.305244,0.309092,0.309984,0.318387,0.319339,0.319350,0.319423,0.322109,0.322110,0.327125,0.329453,0.331454,0.332716,
0.222778,0.235662,0.235710,0.235791,0.235958,0.236539,0.236790,0.240342,0.247208,0.255190,0.255854,0.256801,0.258510,0.258751,0.261225,0.261490,0.262745,0.265212,0.266867,0.271021,0.273526,0.281456,0.281783,0.289030,0.290495,0.293373,0.297591,0.298890,0.303513,0.305239,0.306441,0.309759,0.309932,0.309946,0.312544,0.314342,0.317429,0.329393,0.330849,0.332717,
0.235621,0.236163,0.239737,0.240298,0.244359,0.246512,0.247271,0.247308,0.248795,0.248813,0.250958,0.251926,0.251958,0.254527,0.256816,0.256866,0.256883,0.260166,0.261400,0.261600,0.278301,0.278444,0.284568,0.287579,0.311071,0.311084,0.313256,0.313345,0.316395,0.317938,0.320294,0.320615,0.321581,0.323858,0.325628,0.326329,0.329360,0.330764,0.332716,0.332738,
0.235533,0.235671,0.235722,0.236012,0.236073,0.236709,0.238681,0.240254,0.240290,0.242398,0.244529,0.245798,0.247239,0.251927,0.252394,0.260137,0.260200,0.261278,0.261512,0.261860,0.262039,0.262620,0.287574,0.289524,0.294874,0.300164,0.301481,0.308788,0.314337,0.314352,0.320309,0.321245,0.322098,0.326339,0.326426,0.327209,0.327912,0.330758,0.332090,0.332717,
0.236489,0.236612,0.236699,0.239388,0.240303,0.240461,0.248795,0.250908,0.254401,0.254539,0.255211,0.257835,0.258206,0.261834,0.261887,0.261999,0.271875,0.272215,0.284576,0.287580,0.287690,0.293789,0.296190,0.296203,0.298832,0.301454,0.303975,0.306558,0.307627,0.308800,0.311097,0.311136,0.314320,0.317542,0.320755,0.323903,0.324696,0.332090,0.332114,0.332714,
0.222737,0.222908,0.236026,0.237470,0.242223,0.243053,0.244290,0.244380,0.246000,0.248901,0.250315,0.254564,0.255817,0.265488,0.267087,0.270192,0.270197,0.278305,0.278318,0.279908,0.283038,0.286104,0.290502,0.290581,0.293379,0.293459,0.299105,0.301443,0.305492,0.306429,0.308792,0.311092,0.312173,0.314331,0.318387,0.320286,0.323848,0.325531,0.332715,0.332745,
0.000697,0.235770,0.236566,0.239340,0.240442,0.244362,0.244784,0.244867,0.247235,0.247678,0.255187,0.260857,0.261157,0.261673,0.261871,0.278266,0.283047,0.283254,0.284536,0.286060,0.291969,0.291986,0.293391,0.296128,0.298885,0.303976,0.309631,0.310481,0.311076,0.315342,0.316379,0.322131,0.324712,0.324826,0.324849,0.326341,0.328644,0.332139,0.332716,0.332725,
0.222868,0.222954,0.223014,0.235652,0.235652,0.235830,0.236166,0.236482,0.237555,0.237754,0.240414,0.241765,0.242403,0.243675,0.245832,0.248888,0.251902,0.253523,0.254383,0.255806,0.263664,0.270168,0.273494,0.276730,0.278303,0.278337,0.283039,0.289365,0.293352,0.293379,0.295152,0.297527,0.311061,0.319400,0.323003,0.325536,0.328041,0.330074,0.331487,0.332712,
0.235759,0.235929,0.237332,0.238363,0.239274,0.239358,0.240270,0.242977,0.244415,0.245092,0.247605,0.247767,0.248804,0.250371,0.251149,0.253574,0.253579,0.254521,0.255710,0.258605,0.261806,0.262857,0.265239,0.273551,0.282147,0.286940,0.297485,0.301428,0.306426,0.307614,0.311077,0.314373,0.315422,0.317631,0.321294,0.322997,0.326408,0.330213,0.332193,0.332718,
0.000852,0.236210,0.236582,0.237553,0.238320,0.241670,0.241697,0.243018,0.250350,0.253493,0.254333,0.255721,0.261087,0.263524,0.283185,0.284546,0.287594,0.289085,0.297502,0.300140,0.300150,0.301674,0.302757,0.306424,0.306465,0.309918,0.309951,0.312150,0.313375,0.313459,0.320369,0.322103,0.322133,0.327235,0.327888,0.330756,0.331629,0.332084,0.332717,0.332731,
0.000078,0.235517,0.236018,0.236543,0.236711,0.237362,0.237397,0.240472,0.241758,0.244331,0.244365,0.247605,0.250313,0.251082,0.253548,0.255823,0.261946,0.262825,0.265446,0.266923,0.273495,0.293355,0.296147,0.297483,0.298829,0.303253,0.312164,0.312165,0.312184,0.316360,0.317398,0.318721,0.321199,0.324704,0.327906,0.328674,0.329351,0.329353,0.332141,0.332718,
0.223156,0.235582,0.235593,0.235624,0.235718,0.235820,0.236662,0.237740,0.238374,0.239424,0.240246,0.243046,0.247768,0.253622,0.256369,0.257910,0.258508,0.268634,0.270206,0.271837,0.271837,0.275086,0.279967,0.281468,0.281632,0.287562,0.287575,0.291937,0.291982,0.294799,0.298869,0.305198,0.319352,0.324718,0.329349,0.330766,0.331428,0.332716,0.332756,0.333251,
0.222816,0.236397,0.236457,0.237968,0.243061,0.243306,0.250330,0.250892,0.252009,0.253595,0.253598,0.255248,0.258552,0.262350,0.263566,0.266878,0.268707,0.287583,0.292233,0.293345,0.294746,0.295301,0.296143,0.305208,0.306423,0.308774,0.313289,0.316460,0.317399,0.318397,0.319434,0.320425,0.322133,0.322994,0.324805,0.330816,0.331437,0.332094,0.332107,0.332713,
0.222814,0.222882,0.235560,0.235761,0.236267,0.237363,0.240462,0.243793,0.244820,0.247768,0.251927,0.254659,0.255173,0.256833,0.257913,0.261362,0.262438,0.262695,0.265178,0.273497,0.286176,0.287566,0.291934,0.293341,0.298857,0.300173,0.305261,0.306792,0.312147,0.316396,0.316399,0.317417,0.317536,0.318398,0.322995,0.323008,0.326330,0.332719,0.332761,0.333574,
0.235607,0.235765,0.236741,0.237437,0.240541,0.240597,0.242350,0.243143,0.243328,0.247245,0.247289,0.247565,0.250965,0.251218,0.255783,0.255877,0.261854,0.261876,0.265828,0.273485,0.275097,0.279922,0.283032,0.286043,0.286063,0.290485,0.290656,0.297489,0.299669,0.303969,0.306439,0.308771,0.313267,0.315401,0.316324,0.317377,0.317491,0.319332,0.331489,0.332720,
0.000369,0.001271,0.222809,0.223217,0.235955,0.236829,0.240501,0.243448,0.243534,0.243743,0.248768,0.250401,0.254636,0.255785,0.257846,0.260152,0.261399,0.261803,0.262004,0.275115,0.278514,0.280348,0.281453,0.281464,0.286091,0.287570,0.287606,0.290924,0.296208,0.298834,0.300667,0.305237,0.308801,0.314311,0.316600,0.322896,0.322995,0.330093,0.330108,0.332716,
0.000000,0.235762,0.236773,0.238535,0.239400,0.240443,0.242260,0.242986,0.246251,0.251058,0.256869,0.257627,0.257999,0.263541,0.263547,0.267461,0.271850,0.272231,0.275104,0.275358,0.290528,0.301456,0.301473,0.311088,0.315636,0.316381,0.316398,0.320008,0.320352,0.323440,0.323868,0.324721,0.325746,0.326214,0.327135,0.329394,0.330070,0.331449,0.332716,0.333068,
0.000112,0.222983,0.235542,0.235680,0.236445,0.236816,0.237469,0.237497,0.238419,0.239326,0.240536,0.245796,0.247330,0.250347,0.251926,0.251964,0.256171,0.261133,0.261454,0.273492,0.281256,0.289033,0.297533,0.303954,0.307591,0.308798,0.311273,0.314320,0.314435,0.317429,0.321265,0.325547,0.327111,0.328906,0.330067,0.330214,0.330816,0.331480,0.332082,0.332084,
0.003457,0.235518,0.235970,0.236415,0.242435,0.243250,0.243298,0.243658,0.245735,0.249069,0.251071,0.253532,0.255173,0.258455,0.258503,0.258528,0.261845,0.261871,0.265283,0.266925,0.268538,0.273503,0.276702,0.278325,0.278334,0.281482,0.283111,0.284545,0.287583,0.291970,0.294757,0.295275,0.301433,0.307619,0.309971,0.316394,0.327208,0.327939,0.332084,0.332140,
0.235638,0.235682,0.235709,0.235798,0.236577,0.238318,0.240526,0.241720,0.244789,0.247251,0.248788,0.251972,0.257400,0.261619,0.261674,0.263502,0.263519,0.273566,0.274837,0.278315,0.281479,0.283025,0.284532,0.284567,0.284576,0.290510,0.297561,0.297696,0.300146,0.301472,0.303988,0.312252,0.316388,0.324025,0.326335,0.327896,0.327906,0.329355,0.330802,0.332751,
0.223248,0.237428,0.237462,0.239382,0.240516,0.250335,0.251929,0.257979,0.258477,0.258611,0.260183,0.260854,0.261574,0.261866,0.263548,0.268542,0.273467,0.279868,0.281505,0.281550,0.284537,0.284558,0.290513,0.291944,0.293357,0.297526,0.300137,0.309929,0.311057,0.313330,0.319768,0.321249,0.323066,0.325568,0.326332,0.327896,0.331434,0.331449,0.332715,0.332899,
0.000886,0.235509,0.238713,0.240402,0.240490,0.245768,0.247276,0.249093,0.250350,0.253527,0.258509,0.258533,0.261827,0.261843,0.265275,0.268534,0.271829,0.275105,0.275108,0.278349,0.279894,0.283009,0.289056,0.293356,0.293375,0.297020,0.301465,0.306410,0.306419,0.311366,0.317401,0.317404,0.320285,0.320286,0.321225,0.322137,0.326341,0.327938,0.328309,0.332717,
0.235755,0.235760,0.236499,0.237457,0.238523,0.238723,0.238737,0.243030,0.244339,0.245757,0.245793,0.251012,0.254065,0.255191,0.255219,0.255526,0.256872,0.260159,0.260182,0.261035,0.273485,0.279895,0.300189,0.302756,0.306436,0.309946,0.322987,0.323009,0.323848,0.323871,0.323881,0.325545,0.326384,0.329353,0.330088,0.331473,0.332095,0.332711,0.332716,0.332863,
0.235755,0.235993,0.236173,0.238756,0.242313,0.242613,0.242987,0.243177,0.244524,0.244750,0.244796,0.245795,0.247281,0.247666,0.247752,0.247908,0.250446,0.251139,0.253566,0.275121,0.276735,0.294771,0.294780,0.301557,0.307608,0.310282,0.316384,0.317391,0.318377,0.319364,0.324414,0.325558,0.327148,0.328626,0.328627,0.328633,0.329377,0.331437,0.332086,0.332718,
0.235934,0.236119,0.237472,0.238349,0.239279,0.243250,0.245757,0.247497,0.247844,0.253598,0.255198,0.260175,0.265390,0.275095,0.283016,0.283092,0.284712,0.296270,0.297588,0.302734,0.302879,0.305223,0.306429,0.306567,0.307653,0.312216,0.319344,0.319348,0.322971,0.322985,0.326328,0.327153,0.327874,0.328788,0.329552,0.330763,0.331439,0.331478,0.332713,0.332850,
0.236300,0.236711,0.236794,0.237365,0.237512,0.238751,0.240322,0.240500,0.240560,0.240569,0.242295,0.245943,0.255179,0.255226,0.255661,0.258069,0.258457,0.258475,0.261716,0.271886,0.273477,0.276722,0.276803,0.281484,0.287552,0.298834,0.300166,0.303963,0.303969,0.306412,0.315406,0.324704,0.326339,0.326344,0.327125,0.327874,0.329423,0.330768,0.332085,0.332716,
0.000067,0.236472,0.236744,0.237431,0.237538,0.237569,0.241952,0.242442,0.242984,0.244826,0.247366,0.250405,0.251025,0.251056,0.254392,0.262323,0.266860,0.266863,0.271848,0.271893,0.283057,0.283094,0.290926,0.291943,0.291961,0.291985,0.291990,0.296177,0.301480,0.302740,0.306429,0.306442,0.309918,0.313243,0.319493,0.320317,0.326420,0.330767,0.331438,0.332714,
0.000082,0.235850,0.236458,0.237027,0.237295,0.237636,0.242325,0.245938,0.247997,0.250328,0.253832,0.260134,0.260172,0.260175,0.261107,0.268566,0.273468,0.273482,0.291934,0.294755,0.294931,0.297543,0.302849,0.303968,0.304166,0.305207,0.307602,0.308848,0.313288,0.314335,0.316398,0.317632,0.324717,0.325531,0.329405,0.329458,0.330764,0.331442,0.332091,0.332715,
0.000077,0.223239,0.236150,0.236373,0.236644,0.241717,0.242979,0.243640,0.244399,0.245739,0.250357,0.252120,0.253539,0.261772,0.262423,0.263150,0.266865,0.271846,0.275108,0.283143,0.284562,0.284572,0.290539,0.291918,0.293370,0.293398,0.298860,0.305651,0.307611,0.307624,0.307665,0.308783,0.315249,0.319347,0.324701,0.327125,0.327877,0.332125,0.332203,0.332716,
0.222996,0.235550,0.235950,0.236709,0.236756,0.237590,0.239357,0.240463,0.242931,0.248452,0.250347,0.251000,0.251963,0.252350,0.257841,0.261800,0.263536,0.266911,0.268522,0.272654,0.273473,0.275486,0.287595,0.289054,0.290497,0.304028,0.309952,0.314330,0.315460,0.317391,0.317502,0.318425,0.324706,0.324713,0.326386,0.326705,0.327174,0.332088,0.332093,0.332717,
0.000067,0.000084,0.235944,0.237418,0.237449,0.237516,0.237527,0.241717,0.242937,0.243043,0.245756,0.251899,0.255812,0.256833,0.256863,0.260148,0.260530,0.261009,0.263509,0.284584,0.285416,0.286073,0.286076,0.289057,0.301474,0.301516,0.303965,0.307601,0.308781,0.311162,0.315417,0.322112,0.322981,0.322989,0.323020,0.323039,0.326350,0.326421,0.327151,0.332713,
0.236107,0.236765,0.242088,0.242423,0.242968,0.243434,0.247274,0.247312,0.258538,0.258559,0.258614,0.261398,0.261575,0.262516,0.263526,0.266891,0.266927,0.270211,0.271877,0.275122,0.275139,0.276768,0.278583,0.286066,0.293871,0.301467,0.302758,0.307605,0.308788,0.308795,0.311065,0.311803,0.317392,0.318354,0.320308,0.322994,0.325624,0.328625,0.332716,0.332776,
0.003546,0.236332,0.237525,0.240330,0.241705,0.243429,0.245097,0.248810,0.250849,0.251943,0.268530,0.268974,0.273497,0.273520,0.273528,0.278385,0.279963,0.281491,0.283024,0.283044,0.287573,0.289041,0.305236,0.305378,0.306436,0.308780,0.309958,0.311125,0.312186,0.312190,0.313683,0.314322,0.318434,0.321580,0.324700,0.328623,0.328623,0.329368,0.331433,0.332717,
0.222964,0.235598,0.236449,0.236816,0.237491,0.237543,0.238311,0.247768,0.254585,0.255232,0.255683,0.256827,0.257032,0.258572,0.260986,0.261967,0.270196,0.270205,0.276513,0.279909,0.286063,0.287580,0.293502,0.301459,0.301463,0.302723,0.306427,0.307623,0.309927,0.313246,0.314310,0.318095,0.319319,0.319343,0.320289,0.322134,0.322987,0.323879,0.332084,0.332716,
0.235589,0.235723,0.235767,0.244827,0.250344,0.251933,0.253530,0.255626,0.258513,0.261821,0.263558,0.266870,0.271847,0.281512,0.283074,0.283561,0.284552,0.286083,0.292737,0.297486,0.297517,0.297519,0.297599,0.300159,0.303966,0.307624,0.308867,0.309001,0.312484,0.313341,0.314325,0.315368,0.316406,0.322097,0.322105,0.322112,0.329362,0.329382,0.331619,0.332713,
0.000571,0.235698,0.236243,0.238335,0.238720,0.239343,0.253543,0.253559,0.254486,0.256805,0.260190,0.260191,0.260217,0.261475,0.262411,0.265178,0.266863,0.276683,0.293381,0.293386,0.297537,0.298838,0.298844,0.300309,0.301475,0.303966,0.305176,0.305238,0.305306,0.307606,0.308780,0.313279,0.319334,0.321207,0.322104,0.326333,0.328637,0.330082,0.330838,0.332718,
0.235573,0.235818,0.236126,0.237444,0.237485,0.238314,0.238534,0.238676,0.240321,0.240535,0.250755,0.251211,0.253557,0.254223,0.265195,0.268533,0.271866,0.273446,0.275113,0.278329,0.280134,0.283405,0.284536,0.286063,0.296135,0.298820,0.306418,0.309944,0.312164,0.312230,0.318406,0.319337,0.320287,0.322990,0.323873,0.327879,0.327884,0.330203,0.332095,0.332713,
