0.000000,0.000000,0.000000,0.000000,0.000000,0.000000,0.000000,0.000000,0.000000,0.000000,0.000000,0.000000,0.000000,0.000000,0.000000,0.000000,0.000000,0.000000,0.000000,0.000000,0.000000,0.000000,0.000000,0.000000,0.000000,0.000000,0.000000,0.000000,0.000000,0.000000,0.000000,0.000000,0.000000,0.000000,0.000000,0.000000,0.000000,0.000000,0.000000,0.000000,
0.000000,0.222640,0.237443,0.238567,0.240409,0.241088,0.242819,0.242850,0.243489,0.245550,0.248221,0.251428,0.254553,0.254687,0.254861,0.258445,0.261070,0.261130,0.262669,0.263142,0.263151,0.264785,0.266529,0.269758,0.273216,0.278097,0.286011,0.299082,0.300360,0.301887,0.303127,0.305686,0.306812,0.315333,0.315413,0.318468,0.322527,0.326181,0.327200,0.333865,
0.005836,0.235610,0.236443,0.236710,0.237454,0.239358,0.239969,0.240304,0.240764,0.244369,0.244868,0.245836,0.247638,0.248803,0.250590,0.250957,0.263561,0.278320,0.279887,0.280160,0.281364,0.283159,0.292052,0.292181,0.295614,0.301470,0.304000,0.308770,0.309946,0.314305,0.314322,0.316605,0.318427,0.324056,0.324738,0.324949,0.327876,0.328693,0.330752,0.330767,
0.223062,0.235533,0.235623,0.236708,0.236719,0.237368,0.240502,0.240515,0.240553,0.242285,0.242327,0.242942,0.244764,0.250396,0.255208,0.255572,0.260142,0.261384,0.263665,0.270222,0.276750,0.279869,0.281478,0.296291,0.305225,0.309938,0.309949,0.311779,0.312242,0.314303,0.317404,0.318420,0.322114,0.322278,0.328647,0.329431,0.330762,0.331433,0.332719,0.332749,
0.235889,0.235906,0.236201,0.237384,0.239455,0.241725,0.247880,0.248776,0.250360,0.250845,0.250992,0.253530,0.255227,0.255825,0.256069,0.260221,0.261853,0.265230,0.266939,0.271822,0.275212,0.283007,0.286915,0.287551,0.290626,0.292006,0.293355,0.298879,0.304005,0.309949,0.310558,0.314335,0.315532,0.320307,0.321369,0.323880,0.331455,0.331507,0.332717,0.332725,
0.235632,0.241702,0.244754,0.244996,0.254260,0.254289,0.255175,0.257994,0.258587,0.260169,0.260311,0.266881,0.275108,0.276729,0.287557,0.295268,0.297487,0.300144,0.302707,0.302734,0.305198,0.306415,0.307669,0.308832,0.308996,0.310465,0.312176,0.314347,0.315461,0.316376,0.317410,0.317471,0.319359,0.320289,0.329368,0.330781,0.331458,0.332716,0.332736,0.332798,
0.235559,0.235614,0.236866,0.237361,0.237435,0.238339,0.241666,0.242987,0.244711,0.244998,0.245784,0.250328,0.254608,0.255251,0.261896,0.265202,0.275139,0.280088,0.281456,0.283062,0.284536,0.287573,0.287710,0.293345,0.293528,0.294749,0.294774,0.294801,0.298854,0.305197,0.305236,0.306451,0.310174,0.312175,0.312178,0.312235,0.314310,0.317670,0.321213,0.332716,
0.235524,0.235694,0.236527,0.236740,0.240495,0.242934,0.242964,0.242964,0.242999,0.244728,0.247689,0.248809,0.255606,0.258492,0.270208,0.271876,0.272009,0.278315,0.283008,0.284641,0.287561,0.290503,0.292094,0.301463,0.307660,0.309925,0.311065,0.317382,0.318394,0.319359,0.320540,0.321203,0.321277,0.323865,0.326371,0.327199,0.327889,0.329427,0.332085,0.332715,
0.000241,0.223023,0.235647,0.236076,0.238603,0.238670,0.239419,0.240521,0.243202,0.243272,0.245754,0.250822,0.251934,0.261861,0.261870,0.262852,0.263520,0.265233,0.270193,0.272335,0.273491,0.278390,0.281458,0.283191,0.284555,0.289020,0.290522,0.298873,0.305188,0.307601,0.313263,0.314318,0.314324,0.315356,0.320280,0.325539,0.331621,0.332086,0.332715,0.332721,
0.223066,0.236149,0.236275,0.236805,0.238555,0.240568,0.243092,0.243341,0.244367,0.244371,0.245782,0.247320,0.250320,0.250769,0.253592,0.254900,0.255897,0.260920,0.261923,0.264293,0.275116,0.276738,0.291939,0.291969,0.300161,0.301525,0.303996,0.307842,0.309941,0.313265,0.314330,0.323004,0.323865,0.324714,0.325415,0.325532,0.329378,0.330065,0.330088,0.332715,
0.235642,0.237312,0.237406,0.239060,0.240109,0.244743,0.245802,0.250923,0.250954,0.255345,0.256028,0.256829,0.257714,0.261193,0.261622,0.275097,0.276933,0.281524,0.282047,0.283037,0.284552,0.294831,0.296170,0.297508,0.301484,0.302729,0.305193,0.307614,0.308813,0.311390,0.312204,0.313250,0.313252,0.327817,0.327887,0.327923,0.330073,0.331427,0.332717,0.332742,
0.235629,0.235669,0.235773,0.235939,0.236134,0.236484,0.236533,0.238599,0.244752,0.250536,0.251941,0.262765,0.265498,0.275257,0.276680,0.278314,0.279919,0.281921,0.284562,0.290516,0.296148,0.299046,0.300163,0.301429,0.302713,0.302716,0.302744,0.305212,0.311102,0.313244,0.317668,0.318481,0.324400,0.326337,0.326349,0.327888,0.332084,0.332095,0.332204,0.332717,
0.000243,0.235581,0.235905,0.236582,0.237426,0.238411,0.239398,0.242288,0.242973,0.243620,0.247271,0.247678,0.250835,0.251085,0.255202,0.255854,0.258498,0.260145,0.262769,0.276914,0.278351,0.290541,0.296122,0.296246,0.300147,0.301460,0.306432,0.306510,0.309939,0.312178,0.313274,0.319441,0.320309,0.322124,0.323872,0.325521,0.326432,0.328627,0.332094,0.332715,
0.222991,0.235844,0.236703,0.237282,0.238309,0.240521,0.240603,0.241708,0.242236,0.242340,0.242500,0.244405,0.245826,0.247272,0.247655,0.250375,0.251073,0.258252,0.260927,0.261300,0.262227,0.273482,0.278324,0.278454,0.290538,0.291967,0.295049,0.298944,0.300151,0.305187,0.306410,0.306993,0.307608,0.318582,0.318750,0.326334,0.327107,0.327876,0.328630,0.332718,
0.000101,0.235821,0.236849,0.238196,0.241712,0.245721,0.245788,0.245794,0.246066,0.248818,0.255751,0.255910,0.256827,0.260187,0.263527,0.263535,0.265194,0.268543,0.276736,0.279924,0.287568,0.287602,0.289033,0.293430,0.294788,0.303072,0.307770,0.311079,0.313268,0.315379,0.315671,0.315693,0.317432,0.322262,0.325578,0.326328,0.327951,0.328738,0.331428,0.332715,
0.223006,0.235534,0.235753,0.235765,0.235958,0.239345,0.241639,0.242422,0.243031,0.243470,0.244606,0.244799,0.252467,0.262394,0.263085,0.266863,0.268534,0.273503,0.284594,0.293856,0.294789,0.300130,0.300147,0.300181,0.301432,0.301436,0.302723,0.305238,0.307611,0.307683,0.308792,0.313307,0.314347,0.318377,0.320336,0.327883,0.329371,0.330121,0.332716,0.332768,
0.222891,0.235827,0.235936,0.236129,0.236597,0.236694,0.236780,0.240445,0.242319,0.243458,0.247250,0.250419,0.254319,0.260821,0.261575,0.263544,0.266886,0.268507,0.268574,0.275230,0.286071,0.286159,0.291930,0.293443,0.294756,0.302727,0.306418,0.306432,0.307666,0.312324,0.313236,0.314327,0.318449,0.319347,0.319748,0.321235,0.323857,0.325418,0.328633,0.332718,
0.235548,0.235642,0.236183,0.236662,0.240493,0.240554,0.241710,0.242657,0.243089,0.244873,0.245828,0.247198,0.252056,0.255955,0.256984,0.257876,0.258171,0.261039,0.263074,0.263089,0.263739,0.266861,0.268542,0.275121,0.283031,0.286183,0.287560,0.297521,0.303037,0.308777,0.308792,0.309946,0.311090,0.313259,0.317856,0.322990,0.327154,0.328707,0.332157,0.332712,
0.235565,0.235651,0.235698,0.235851,0.235977,0.236750,0.238413,0.238637,0.240377,0.240424,0.240506,0.240526,0.243053,0.243255,0.243455,0.244774,0.244819,0.250980,0.253887,0.254220,0.255174,0.256864,0.257136,0.261831,0.273497,0.283038,0.286133,0.298867,0.301479,0.302782,0.306444,0.310199,0.311098,0.313257,0.315447,0.318367,0.321210,0.331044,0.332133,0.332717,
0.000135,0.223292,0.235603,0.236773,0.237449,0.237454,0.238447,0.240438,0.240551,0.241747,0.242951,0.243541,0.244758,0.244908,0.248750,0.250438,0.257981,0.258652,0.260170,0.263576,0.263636,0.265234,0.271863,0.275154,0.281545,0.284802,0.287662,0.294908,0.305230,0.306456,0.310019,0.312197,0.316374,0.316407,0.322996,0.323920,0.326340,0.330178,0.331468,0.332714,
0.235504,0.235952,0.235976,0.236029,0.238316,0.238513,0.242190,0.243328,0.244971,0.247305,0.253542,0.257992,0.261863,0.270186,0.284609,0.289077,0.294769,0.298117,0.298829,0.300183,0.300204,0.302877,0.312173,0.312181,0.313232,0.313253,0.316395,0.317414,0.318372,0.321248,0.323908,0.325517,0.325581,0.327122,0.327154,0.327287,0.328909,0.331634,0.332713,0.332764,
0.235558,0.237509,0.240280,0.240413,0.241732,0.244388,0.245759,0.247604,0.250363,0.251960,0.253572,0.255172,0.255226,0.256869,0.258490,0.258614,0.261026,0.270177,0.270206,0.286112,0.287723,0.289142,0.291923,0.298838,0.301540,0.303984,0.306426,0.308790,0.309928,0.314333,0.316047,0.317393,0.318386,0.322112,0.323279,0.327115,0.328622,0.328625,0.330805,0.332719,
0.000073,0.235869,0.236603,0.236717,0.237380,0.238385,0.238397,0.238440,0.244383,0.244911,0.247682,0.253536,0.253537,0.254611,0.255872,0.256868,0.257712,0.257926,0.262382,0.265200,0.271852,0.276896,0.279937,0.297518,0.302806,0.307609,0.307657,0.311385,0.313273,0.315359,0.320286,0.322984,0.325584,0.328631,0.330105,0.330122,0.332079,0.332119,0.332203,0.332714,
0.223224,0.235592,0.235813,0.235868,0.236503,0.236679,0.247633,0.250351,0.255666,0.266908,0.268796,0.270421,0.271814,0.273604,0.275099,0.275138,0.278311,0.278359,0.279915,0.290523,0.293340,0.293345,0.294805,0.304062,0.306423,0.308787,0.309312,0.309955,0.312152,0.312435,0.316411,0.320505,0.322187,0.324698,0.327876,0.328269,0.328632,0.329099,0.330063,0.332712,
0.000077,0.235534,0.235746,0.235887,0.237542,0.237767,0.240175,0.240352,0.241684,0.247946,0.248794,0.250385,0.251937,0.254467,0.255715,0.258485,0.260637,0.260936,0.262765,0.262806,0.266910,0.268567,0.275201,0.276715,0.278333,0.284555,0.289037,0.294747,0.296152,0.296154,0.297483,0.298839,0.315355,0.318383,0.318490,0.323011,0.323027,0.326355,0.328827,0.332718,
0.235943,0.236444,0.237545,0.242981,0.256830,0.256877,0.257658,0.257909,0.258514,0.258586,0.261994,0.262116,0.262742,0.268138,0.268578,0.270194,0.270207,0.272326,0.278413,0.279907,0.281697,0.283012,0.283023,0.294750,0.302719,0.305209,0.305212,0.306450,0.314332,0.315363,0.316405,0.319430,0.319672,0.321202,0.323857,0.326432,0.329362,0.330204,0.330273,0.332717,
0.235887,0.236278,0.236807,0.238286,0.241711,0.242997,0.244362,0.245724,0.247555,0.247607,0.247727,0.248009,0.250341,0.254376,0.254547,0.254700,0.255894,0.258492,0.260165,0.261810,0.265207,0.266894,0.268547,0.270237,0.275092,0.276745,0.279894,0.284556,0.291970,0.296139,0.300149,0.306442,0.311128,0.313275,0.318404,0.321483,0.322123,0.323874,0.330086,0.332718,
0.000069,0.000223,0.240291,0.242242,0.244375,0.244401,0.247287,0.247600,0.255933,0.256971,0.257680,0.258002,0.261305,0.262613,0.267081,0.267091,0.270218,0.280097,0.281475,0.283062,0.284572,0.287592,0.293355,0.293367,0.296128,0.297510,0.300154,0.301541,0.302715,0.306585,0.314507,0.315416,0.317467,0.319383,0.319523,0.323059,0.323886,0.329369,0.332086,0.332715,
0.222984,0.235574,0.236682,0.237362,0.237514,0.240347,0.241701,0.241762,0.242111,0.243400,0.243554,0.250764,0.254387,0.254419,0.261608,0.266886,0.275111,0.275192,0.275390,0.280027,0.287567,0.290525,0.293370,0.293382,0.294773,0.297520,0.300152,0.301454,0.305218,0.307002,0.312552,0.314316,0.316406,0.320736,0.322156,0.325541,0.327121,0.332081,0.332721,0.332723,
0.223182,0.235579,0.239371,0.244847,0.247682,0.247751,0.252069,0.255567,0.256856,0.258907,0.260167,0.261300,0.261905,0.262497,0.263039,0.270178,0.278320,0.279872,0.283703,0.284555,0.284579,0.289275,0.294739,0.302764,0.308779,0.308918,0.309929,0.311069,0.314332,0.319337,0.319544,0.320267,0.320287,0.324964,0.325541,0.327139,0.328684,0.331438,0.332181,0.332716,
0.235530,0.235558,0.235790,0.238427,0.242481,0.242948,0.242983,0.242998,0.243441,0.243702,0.244795,0.247905,0.254596,0.255492,0.261825,0.261827,0.273477,0.275096,0.275122,0.276724,0.279923,0.281538,0.292125,0.293736,0.297550,0.304009,0.305212,0.305222,0.310119,0.312337,0.325521,0.325843,0.326332,0.327886,0.328649,0.328667,0.329362,0.330059,0.332449,0.332718,
0.222724,0.222741,0.235539,0.235802,0.236760,0.242827,0.243430,0.244699,0.244829,0.245821,0.250811,0.252141,0.255839,0.256898,0.258545,0.261890,0.265296,0.266882,0.270330,0.284552,0.296132,0.297500,0.298012,0.300577,0.307615,0.313922,0.315403,0.316386,0.317407,0.319348,0.322108,0.322144,0.323870,0.324693,0.324747,0.325524,0.326333,0.326395,0.332089,0.332717,
0.223224,0.235584,0.235591,0.236531,0.236564,0.236767,0.237428,0.237934,0.239391,0.244372,0.244848,0.248786,0.248891,0.254633,0.256859,0.258099,0.258176,0.258494,0.262000,0.265265,0.270250,0.274116,0.275150,0.280043,0.282336,0.289041,0.293360,0.298818,0.300299,0.302750,0.303970,0.306428,0.308844,0.314316,0.317411,0.323024,0.323855,0.323992,0.327113,0.332716,
0.236101,0.236135,0.236449,0.236491,0.236517,0.238647,0.240485,0.241667,0.242379,0.244389,0.244786,0.247249,0.255427,0.260241,0.261887,0.263537,0.268547,0.270185,0.294851,0.297486,0.298848,0.306417,0.306677,0.307668,0.308784,0.308803,0.312337,0.313256,0.315369,0.319389,0.322130,0.322391,0.323977,0.324735,0.327133,0.328639,0.329397,0.330763,0.331464,0.332717,
0.235773,0.236750,0.237451,0.240244,0.240469,0.240474,0.242961,0.247701,0.248772,0.250411,0.250485,0.256848,0.257742,0.258593,0.276791,0.279972,0.287583,0.291955,0.293483,0.302721,0.302749,0.304032,0.304091,0.305200,0.306406,0.306429,0.307656,0.309955,0.314318,0.314331,0.320323,0.320450,0.322984,0.324701,0.326341,0.327145,0.330059,0.331466,0.332715,0.332756,
0.001130,0.238607,0.239419,0.240484,0.240487,0.243496,0.245765,0.247273,0.249044,0.251946,0.251955,0.251957,0.253563,0.254651,0.255857,0.256875,0.260813,0.263484,0.263518,0.263558,0.275097,0.281487,0.287667,0.289074,0.296171,0.297556,0.297672,0.300142,0.305200,0.305265,0.307608,0.316403,0.316425,0.321246,0.325515,0.329367,0.330059,0.331520,0.332715,0.332726,
0.235592,0.235808,0.239338,0.240286,0.240494,0.244862,0.244981,0.245742,0.247274,0.251177,0.251929,0.258133,0.258489,0.262964,0.263532,0.265250,0.268645,0.284584,0.286076,0.296808,0.298846,0.301436,0.302741,0.311092,0.313247,0.313264,0.315385,0.315423,0.315704,0.320585,0.322124,0.322994,0.324733,0.325534,0.326336,0.326366,0.327631,0.327886,0.327892,0.332716,
0.001460,0.235747,0.236575,0.236771,0.240443,0.240484,0.242325,0.242976,0.243030,0.243183,0.243487,0.244626,0.244753,0.247312,0.248830,0.250344,0.251944,0.254514,0.258318,0.265182,0.276923,0.286086,0.289180,0.290531,0.291949,0.291987,0.294783,0.296130,0.296137,0.307612,0.307655,0.312163,0.315438,0.323156,0.324739,0.327136,0.329445,0.332088,0.332460,0.332716,
0.236002,0.237417,0.237573,0.240465,0.240488,0.241721,0.242983,0.243008,0.243012,0.244454,0.244927,0.245824,0.250338,0.253567,0.253701,0.254224,0.255858,0.256883,0.263532,0.270222,0.275175,0.283034,0.290513,0.296137,0.302757,0.303951,0.314310,0.315368,0.316098,0.321345,0.325628,0.327109,0.327906,0.328625,0.328632,0.329369,0.329430,0.330071,0.332716,0.332717,
0.235791,0.235891,0.236480,0.236517,0.236663,0.237433,0.240296,0.242401,0.245091,0.245815,0.245914,0.247865,0.251978,0.254644,0.255668,0.256854,0.261489,0.262327,0.263531,0.275076,0.275147,0.278346,0.282995,0.284577,0.293565,0.294738,0.298867,0.303962,0.308848,0.309929,0.312190,0.313410,0.318370,0.320300,0.320323,0.327996,0.328739,0.329402,0.330094,0.332717,
0.222848,0.237761,0.241738,0.243454,0.243504,0.244325,0.244353,0.244875,0.247554,0.251072,0.251903,0.255719,0.258234,0.258933,0.261590,0.261844,0.266857,0.270253,0.273645,0.275115,0.278340,0.281505,0.284698,0.289161,0.290514,0.291967,0.300164,0.300168,0.300207,0.302861,0.303990,0.304054,0.305291,0.313279,0.313283,0.318392,0.324710,0.328624,0.328629,0.332718,
0.008692,0.235573,0.236268,0.236541,0.236832,0.238532,0.239397,0.244842,0.248074,0.250394,0.251139,0.253587,0.262801,0.262836,0.266928,0.267267,0.268510,0.269047,0.283040,0.284550,0.294808,0.296155,0.307642,0.307654,0.308797,0.309410,0.311048,0.312169,0.314357,0.318403,0.319362,0.322107,0.322142,0.324709,0.327146,0.327884,0.328092,0.330248,0.332711,0.332733,
0.006385,0.236128,0.236253,0.236786,0.238669,0.242290,0.242486,0.244756,0.245727,0.247268,0.251964,0.252121,0.255711,0.260970,0.260977,0.261409,0.263570,0.271837,0.273475,0.289057,0.294785,0.297514,0.301447,0.301558,0.308797,0.314420,0.315368,0.316416,0.318408,0.318452,0.318464,0.320282,0.325528,0.326314,0.327154,0.328639,0.328808,0.332278,0.332718,0.333108,
0.235489,0.235639,0.237435,0.240436,0.240583,0.242388,0.245782,0.247269,0.247815,0.250322,0.253558,0.255190,0.263570,0.263590,0.263944,0.268548,0.273478,0.274873,0.276718,0.280197,0.284566,0.289044,0.289141,0.294737,0.298819,0.301503,0.301968,0.305202,0.307624,0.316380,0.318424,0.319348,0.319373,0.322988,0.324700,0.329438,0.330927,0.332096,0.332712,0.332873,
0.223009,0.223209,0.236102,0.236133,0.236597,0.236816,0.237283,0.237360,0.237512,0.238632,0.240428,0.240458,0.241651,0.241703,0.241730,0.241751,0.248798,0.255204,0.270220,0.271842,0.286083,0.286094,0.289072,0.300294,0.305218,0.306430,0.306437,0.307633,0.311091,0.313231,0.315420,0.318392,0.320332,0.325548,0.327121,0.327281,0.329348,0.330067,0.330754,0.332719,
0.222795,0.223006,0.235443,0.235560,0.235572,0.236520,0.237531,0.240345,0.244325,0.244674,0.250783,0.251903,0.251912,0.255211,0.260959,0.260962,0.261475,0.265196,0.266874,0.266913,0.278343,0.279864,0.283063,0.287665,0.289064,0.292825,0.293407,0.301473,0.302747,0.303967,0.308782,0.311069,0.315359,0.317400,0.324703,0.326331,0.327951,0.329566,0.332719,0.332729,
0.000067,0.222939,0.235494,0.235628,0.236002,0.236456,0.236640,0.236793,0.237308,0.240023,0.241727,0.243540,0.244573,0.250748,0.251055,0.254228,0.257773,0.258194,0.258799,0.266901,0.268572,0.273464,0.273547,0.279131,0.279920,0.287545,0.300165,0.303975,0.307644,0.307916,0.318479,0.322573,0.326335,0.328100,0.328626,0.329368,0.330079,0.330086,0.332099,0.332715,
0.235664,0.236004,0.236150,0.236629,0.237453,0.238347,0.240458,0.243125,0.243701,0.247919,0.251034,0.255496,0.258512,0.266848,0.270347,0.271838,0.276751,0.280131,0.283029,0.283209,0.295318,0.301460,0.301460,0.301476,0.302752,0.305207,0.309997,0.318429,0.318493,0.319341,0.322117,0.323081,0.323963,0.324153,0.327127,0.327881,0.330280,0.331444,0.332100,0.332720,
0.000066,0.236361,0.238350,0.241673,0.243244,0.244870,0.245825,0.247654,0.248839,0.250295,0.253615,0.254305,0.257616,0.258536,0.261098,0.261138,0.261852,0.263490,0.264101,0.275114,0.276720,0.278320,0.281468,0.283006,0.284554,0.291948,0.304089,0.305194,0.307661,0.316368,0.316398,0.317443,0.319355,0.319425,0.320363,0.323182,0.323904,0.326346,0.330762,0.332719,
0.000075,0.223176,0.235578,0.236003,0.238471,0.242294,0.242389,0.244793,0.248834,0.253586,0.254373,0.255593,0.257723,0.257919,0.258501,0.260184,0.261147,0.263551,0.263710,0.270200,0.271839,0.271842,0.271854,0.273527,0.281483,0.283087,0.286047,0.302775,0.308775,0.308794,0.312174,0.313264,0.313435,0.314326,0.317730,0.318390,0.320305,0.325541,0.329380,0.332717,
0.235698,0.236060,0.236218,0.236635,0.239362,0.240162,0.240499,0.240590,0.244098,0.244306,0.244650,0.255203,0.260811,0.261784,0.265211,0.265228,0.270195,0.271876,0.278316,0.279911,0.284569,0.304010,0.305208,0.306413,0.307846,0.309939,0.312175,0.312176,0.314646,0.317399,0.318464,0.322701,0.324699,0.324707,0.327882,0.331049,0.331527,0.332257,0.332720,0.332742,
0.000067,0.004152,0.238706,0.238890,0.239389,0.245785,0.247322,0.254526,0.258477,0.260299,0.261879,0.262596,0.263469,0.266859,0.284534,0.297492,0.300159,0.301453,0.301460,0.303976,0.304264,0.305196,0.305224,0.305226,0.307610,0.309196,0.309925,0.311056,0.312242,0.315366,0.317422,0.319349,0.319350,0.319422,0.322129,0.324753,0.326386,0.328633,0.332080,0.332714,
0.000833,0.222883,0.223023,0.235766,0.235799,0.235884,0.236742,0.236776,0.239389,0.241755,0.242480,0.243022,0.243773,0.244356,0.249000,0.254478,0.260153,0.261195,0.261859,0.263526,0.265226,0.270201,0.271875,0.281484,0.291917,0.291947,0.292305,0.293359,0.297475,0.309938,0.311084,0.316419,0.317403,0.320289,0.322121,0.326388,0.328019,0.328645,0.330188,0.332716,
0.235566,0.235908,0.236759,0.237988,0.240299,0.240498,0.241734,0.247694,0.258481,0.258530,0.260145,0.260210,0.261567,0.261855,0.262754,0.268535,0.271841,0.271853,0.273485,0.275091,0.279118,0.281478,0.283232,0.291978,0.296270,0.302741,0.303982,0.309424,0.309950,0.311052,0.311061,0.312236,0.313241,0.314364,0.315445,0.322992,0.325599,0.326663,0.332133,0.332714,
0.222691,0.236203,0.236649,0.238412,0.238456,0.240500,0.242341,0.250326,0.250340,0.250742,0.250819,0.255173,0.255210,0.255979,0.256880,0.266883,0.271839,0.273479,0.275124,0.275464,0.290505,0.293365,0.297524,0.297612,0.301505,0.306420,0.311516,0.312184,0.312250,0.312303,0.320274,0.321210,0.321282,0.324730,0.326332,0.329409,0.330758,0.330767,0.332091,0.332719,
0.238308,0.238362,0.242340,0.243301,0.243493,0.244738,0.244765,0.247847,0.248780,0.251070,0.253548,0.253559,0.255852,0.261806,0.271867,0.284616,0.289036,0.289565,0.291940,0.294762,0.298885,0.300249,0.301522,0.302729,0.305221,0.306421,0.307608,0.307616,0.315362,0.315373,0.317406,0.321227,0.322105,0.323150,0.324702,0.326548,0.327123,0.329415,0.331439,0.332716,
0.235540,0.235758,0.235916,0.237500,0.238447,0.240221,0.243025,0.244465,0.247262,0.250328,0.251956,0.255178,0.255201,0.256832,0.261477,0.263523,0.265199,0.265229,0.268544,0.271798,0.288170,0.289686,0.290511,0.291959,0.296162,0.306451,0.308935,0.312160,0.314358,0.315347,0.316400,0.320059,0.321206,0.323852,0.323854,0.324691,0.327874,0.327889,0.332088,0.332715,
0.000087,0.223091,0.223220,0.235703,0.237336,0.240451,0.240458,0.240519,0.244356,0.244416,0.247265,0.250811,0.251878,0.256803,0.256908,0.257882,0.258493,0.260948,0.262795,0.268607,0.276742,0.291990,0.294761,0.296142,0.298835,0.302731,0.307720,0.308769,0.312175,0.317480,0.320737,0.321218,0.323027,0.323892,0.327121,0.330125,0.331432,0.332152,0.332718,0.332760,
0.000079,0.223460,0.235632,0.235680,0.235760,0.238437,0.242355,0.242391,0.242957,0.244909,0.245807,0.247244,0.247678,0.250341,0.250376,0.261008,0.261353,0.261365,0.262807,0.263526,0.273489,0.275136,0.278556,0.282331,0.283032,0.283781,0.291926,0.301449,0.305220,0.312233,0.313311,0.316417,0.321210,0.323007,0.323865,0.324922,0.328659,0.329351,0.332713,0.332771,
0.235539,0.235750,0.236146,0.236567,0.236701,0.241676,0.243026,0.247584,0.248767,0.250943,0.251934,0.252232,0.254462,0.255159,0.255339,0.258500,0.260146,0.268656,0.273513,0.273624,0.283050,0.286076,0.293459,0.295049,0.301473,0.306073,0.308774,0.312475,0.315509,0.316399,0.317794,0.327220,0.327890,0.327893,0.327900,0.329451,0.329451,0.330754,0.332715,0.332723,
0.222660,0.222853,0.235552,0.235824,0.235925,0.236027,0.236776,0.238576,0.240389,0.241877,0.242986,0.245842,0.256838,0.258163,0.258183,0.260738,0.273504,0.275149,0.290532,0.296171,0.296189,0.301442,0.303952,0.305231,0.306396,0.306506,0.308789,0.312172,0.314324,0.315403,0.318378,0.321232,0.322317,0.323891,0.324885,0.327943,0.331433,0.331439,0.332717,0.332734,
0.236208,0.236733,0.237573,0.244311,0.247248,0.250344,0.256003,0.261347,0.261551,0.262668,0.263547,0.266903,0.273474,0.273537,0.284804,0.290515,0.291947,0.292264,0.297570,0.298837,0.298912,0.300402,0.304072,0.306439,0.307594,0.307600,0.308811,0.311066,0.313293,0.316397,0.316403,0.317395,0.318456,0.321212,0.322997,0.323137,0.325651,0.330755,0.332099,0.332716,
0.223254,0.235887,0.236522,0.236771,0.236794,0.240511,0.245813,0.250886,0.251970,0.253566,0.254662,0.255197,0.255203,0.261746,0.265181,0.271851,0.272383,0.276699,0.283065,0.286038,0.289093,0.290514,0.291941,0.294799,0.297493,0.298848,0.300146,0.303964,0.307640,0.309923,0.309931,0.309959,0.309987,0.313239,0.317857,0.320284,0.329369,0.329371,0.330052,0.332718,
0.236088,0.237338,0.237481,0.241689,0.242414,0.242496,0.243000,0.245830,0.250336,0.253536,0.255221,0.255863,0.255892,0.261620,0.266872,0.270620,0.275085,0.275949,0.278447,0.281472,0.281677,0.287585,0.291952,0.291966,0.293369,0.294740,0.296162,0.301454,0.308787,0.322127,0.322985,0.323058,0.323858,0.324698,0.330078,0.330101,0.330301,0.330772,0.332716,0.332736,
0.003036,0.003664,0.235622,0.237508,0.237514,0.237737,0.238681,0.242270,0.243020,0.244984,0.248772,0.250364,0.250380,0.250871,0.253557,0.253589,0.260229,0.261888,0.262731,0.265746,0.278335,0.286063,0.291927,0.296153,0.298881,0.300140,0.305221,0.306462,0.313255,0.314331,0.320302,0.322097,0.323854,0.326356,0.326487,0.328325,0.331430,0.331449,0.332716,0.332726,
0.236141,0.236208,0.237442,0.237485,0.237492,0.238697,0.238739,0.239376,0.241751,0.242396,0.243038,0.244417,0.248763,0.248792,0.250316,0.250353,0.251929,0.255238,0.255628,0.255990,0.257559,0.263553,0.271855,0.273490,0.281524,0.298845,0.304087,0.305211,0.305229,0.305756,0.315382,0.315582,0.316455,0.319353,0.321590,0.324739,0.325557,0.327126,0.329473,0.332713,
0.003120,0.235576,0.235734,0.235759,0.235778,0.237313,0.242917,0.243507,0.244481,0.254399,0.256811,0.257076,0.258508,0.261543,0.261930,0.262690,0.266919,0.266957,0.273466,0.275160,0.279971,0.281498,0.286080,0.286082,0.300263,0.304006,0.304016,0.305221,0.305755,0.307630,0.308135,0.311085,0.317410,0.319340,0.320290,0.325547,0.326324,0.326368,0.330803,0.332716,
0.236180,0.236712,0.236721,0.240180,0.240477,0.240499,0.245822,0.247807,0.247897,0.250366,0.251932,0.253542,0.257912,0.260291,0.270190,0.270193,0.271880,0.273501,0.275148,0.276732,0.278283,0.279933,0.281919,0.283079,0.287553,0.292019,0.293699,0.294775,0.302724,0.307647,0.314326,0.315405,0.315623,0.317376,0.319340,0.322144,0.325529,0.330768,0.332714,0.334119,
0.000117,0.236794,0.239333,0.239378,0.240503,0.240526,0.241712,0.243505,0.244726,0.245770,0.247680,0.248768,0.248875,0.251950,0.251974,0.255432,0.262352,0.262659,0.265198,0.276693,0.278331,0.286073,0.287599,0.294736,0.294767,0.296323,0.298818,0.305331,0.307658,0.312211,0.314348,0.315382,0.316388,0.317409,0.320348,0.324140,0.327133,0.327909,0.330752,0.331427,
0.235561,0.235844,0.238702,0.241648,0.242377,0.243424,0.244804,0.247252,0.252263,0.258098,0.258550,0.260155,0.260160,0.261265,0.263570,0.268561,0.271815,0.273499,0.279890,0.279958,0.291933,0.298851,0.300159,0.301484,0.305261,0.307616,0.307619,0.309913,0.311222,0.313910,0.314346,0.315358,0.316398,0.317393,0.318391,0.327690,0.328828,0.331429,0.331473,0.332725,
0.235535,0.235591,0.235949,0.236180,0.237388,0.238068,0.241760,0.242447,0.247276,0.247621,0.253903,0.255194,0.256859,0.258032,0.261921,0.263633,0.266886,0.270209,0.283044,0.293358,0.297491,0.308786,0.308817,0.312170,0.312181,0.312184,0.312197,0.318377,0.318426,0.319344,0.321207,0.322988,0.323173,0.323860,0.323955,0.324710,0.325811,0.326493,0.330776,0.332717,
0.235791,0.236155,0.236462,0.236757,0.240469,0.243046,0.251961,0.253588,0.253664,0.255217,0.256857,0.257913,0.260178,0.261903,0.262488,0.268553,0.273458,0.273487,0.273488,0.275117,0.275143,0.279920,0.283040,0.284582,0.286056,0.292026,0.293347,0.293357,0.297695,0.298869,0.301455,0.304007,0.304015,0.311035,0.315354,0.319375,0.320579,0.330830,0.332718,0.332824,
0.000352,0.223047,0.236768,0.237440,0.239351,0.242918,0.242972,0.243016,0.244359,0.245802,0.245831,0.247268,0.247507,0.248753,0.265208,0.268587,0.275148,0.278300,0.278333,0.287554,0.289017,0.291937,0.294755,0.298830,0.298861,0.298869,0.305467,0.309943,0.311076,0.313338,0.316424,0.319730,0.321214,0.323010,0.326350,0.329362,0.330073,0.331430,0.331517,0.332713,
0.235712,0.237345,0.238642,0.238809,0.240270,0.242337,0.242340,0.244314,0.244340,0.245819,0.247827,0.250374,0.253582,0.260383,0.262686,0.266893,0.276717,0.283001,0.287572,0.289021,0.297536,0.302763,0.306465,0.314080,0.321279,0.322114,0.322115,0.322996,0.323013,0.323913,0.325511,0.325539,0.326331,0.327147,0.327874,0.328627,0.329366,0.331129,0.331483,0.332717,
0.000095,0.222833,0.235641,0.235866,0.240480,0.240486,0.241709,0.241764,0.242448,0.243964,0.244870,0.245020,0.248857,0.253537,0.253653,0.253672,0.255445,0.261329,0.263537,0.271870,0.272192,0.273498,0.276711,0.284547,0.284880,0.289018,0.293349,0.294748,0.297532,0.300184,0.303970,0.314310,0.316391,0.318381,0.319381,0.320311,0.320442,0.322993,0.324700,0.332716,
0.003584,0.236504,0.236530,0.236690,0.237459,0.238449,0.238476,0.240219,0.240484,0.240535,0.244292,0.244370,0.245807,0.246224,0.247791,0.250984,0.261884,0.268188,0.270189,0.275111,0.283011,0.285224,0.286105,0.287582,0.287618,0.293366,0.298412,0.299117,0.307645,0.313277,0.314304,0.314321,0.316568,0.319334,0.320444,0.321234,0.323853,0.329392,0.332086,0.332718,
0.222685,0.236498,0.236733,0.236755,0.236756,0.237379,0.238677,0.243657,0.247285,0.247330,0.247756,0.248809,0.251920,0.253056,0.255172,0.255877,0.258516,0.258530,0.261286,0.261831,0.261874,0.273478,0.275080,0.283027,0.283029,0.287696,0.300247,0.300330,0.306422,0.307643,0.311043,0.315588,0.323875,0.326368,0.327179,0.328646,0.329350,0.329394,0.332718,0.332769,
0.222736,0.222793,0.235620,0.235740,0.235979,0.237477,0.241707,0.242341,0.245808,0.248792,0.257685,0.261050,0.261583,0.261781,0.262790,0.265198,0.268516,0.271847,0.275097,0.276700,0.289078,0.291985,0.293423,0.296193,0.297539,0.302077,0.308481,0.311143,0.314316,0.316491,0.316706,0.318510,0.319336,0.319354,0.322119,0.323061,0.326534,0.327137,0.332716,0.332733,
0.001650,0.235699,0.235928,0.236563,0.236748,0.238756,0.240411,0.240486,0.241621,0.242985,0.243014,0.245078,0.245857,0.248830,0.254455,0.255535,0.266895,0.276715,0.276720,0.283019,0.284614,0.290497,0.290533,0.292321,0.293359,0.293415,0.295651,0.307597,0.313266,0.313281,0.315831,0.316410,0.316413,0.316431,0.323269,0.327897,0.329359,0.330757,0.331427,0.332717,
0.223149,0.236135,0.236184,0.236550,0.236639,0.237402,0.240476,0.240506,0.241701,0.244328,0.244359,0.244393,0.244889,0.248792,0.248820,0.250983,0.268495,0.276740,0.278317,0.283028,0.287547,0.289059,0.291942,0.294788,0.297761,0.302734,0.303971,0.308844,0.315402,0.315476,0.317406,0.317433,0.319337,0.322108,0.323032,0.327195,0.327894,0.332089,0.332717,0.332870,
0.236798,0.236868,0.237470,0.238294,0.238633,0.239451,0.240469,0.242212,0.245807,0.245847,0.247307,0.247502,0.247573,0.247681,0.254339,0.260210,0.260980,0.261285,0.261902,0.262534,0.262587,0.271810,0.273499,0.273548,0.278308,0.279911,0.279950,0.287565,0.298836,0.306427,0.313263,0.314321,0.320320,0.320323,0.321200,0.322984,0.327126,0.328801,0.331421,0.332717,
0.000235,0.223142,0.235665,0.237492,0.238763,0.240307,0.243087,0.244385,0.248818,0.250572,0.250807,0.250969,0.251969,0.258616,0.262195,0.263546,0.273530,0.276708,0.278314,0.283037,0.286117,0.296137,0.298831,0.300168,0.301434,0.301490,0.302726,0.303220,0.309167,0.311059,0.313257,0.320303,0.322160,0.323043,0.324216,0.325550,0.326521,0.330095,0.331620,0.332717,
0.235722,0.236487,0.236562,0.236576,0.236790,0.237482,0.237484,0.239339,0.239398,0.240446,0.240967,0.241755,0.243174,0.244693,0.244985,0.247262,0.255936,0.260819,0.271856,0.273501,0.281466,0.283019,0.284581,0.289102,0.290481,0.298821,0.303980,0.306431,0.306436,0.306615,0.307629,0.308776,0.315591,0.318370,0.323053,0.324717,0.329377,0.331447,0.332719,0.332864,
0.223412,0.235508,0.236204,0.236608,0.236749,0.237207,0.239358,0.244333,0.244689,0.254473,0.255203,0.255569,0.258083,0.271850,0.271866,0.271898,0.276788,0.281507,0.283069,0.292028,0.293343,0.302707,0.305258,0.306424,0.307623,0.308964,0.309936,0.309989,0.310038,0.315356,0.317448,0.318379,0.323324,0.325528,0.326332,0.326410,0.327898,0.328762,0.330816,0.332716,
0.236018,0.236768,0.236809,0.247276,0.247536,0.251960,0.254551,0.255300,0.256792,0.258507,0.260175,0.261864,0.270169,0.271815,0.289050,0.293354,0.297510,0.300145,0.300158,0.301448,0.302728,0.302806,0.306110,0.310005,0.314384,0.316377,0.317383,0.317387,0.318383,0.319398,0.320285,0.321828,0.323035,0.325634,0.326322,0.326328,0.326555,0.327124,0.330060,0.332714,
0.235871,0.236433,0.236752,0.237475,0.240182,0.240465,0.243037,0.244317,0.245772,0.247284,0.251118,0.256057,0.261829,0.262598,0.266907,0.268545,0.270204,0.270212,0.281485,0.290490,0.290513,0.291973,0.292171,0.301480,0.302706,0.303990,0.307608,0.311085,0.312236,0.313261,0.315551,0.319341,0.323020,0.323022,0.325525,0.326382,0.328626,0.329459,0.330767,0.332715,
0.223025,0.235478,0.235649,0.235950,0.240143,0.241820,0.243466,0.245746,0.247767,0.250946,0.254604,0.265201,0.265214,0.265726,0.268653,0.283032,0.287556,0.289031,0.289036,0.290483,0.296146,0.300176,0.301458,0.302741,0.307610,0.307624,0.309947,0.311056,0.316420,0.318380,0.318393,0.319337,0.321315,0.322996,0.323058,0.328286,0.328680,0.330077,0.330829,0.332718,
0.222850,0.235500,0.236168,0.236595,0.247462,0.248838,0.251990,0.255226,0.260201,0.260967,0.261117,0.261774,0.261845,0.261878,0.262698,0.266881,0.267050,0.270270,0.273443,0.273489,0.275107,0.279911,0.286087,0.286167,0.287759,0.297494,0.299447,0.301481,0.302314,0.302705,0.305209,0.314345,0.316385,0.319343,0.321201,0.323954,0.327111,0.328626,0.330759,0.332717,
0.000507,0.236141,0.236170,0.240485,0.241735,0.242374,0.242489,0.245791,0.250874,0.251153,0.255211,0.255678,0.255720,0.260149,0.261006,0.261887,0.262694,0.265184,0.265193,0.273480,0.275140,0.286070,0.289027,0.289055,0.289059,0.296121,0.300145,0.309948,0.312186,0.312285,0.313279,0.323897,0.326354,0.326681,0.328716,0.328806,0.330076,0.331089,0.332089,0.332717,
0.000352,0.001169,0.235643,0.236741,0.237324,0.239373,0.248740,0.248789,0.250781,0.251138,0.251999,0.256935,0.258043,0.261841,0.263814,0.266902,0.268502,0.270184,0.271834,0.278852,0.283003,0.293370,0.293384,0.294788,0.296150,0.300222,0.301855,0.302741,0.309922,0.310174,0.311045,0.312182,0.317545,0.322096,0.326357,0.328633,0.329361,0.332714,0.332716,0.332945,
0.223041,0.235813,0.235827,0.235833,0.237487,0.239421,0.244391,0.247534,0.247746,0.248803,0.251053,0.251939,0.253588,0.261323,0.265213,0.268550,0.271491,0.273459,0.276721,0.278087,0.279925,0.290503,0.293387,0.294764,0.296154,0.305229,0.305233,0.306448,0.307837,0.312168,0.314340,0.314345,0.316377,0.317393,0.321200,0.321248,0.322137,0.326347,0.327099,0.332713,
0.005012,0.235857,0.236060,0.237362,0.238715,0.238728,0.240351,0.241700,0.242227,0.243021,0.243145,0.243717,0.244690,0.247536,0.247536,0.247758,0.255898,0.256090,0.261931,0.265162,0.266872,0.282991,0.287540,0.287576,0.289022,0.289071,0.290534,0.293346,0.301456,0.301490,0.303987,0.304028,0.316400,0.316423,0.317414,0.319328,0.325810,0.327110,0.329419,0.332714,
0.000097,0.001220,0.235549,0.235561,0.235919,0.236180,0.236186,0.236831,0.237471,0.237755,0.239394,0.240347,0.243041,0.247206,0.250975,0.254441,0.255165,0.255798,0.256891,0.258053,0.260830,0.260970,0.267400,0.268611,0.271829,0.271834,0.273514,0.284591,0.290511,0.300159,0.300300,0.307655,0.313277,0.313386,0.325529,0.329359,0.331443,0.331483,0.332717,0.333388,
0.223243,0.236270,0.238777,0.239363,0.241180,0.241677,0.242971,0.242987,0.243032,0.244842,0.250550,0.250955,0.252155,0.253540,0.256833,0.270188,0.290515,0.296154,0.296157,0.297463,0.297483,0.300225,0.305327,0.305515,0.309987,0.311313,0.314390,0.316515,0.316597,0.317388,0.318385,0.319906,0.325026,0.328622,0.331426,0.332107,0.332143,0.332716,0.332725,0.335732,
0.223131,0.235804,0.236197,0.236208,0.236476,0.237528,0.240437,0.244572,0.245837,0.248795,0.250925,0.251917,0.256860,0.260151,0.261446,0.263544,0.265209,0.266931,0.270190,0.276700,0.276743,0.276908,0.284545,0.297524,0.302901,0.303972,0.305192,0.308771,0.318404,0.319356,0.325526,0.326378,0.328642,0.330061,0.330318,0.330769,0.331431,0.332079,0.332134,0.332726,
0.000258,0.239459,0.240740,0.241675,0.244782,0.245876,0.250300,0.250370,0.251896,0.251958,0.251983,0.255187,0.258226,0.260172,0.260195,0.261128,0.261229,0.261839,0.262918,0.271883,0.275115,0.275173,0.276692,0.293369,0.293449,0.300182,0.302854,0.304213,0.305209,0.309972,0.312187,0.316370,0.317379,0.323446,0.326326,0.327156,0.327908,0.330770,0.331430,0.332717,
0.000691,0.222635,0.235589,0.235640,0.235700,0.235762,0.235823,0.236369,0.237522,0.240152,0.240385,0.243582,0.244344,0.244377,0.244728,0.245785,0.248766,0.256904,0.257948,0.260940,0.261501,0.271850,0.272025,0.281503,0.283013,0.283046,0.296204,0.303026,0.306415,0.307613,0.307627,0.311066,0.313263,0.315366,0.317401,0.319345,0.325095,0.330777,0.331424,0.332717,
0.236231,0.236388,0.237399,0.238384,0.238783,0.242413,0.243079,0.244362,0.244880,0.247254,0.247426,0.248800,0.250365,0.255606,0.258046,0.260157,0.261013,0.261079,0.268522,0.274788,0.276694,0.279868,0.286399,0.288247,0.296131,0.297498,0.298827,0.298897,0.307609,0.308856,0.314388,0.315239,0.316400,0.317419,0.317526,0.328714,0.330065,0.330066,0.332263,0.332718,
0.235889,0.236086,0.236706,0.236709,0.240259,0.240474,0.244380,0.245920,0.250370,0.251984,0.260867,0.261699,0.261875,0.265304,0.268526,0.271854,0.278333,0.279914,0.290520,0.294758,0.296154,0.296418,0.297480,0.300236,0.303999,0.304132,0.305194,0.308790,0.308902,0.315360,0.317399,0.317399,0.318542,0.319373,0.321269,0.323000,0.323910,0.326327,0.332140,0.332713,
0.222631,0.235808,0.236162,0.236484,0.236794,0.241706,0.243561,0.244371,0.244709,0.244837,0.247648,0.250913,0.256825,0.271843,0.273465,0.279905,0.282982,0.284677,0.287569,0.289117,0.291944,0.293343,0.294795,0.294797,0.297489,0.297491,0.298849,0.300160,0.303945,0.305210,0.305253,0.307619,0.317425,0.318370,0.319337,0.327876,0.329401,0.330756,0.331488,0.332714,
