0.000000,0.000000,0.000000,0.000000,0.000000,0.000000,0.000000,0.000000,0.000000,0.000000,0.000000,0.000000,0.000000,0.000000,0.000000,0.000000,0.000000,0.000000,0.000000,0.000000,0.000000,0.000000,0.000000,0.000000,0.000000,0.000000,0.000000,0.000000,0.000000,0.000000,0.000000,0.000000,0.000000,0.000000,0.000000,0.000000,0.000000,0.000000,0.000000,0.000000,
0.000000,0.000000,0.000000,0.222978,0.236552,0.236817,0.239417,0.242809,0.244167,0.245545,0.251436,0.254728,0.255896,0.256321,0.256424,0.258096,0.259793,0.261470,0.263220,0.266523,0.269839,0.276475,0.281320,0.284445,0.292052,0.296356,0.303112,0.304424,0.307007,0.308251,0.312887,0.312976,0.315243,0.319536,0.321748,0.327996,0.329068,0.333271,0.334731,0.334804,
0.000000,0.235876,0.236164,0.238371,0.240224,0.242413,0.249937,0.255159,0.256056,0.260747,0.261530,0.261867,0.263555,0.263699,0.270195,0.270198,0.273455,0.273504,0.281486,0.284520,0.291947,0.296984,0.300160,0.302890,0.303108,0.303988,0.308798,0.314379,0.314389,0.317392,0.323874,0.324085,0.324711,0.326355,0.327486,0.327907,0.328424,0.329364,0.330064,0.331428,
0.235964,0.236562,0.236802,0.237299,0.237383,0.237479,0.237490,0.238308,0.242880,0.242965,0.247310,0.251067,0.253587,0.256853,0.258183,0.266862,0.268514,0.278600,0.279906,0.283011,0.283014,0.286059,0.291898,0.297518,0.298853,0.304467,0.305224,0.308795,0.313276,0.314334,0.316402,0.318384,0.321667,0.323858,0.323876,0.327121,0.328643,0.329357,0.329370,0.331422,
0.222844,0.223126,0.235932,0.235954,0.236216,0.236283,0.236749,0.236789,0.237516,0.239346,0.243409,0.243586,0.247515,0.250790,0.251897,0.251934,0.253573,0.255920,0.261837,0.268578,0.268606,0.273460,0.276766,0.282991,0.283027,0.284540,0.301442,0.317447,0.320359,0.322992,0.325514,0.326344,0.327111,0.327952,0.330753,0.330882,0.330885,0.331422,0.331445,0.332825,
0.000176,0.009277,0.236669,0.238596,0.240202,0.241755,0.243349,0.245065,0.245773,0.245783,0.245860,0.250733,0.250794,0.250840,0.250879,0.255201,0.258492,0.263597,0.265186,0.266865,0.278312,0.278318,0.289039,0.291936,0.294788,0.300168,0.303978,0.306434,0.307659,0.319386,0.321218,0.324782,0.325378,0.326332,0.327879,0.327916,0.329463,0.330105,0.330749,0.332720,
0.236178,0.236641,0.238452,0.239367,0.241644,0.245800,0.247267,0.250335,0.255496,0.255506,0.260328,0.275146,0.281473,0.281475,0.281487,0.287579,0.288228,0.294760,0.300198,0.305327,0.305760,0.306453,0.307832,0.311125,0.312212,0.312307,0.313265,0.314164,0.314305,0.318391,0.319580,0.322128,0.323865,0.325547,0.325566,0.327117,0.327888,0.330070,0.330754,0.332715,
0.222762,0.223057,0.235666,0.235733,0.235832,0.236161,0.236696,0.238593,0.242438,0.243462,0.247687,0.247972,0.250320,0.254337,0.254746,0.256865,0.265193,0.265194,0.268525,0.268560,0.284562,0.289061,0.289117,0.291920,0.293362,0.294793,0.297499,0.300139,0.300266,0.301448,0.308798,0.313237,0.314354,0.319349,0.327129,0.327872,0.328618,0.330080,0.332715,0.332720,
0.235796,0.236724,0.237282,0.240258,0.240425,0.240485,0.244804,0.247595,0.247714,0.247730,0.247981,0.252071,0.254733,0.255280,0.256842,0.264297,0.265228,0.271849,0.273481,0.276704,0.278362,0.278389,0.278496,0.284620,0.289075,0.298831,0.300157,0.302734,0.303991,0.311054,0.314328,0.314345,0.316397,0.317397,0.322115,0.323879,0.324743,0.328874,0.332715,0.332716,
0.235633,0.238269,0.239443,0.241673,0.248877,0.253582,0.253583,0.253610,0.255304,0.255422,0.255823,0.261017,0.261847,0.262832,0.265217,0.268553,0.271858,0.271965,0.272030,0.283120,0.291924,0.293348,0.298835,0.300153,0.304163,0.306547,0.308772,0.308790,0.314333,0.314340,0.320387,0.323884,0.323900,0.325520,0.326345,0.326364,0.328628,0.331434,0.332715,0.332913,
0.235696,0.236197,0.236530,0.238365,0.238668,0.239376,0.239580,0.239643,0.242370,0.243021,0.243492,0.251114,0.254401,0.254409,0.255659,0.258529,0.261393,0.268560,0.275099,0.275105,0.276736,0.283048,0.287569,0.298883,0.304007,0.305234,0.306437,0.307613,0.307631,0.314330,0.314332,0.320275,0.321200,0.322989,0.323881,0.323890,0.324712,0.331430,0.331437,0.332715,
0.223294,0.235534,0.235964,0.236456,0.237364,0.237596,0.243794,0.244837,0.250374,0.258524,0.261566,0.261854,0.263522,0.270281,0.273575,0.280144,0.281481,0.287548,0.296236,0.305212,0.305267,0.308796,0.311110,0.312171,0.312207,0.315365,0.315374,0.316403,0.317650,0.319348,0.322133,0.323007,0.327878,0.327883,0.330127,0.330759,0.330785,0.332139,0.332252,0.332713,
0.235808,0.236829,0.238407,0.238669,0.240202,0.243658,0.244382,0.247921,0.250706,0.250819,0.251151,0.251975,0.257780,0.258466,0.260190,0.262579,0.262631,0.268531,0.270180,0.274315,0.276682,0.279930,0.279972,0.281463,0.287571,0.289122,0.291939,0.293384,0.300186,0.308789,0.314987,0.317387,0.319338,0.320262,0.322102,0.324706,0.328332,0.329363,0.330762,0.332714,
0.235587,0.235639,0.237376,0.237812,0.243383,0.244528,0.244835,0.245095,0.247802,0.248831,0.251951,0.257018,0.258315,0.261511,0.261763,0.263536,0.270184,0.270219,0.271848,0.276707,0.280099,0.283226,0.284547,0.286026,0.290528,0.306440,0.307604,0.307972,0.309960,0.310074,0.311051,0.311069,0.316392,0.316396,0.320313,0.322122,0.328649,0.328652,0.332086,0.332712,
0.235571,0.236027,0.238710,0.240488,0.240984,0.241651,0.241726,0.244356,0.244372,0.245829,0.247247,0.247619,0.247811,0.248770,0.250322,0.250389,0.253544,0.254333,0.255191,0.255198,0.258744,0.261703,0.262546,0.266899,0.283016,0.294757,0.296190,0.297560,0.298818,0.302886,0.303962,0.303987,0.306429,0.308826,0.319356,0.320332,0.322150,0.327100,0.328046,0.332715,
0.223149,0.235564,0.238746,0.244895,0.247630,0.248786,0.255180,0.256002,0.265219,0.266882,0.279904,0.283043,0.284544,0.284575,0.286083,0.287548,0.289054,0.290875,0.291926,0.293352,0.296158,0.296244,0.304434,0.309930,0.309980,0.310122,0.311064,0.314325,0.320312,0.320418,0.320533,0.322153,0.324700,0.325552,0.325557,0.327116,0.328690,0.329404,0.331431,0.332717,
0.000088,0.222912,0.235537,0.236737,0.238374,0.238392,0.248795,0.253562,0.255414,0.255760,0.261863,0.262832,0.268516,0.268694,0.276704,0.276728,0.278297,0.279885,0.279902,0.281464,0.283000,0.289056,0.303976,0.303991,0.303999,0.306430,0.307376,0.308781,0.315375,0.315386,0.317382,0.319345,0.327108,0.327123,0.327238,0.327892,0.328628,0.329454,0.329934,0.332718,
0.235555,0.236733,0.238227,0.238348,0.241756,0.243370,0.244346,0.244412,0.250388,0.251072,0.253600,0.255188,0.256818,0.257832,0.258570,0.261878,0.263340,0.265212,0.265705,0.271804,0.271854,0.271881,0.278784,0.282982,0.291923,0.292313,0.294792,0.302720,0.316416,0.319341,0.320295,0.322119,0.323851,0.327115,0.327189,0.328875,0.330062,0.330098,0.332085,0.332719,
0.222744,0.222882,0.235569,0.235629,0.235958,0.236727,0.236744,0.237951,0.242326,0.244429,0.244758,0.247569,0.250792,0.251108,0.253560,0.255234,0.260208,0.261114,0.265194,0.266900,0.275135,0.289035,0.289040,0.291959,0.294776,0.297525,0.299062,0.307622,0.307646,0.314295,0.315349,0.317388,0.323970,0.326351,0.329419,0.330064,0.330769,0.331480,0.332716,0.332848,
0.000090,0.000234,0.223095,0.235484,0.236765,0.237312,0.239340,0.239361,0.244382,0.247362,0.248741,0.256896,0.258066,0.258513,0.260173,0.260325,0.273645,0.275134,0.284554,0.290522,0.291959,0.291962,0.296155,0.297069,0.298827,0.298840,0.305215,0.308850,0.309952,0.313281,0.318371,0.319544,0.323844,0.323861,0.324700,0.329348,0.329661,0.331530,0.332173,0.332715,
0.000545,0.235525,0.235535,0.235746,0.236396,0.236701,0.236707,0.238346,0.238851,0.239334,0.239391,0.240307,0.241713,0.247293,0.247680,0.254663,0.256808,0.257842,0.260153,0.260170,0.261871,0.262689,0.275121,0.286328,0.289056,0.290476,0.290495,0.293371,0.293500,0.296154,0.297576,0.307667,0.308809,0.317491,0.320290,0.321198,0.330776,0.331448,0.331465,0.332717,
0.235470,0.235681,0.237408,0.237443,0.237497,0.237509,0.238348,0.238628,0.240205,0.243071,0.243511,0.245819,0.247834,0.254235,0.255481,0.258514,0.262504,0.262554,0.266915,0.268540,0.270253,0.279922,0.281504,0.281708,0.295061,0.306415,0.307601,0.310002,0.314360,0.315359,0.315409,0.321302,0.321323,0.324702,0.326357,0.330770,0.331433,0.331635,0.332234,0.332714,
0.222832,0.235562,0.235565,0.235770,0.240315,0.240491,0.244369,0.247257,0.247299,0.250872,0.254155,0.258492,0.258525,0.261242,0.265300,0.266877,0.268504,0.268565,0.273552,0.275140,0.278385,0.283026,0.296141,0.298853,0.300686,0.302719,0.303977,0.316394,0.316396,0.317532,0.318502,0.319349,0.322103,0.325530,0.325714,0.326377,0.330090,0.330456,0.332721,0.332734,
0.223119,0.235609,0.235718,0.235827,0.236146,0.236410,0.236451,0.236466,0.237505,0.238353,0.239331,0.247350,0.247623,0.248907,0.253512,0.253632,0.260226,0.270208,0.279931,0.283019,0.290509,0.291927,0.293340,0.293376,0.295084,0.295557,0.296137,0.297498,0.297545,0.301469,0.307613,0.307614,0.316398,0.318386,0.323020,0.323875,0.327922,0.329373,0.329579,0.332717,
0.000813,0.235715,0.235735,0.237457,0.243040,0.244995,0.245809,0.245851,0.247534,0.248791,0.250375,0.251207,0.253548,0.255207,0.255220,0.258683,0.260995,0.261301,0.266899,0.271835,0.289121,0.291953,0.293386,0.294731,0.297503,0.305265,0.306437,0.306441,0.307338,0.309933,0.309970,0.315372,0.317491,0.323880,0.324739,0.327888,0.329352,0.330770,0.332717,0.332731,
0.000875,0.235607,0.235666,0.237433,0.237515,0.238682,0.240356,0.243272,0.243313,0.244786,0.245799,0.246125,0.247577,0.248733,0.253138,0.256814,0.256828,0.256960,0.257677,0.258488,0.260595,0.261439,0.261442,0.261538,0.261816,0.271875,0.278327,0.279901,0.297580,0.298866,0.306424,0.318371,0.319338,0.321295,0.322096,0.326517,0.327128,0.327884,0.330099,0.332717,
0.008028,0.235816,0.236272,0.237560,0.238585,0.245799,0.247654,0.251905,0.255570,0.255573,0.258058,0.261006,0.261728,0.265175,0.268958,0.271870,0.275161,0.278339,0.283430,0.284554,0.298971,0.301726,0.303971,0.305204,0.306447,0.306466,0.316384,0.316471,0.317480,0.321879,0.322107,0.322236,0.323885,0.325007,0.325542,0.326337,0.327114,0.332126,0.332273,0.332717,
0.002124,0.222933,0.222987,0.235859,0.236697,0.237442,0.237470,0.240248,0.240857,0.241709,0.242134,0.247255,0.248829,0.250396,0.250972,0.251929,0.255912,0.260158,0.261489,0.262713,0.263021,0.271831,0.294753,0.298834,0.301639,0.302717,0.307617,0.307624,0.307641,0.308770,0.310488,0.315361,0.315363,0.317434,0.317699,0.319611,0.324700,0.327130,0.329351,0.332716,
0.235592,0.235615,0.235780,0.235789,0.236360,0.237557,0.238761,0.240132,0.240471,0.243018,0.243141,0.243218,0.250820,0.250991,0.253886,0.260188,0.260529,0.260763,0.261118,0.261864,0.268538,0.271822,0.273477,0.279932,0.281777,0.283009,0.284675,0.286051,0.287579,0.293390,0.294792,0.298844,0.311104,0.312154,0.314321,0.316444,0.316519,0.322135,0.324710,0.332717,
0.222700,0.223347,0.235561,0.235578,0.236458,0.238610,0.240502,0.242319,0.243536,0.248833,0.254492,0.257989,0.258461,0.262125,0.263541,0.265185,0.266912,0.273525,0.276730,0.278328,0.283021,0.283050,0.286067,0.287555,0.287585,0.289106,0.289267,0.304081,0.306516,0.311158,0.315380,0.315672,0.317390,0.320279,0.326390,0.327895,0.330090,0.332085,0.332549,0.332716,
0.235553,0.236718,0.236789,0.236795,0.237434,0.237447,0.237553,0.238808,0.242867,0.242991,0.247311,0.248776,0.251931,0.251954,0.252132,0.256899,0.257491,0.261816,0.261879,0.266858,0.270185,0.275083,0.275102,0.276708,0.276726,0.282346,0.300139,0.303987,0.303995,0.304007,0.307630,0.309932,0.320287,0.321454,0.322136,0.323112,0.330066,0.332100,0.332717,0.332878,
0.223078,0.235790,0.236754,0.238315,0.238340,0.238434,0.238595,0.239350,0.239460,0.242376,0.244308,0.245806,0.247281,0.251941,0.254506,0.255859,0.257718,0.262630,0.263528,0.263530,0.265170,0.287586,0.294783,0.298812,0.303985,0.303995,0.305288,0.306394,0.310069,0.311093,0.314315,0.314422,0.315383,0.323010,0.324768,0.326328,0.328624,0.328638,0.332717,0.332728,
0.235857,0.236577,0.236712,0.236812,0.238346,0.243024,0.244369,0.245048,0.245729,0.245742,0.245792,0.251925,0.254498,0.255220,0.257921,0.258486,0.260215,0.261285,0.265220,0.281580,0.283383,0.288076,0.289044,0.289073,0.293388,0.294815,0.300164,0.301489,0.304005,0.306432,0.309764,0.309917,0.317417,0.317467,0.319395,0.319426,0.322093,0.322396,0.330826,0.332715,
0.000067,0.235703,0.236631,0.236751,0.240387,0.241705,0.241719,0.248794,0.252008,0.256853,0.257000,0.260168,0.260947,0.268515,0.270255,0.270374,0.273908,0.278297,0.278312,0.279915,0.284808,0.297496,0.300148,0.302716,0.304067,0.305273,0.308830,0.314329,0.315373,0.316406,0.317407,0.320297,0.321219,0.322119,0.327880,0.330110,0.330116,0.330786,0.332719,0.332837,
0.222730,0.235536,0.235583,0.235591,0.235989,0.236192,0.236458,0.236489,0.240296,0.244306,0.244361,0.244370,0.245739,0.248813,0.251113,0.251462,0.253519,0.253579,0.254276,0.255713,0.258411,0.260222,0.260903,0.261811,0.263549,0.275077,0.275098,0.275128,0.276703,0.279902,0.279908,0.289037,0.295106,0.296135,0.304036,0.312176,0.316400,0.328641,0.331428,0.332718,
0.008702,0.222910,0.235584,0.236744,0.236759,0.237301,0.237394,0.237454,0.238432,0.240403,0.241686,0.242985,0.243621,0.247290,0.251921,0.260220,0.271896,0.278285,0.280195,0.281503,0.281550,0.283005,0.283055,0.286543,0.290750,0.302815,0.304036,0.308827,0.309938,0.310206,0.313253,0.314318,0.315463,0.323019,0.325550,0.328102,0.331427,0.332087,0.332717,0.332765,
0.235895,0.240465,0.241042,0.244321,0.246930,0.250762,0.251965,0.253603,0.256833,0.257665,0.258100,0.262851,0.262948,0.283021,0.287567,0.287612,0.289156,0.290493,0.291935,0.293338,0.293383,0.293390,0.296235,0.298858,0.300153,0.306434,0.311098,0.317548,0.318363,0.318378,0.319376,0.320275,0.321185,0.323000,0.324724,0.325521,0.327131,0.330807,0.332100,0.332715,
0.235671,0.236189,0.240523,0.241716,0.241725,0.242425,0.243370,0.250315,0.255202,0.256108,0.256861,0.260984,0.261212,0.261307,0.262578,0.262716,0.262727,0.262770,0.263806,0.265571,0.275111,0.275132,0.286066,0.286083,0.287595,0.293333,0.294746,0.303978,0.307627,0.314362,0.321295,0.322985,0.323000,0.323869,0.324977,0.327116,0.330774,0.331431,0.332146,0.332713,
0.003517,0.222549,0.235795,0.235803,0.236071,0.236439,0.237418,0.238670,0.240358,0.243254,0.243649,0.247915,0.248065,0.250350,0.251963,0.256815,0.260562,0.261156,0.261173,0.265210,0.265345,0.267226,0.284538,0.286063,0.290539,0.291990,0.292044,0.292452,0.296122,0.300544,0.302727,0.305212,0.312175,0.313251,0.319345,0.320287,0.322112,0.325847,0.327904,0.332714,
0.235712,0.238560,0.242996,0.243002,0.245790,0.247246,0.247270,0.250326,0.254592,0.258529,0.261597,0.265220,0.266887,0.273534,0.273592,0.278306,0.281553,0.288955,0.290533,0.291951,0.292000,0.293373,0.294153,0.300162,0.300265,0.308767,0.311089,0.316399,0.323025,0.324721,0.327120,0.327127,0.327968,0.329671,0.330261,0.330771,0.331521,0.331759,0.332719,0.333480,
0.236128,0.236130,0.236886,0.237461,0.237528,0.238333,0.238729,0.240216,0.240420,0.240525,0.242993,0.244363,0.245770,0.248798,0.248818,0.253560,0.258292,0.260185,0.261842,0.262603,0.273500,0.275095,0.283049,0.287545,0.287584,0.293362,0.297534,0.304005,0.310040,0.315352,0.315373,0.315409,0.318389,0.318454,0.320331,0.321216,0.327351,0.330086,0.332714,0.332767,
0.223067,0.223302,0.235783,0.236470,0.236697,0.238552,0.244839,0.247301,0.247448,0.247620,0.251935,0.254474,0.256890,0.261838,0.266871,0.270156,0.273499,0.275095,0.275133,0.276739,0.283029,0.286106,0.294881,0.296100,0.298832,0.298854,0.298859,0.298958,0.301442,0.305194,0.306479,0.307590,0.307744,0.316385,0.316458,0.317418,0.318386,0.327193,0.329368,0.332714,
0.236010,0.237445,0.237446,0.239358,0.239422,0.244362,0.247262,0.250375,0.255640,0.255750,0.260191,0.260844,0.261609,0.262691,0.265228,0.266870,0.290500,0.291939,0.298829,0.299014,0.305311,0.307661,0.309921,0.309949,0.312205,0.312286,0.318376,0.319381,0.320375,0.322096,0.323870,0.323898,0.326335,0.326343,0.329360,0.329361,0.329362,0.329540,0.331451,0.332714,
0.235827,0.235925,0.236123,0.236169,0.236763,0.236772,0.238612,0.243495,0.254474,0.254520,0.255190,0.255881,0.259023,0.260442,0.268838,0.270251,0.273468,0.275183,0.291921,0.291923,0.293383,0.298823,0.300193,0.302717,0.302738,0.305214,0.306852,0.307608,0.308901,0.310043,0.312190,0.314321,0.317390,0.317390,0.319399,0.323033,0.326323,0.330070,0.332715,0.332724,
0.235584,0.236725,0.238298,0.238679,0.240489,0.240521,0.241684,0.245916,0.248833,0.250318,0.255195,0.256833,0.256833,0.256840,0.261821,0.263515,0.270190,0.273564,0.275060,0.275095,0.281470,0.282997,0.283060,0.287585,0.289168,0.301676,0.305237,0.305263,0.307633,0.311059,0.311084,0.312162,0.314314,0.317371,0.319425,0.323027,0.326313,0.326399,0.329197,0.332717,
0.000254,0.000600,0.223007,0.223056,0.235927,0.235961,0.236076,0.236162,0.236202,0.240112,0.241753,0.242403,0.242972,0.244861,0.245772,0.247468,0.248815,0.253569,0.273498,0.275132,0.286112,0.290554,0.300151,0.302762,0.306437,0.311054,0.312225,0.314315,0.314320,0.314324,0.314355,0.315487,0.317411,0.320342,0.323006,0.324711,0.328633,0.330786,0.332711,0.332739,
0.222955,0.236429,0.236534,0.236545,0.238537,0.238699,0.244740,0.245069,0.247269,0.247735,0.254418,0.255222,0.255739,0.260333,0.261829,0.268566,0.270986,0.271909,0.278359,0.286103,0.290513,0.291935,0.293337,0.293380,0.301458,0.302734,0.309894,0.310023,0.314317,0.314358,0.316457,0.321207,0.324044,0.327110,0.327123,0.328631,0.329511,0.332713,0.332734,0.332827,
0.235585,0.235801,0.236725,0.237430,0.238713,0.240478,0.244966,0.256822,0.256840,0.256883,0.261077,0.263483,0.268670,0.275080,0.275098,0.278337,0.287576,0.287581,0.293452,0.301465,0.301493,0.302726,0.303959,0.306443,0.311173,0.312159,0.313049,0.314337,0.316374,0.320287,0.320316,0.322666,0.324699,0.325568,0.326336,0.327108,0.332185,0.332715,0.332715,0.332733,
0.000232,0.235545,0.235616,0.235751,0.235919,0.236158,0.236169,0.236538,0.238370,0.238371,0.247684,0.247713,0.253528,0.255774,0.257897,0.258095,0.260150,0.261829,0.261867,0.262414,0.263548,0.265213,0.275111,0.279873,0.281493,0.283040,0.293361,0.293389,0.298952,0.300148,0.301449,0.301454,0.308811,0.316408,0.318430,0.322116,0.323030,0.327951,0.330773,0.332713,
0.236158,0.237503,0.237574,0.239375,0.240426,0.240541,0.242304,0.245840,0.247278,0.247285,0.250398,0.254480,0.258013,0.260199,0.260724,0.261070,0.261822,0.263467,0.273474,0.275110,0.281432,0.281498,0.281561,0.286071,0.290514,0.292020,0.295046,0.296128,0.303121,0.306463,0.308789,0.310002,0.316651,0.317453,0.320547,0.322110,0.325533,0.329190,0.332714,0.332746,
0.000744,0.235562,0.235929,0.237394,0.237510,0.237528,0.239609,0.241756,0.243536,0.248775,0.248787,0.250412,0.255721,0.256838,0.258486,0.260758,0.263640,0.273561,0.276678,0.276709,0.276772,0.278326,0.281458,0.284567,0.294801,0.302754,0.306446,0.309956,0.313284,0.313298,0.316411,0.317390,0.319344,0.320301,0.328199,0.329406,0.330073,0.330997,0.331046,0.332718,
0.235970,0.236613,0.236767,0.238325,0.238787,0.240300,0.241753,0.244347,0.247640,0.253639,0.255390,0.258513,0.261408,0.261783,0.262419,0.265201,0.267416,0.270276,0.271904,0.273459,0.275082,0.275098,0.278324,0.287572,0.290516,0.292035,0.296179,0.297477,0.304005,0.304039,0.305220,0.308774,0.309357,0.309938,0.309939,0.312170,0.312175,0.319324,0.331471,0.332717,
0.000160,0.222961,0.235955,0.236495,0.236531,0.238443,0.238751,0.240430,0.242289,0.242388,0.244390,0.247631,0.250875,0.251912,0.254758,0.256843,0.258527,0.262382,0.265234,0.283063,0.283080,0.284548,0.284556,0.293368,0.293388,0.304079,0.308964,0.311058,0.314329,0.321245,0.322128,0.323016,0.323856,0.327132,0.327893,0.330086,0.331070,0.331429,0.332716,0.332730,
0.000069,0.236730,0.237432,0.237542,0.238320,0.239292,0.240495,0.242977,0.244394,0.246109,0.251961,0.254458,0.255184,0.255748,0.258054,0.258488,0.258525,0.260182,0.261533,0.268524,0.268530,0.279919,0.281481,0.302716,0.303545,0.307230,0.312186,0.313383,0.315460,0.316590,0.322991,0.323006,0.323865,0.324946,0.325514,0.326341,0.329498,0.332199,0.332718,0.332740,
0.235563,0.236059,0.237279,0.238654,0.244355,0.245754,0.247841,0.248808,0.248847,0.251907,0.254218,0.254505,0.255194,0.256903,0.257307,0.262273,0.263547,0.268538,0.273487,0.275101,0.281467,0.289046,0.289067,0.293356,0.301446,0.302735,0.305491,0.309932,0.311054,0.315438,0.318382,0.321215,0.321550,0.322148,0.323924,0.324734,0.328662,0.329357,0.330067,0.332718,
0.235686,0.236120,0.236141,0.238394,0.240433,0.240547,0.244439,0.250907,0.253628,0.256806,0.256961,0.260165,0.261851,0.266883,0.268553,0.271840,0.271841,0.273469,0.278315,0.278541,0.281465,0.284545,0.287554,0.287559,0.289033,0.290499,0.293368,0.305240,0.305266,0.307621,0.307628,0.307649,0.308789,0.312190,0.316426,0.323879,0.330755,0.330801,0.330991,0.332713,
0.000100,0.222722,0.222800,0.235793,0.235816,0.238569,0.239444,0.244330,0.244366,0.251961,0.254273,0.255201,0.258561,0.262737,0.263537,0.266837,0.270222,0.276746,0.278312,0.281440,0.281550,0.289105,0.290540,0.291926,0.303983,0.303989,0.309957,0.313262,0.315371,0.315393,0.316386,0.317398,0.321211,0.325546,0.325547,0.327903,0.327947,0.330086,0.332716,0.332736,
0.235907,0.236670,0.238394,0.238493,0.238712,0.240515,0.247581,0.247667,0.247836,0.248054,0.250316,0.250332,0.253504,0.255785,0.257826,0.258061,0.258482,0.261560,0.262690,0.273471,0.275118,0.275146,0.278525,0.283042,0.286094,0.290534,0.294760,0.296195,0.297501,0.301440,0.302747,0.303966,0.309942,0.315395,0.321199,0.321212,0.321237,0.325542,0.332713,0.332750,
0.223012,0.223171,0.237424,0.237500,0.239337,0.243023,0.243029,0.244746,0.248778,0.252026,0.255529,0.258177,0.258745,0.260176,0.261271,0.261659,0.262404,0.265210,0.268551,0.268676,0.270332,0.271852,0.281474,0.290514,0.300140,0.305491,0.306555,0.309954,0.314320,0.317929,0.322112,0.323004,0.323840,0.323861,0.323902,0.326385,0.329366,0.330172,0.330545,0.332718,
0.002930,0.238374,0.238764,0.239369,0.242331,0.247276,0.249568,0.258531,0.260172,0.260177,0.262172,0.262714,0.263511,0.271857,0.273476,0.273638,0.279914,0.283007,0.286081,0.289063,0.290505,0.293384,0.298867,0.299180,0.300578,0.304021,0.314375,0.320279,0.320337,0.323894,0.325550,0.326334,0.326347,0.326388,0.327127,0.327460,0.329637,0.330753,0.330757,0.332713,
0.222626,0.235914,0.236801,0.237387,0.237485,0.240443,0.241715,0.241777,0.241807,0.243107,0.243674,0.247264,0.250731,0.250831,0.254428,0.256803,0.261829,0.262778,0.263495,0.268556,0.270220,0.278285,0.283010,0.294743,0.298840,0.306428,0.307663,0.318378,0.318394,0.323388,0.323855,0.323856,0.323973,0.324248,0.325517,0.327127,0.327897,0.329362,0.330089,0.332716,
0.000939,0.235796,0.237477,0.237488,0.238684,0.242426,0.242966,0.243021,0.245768,0.245769,0.245779,0.247895,0.250347,0.253545,0.255573,0.256860,0.257999,0.258542,0.260198,0.261484,0.261698,0.262507,0.265255,0.267045,0.270183,0.271028,0.278283,0.278323,0.279934,0.287585,0.293391,0.301432,0.317401,0.320492,0.322219,0.322992,0.323223,0.323864,0.332117,0.332716,
0.000297,0.008209,0.222958,0.235657,0.235947,0.236143,0.236453,0.238781,0.239373,0.240139,0.241720,0.243607,0.244375,0.244451,0.244839,0.247529,0.247798,0.256879,0.257879,0.257935,0.260164,0.260551,0.261262,0.261764,0.271859,0.283424,0.286163,0.293414,0.300190,0.308779,0.312183,0.316532,0.317570,0.319377,0.320534,0.323033,0.327248,0.329021,0.329393,0.332715,
0.236888,0.245825,0.247341,0.247381,0.250358,0.251903,0.252013,0.255639,0.260162,0.261370,0.265209,0.265597,0.270225,0.270766,0.272235,0.273485,0.276766,0.281554,0.283032,0.283188,0.289173,0.294742,0.294776,0.307629,0.308795,0.311149,0.319335,0.319628,0.320290,0.320296,0.320333,0.320384,0.321236,0.321479,0.324695,0.324805,0.332099,0.332712,0.332721,0.332723,
0.001018,0.236142,0.236573,0.237489,0.239381,0.240285,0.241649,0.241723,0.243003,0.244343,0.244809,0.245193,0.245826,0.247413,0.247682,0.251020,0.251896,0.254407,0.255154,0.255179,0.255195,0.255216,0.255635,0.262711,0.263503,0.270229,0.273465,0.275145,0.281459,0.281487,0.297504,0.298858,0.303989,0.316472,0.319339,0.320274,0.321203,0.323007,0.325531,0.332719,
0.000089,0.000697,0.235673,0.236096,0.240375,0.240500,0.241843,0.242243,0.243189,0.243670,0.244549,0.244718,0.244771,0.247252,0.247645,0.250343,0.255919,0.256126,0.256825,0.262508,0.262555,0.266883,0.267016,0.271879,0.275113,0.278308,0.296349,0.297522,0.298949,0.304033,0.306437,0.307601,0.308798,0.315403,0.318386,0.323020,0.324704,0.330153,0.332711,0.332738,
0.235662,0.235811,0.238684,0.239403,0.240486,0.242402,0.244401,0.245595,0.247220,0.247767,0.247987,0.248804,0.250680,0.253623,0.258205,0.258600,0.261077,0.261126,0.262775,0.266892,0.271483,0.281600,0.286194,0.287636,0.289030,0.293827,0.294784,0.294817,0.300507,0.303980,0.310091,0.313292,0.314309,0.314329,0.315746,0.317405,0.323873,0.331453,0.332715,0.333517,
0.000150,0.001969,0.238726,0.242309,0.243020,0.243614,0.244407,0.247714,0.248805,0.250474,0.251963,0.253534,0.254335,0.256828,0.260297,0.260998,0.265171,0.270179,0.271863,0.275110,0.276770,0.281470,0.281551,0.294742,0.294800,0.298830,0.298834,0.300152,0.307751,0.309920,0.311061,0.315414,0.316384,0.323871,0.323896,0.324048,0.325540,0.330764,0.330768,0.332718,
0.235991,0.236613,0.236758,0.236879,0.238322,0.238385,0.238681,0.241713,0.244058,0.247258,0.248742,0.251879,0.253561,0.254317,0.259091,0.262728,0.265472,0.266866,0.268567,0.273502,0.275097,0.281298,0.281448,0.283010,0.284544,0.290503,0.290505,0.293340,0.302725,0.309944,0.313281,0.315515,0.319342,0.320292,0.321196,0.322133,0.325567,0.326530,0.330776,0.332713,
0.223033,0.235622,0.237543,0.240339,0.244392,0.244396,0.247283,0.247545,0.247891,0.250283,0.253489,0.254601,0.255772,0.261346,0.261425,0.261851,0.262544,0.263497,0.265184,0.265220,0.271892,0.283026,0.290548,0.291931,0.297521,0.298867,0.299200,0.301464,0.306407,0.311151,0.315367,0.318373,0.318379,0.324717,0.327354,0.330776,0.330823,0.331449,0.331484,0.332714,
0.236411,0.236736,0.236865,0.237410,0.238786,0.242290,0.247682,0.248803,0.250745,0.252043,0.258086,0.261177,0.261713,0.262649,0.271840,0.273474,0.281478,0.286071,0.286284,0.287560,0.291935,0.297481,0.298842,0.300138,0.300156,0.303682,0.305201,0.306912,0.308777,0.308792,0.311111,0.312148,0.313271,0.321391,0.325534,0.330059,0.330769,0.332715,0.332729,0.332842,
0.000101,0.235666,0.235768,0.235795,0.235858,0.236696,0.236775,0.240267,0.240470,0.242504,0.245785,0.247298,0.247759,0.253747,0.258153,0.260571,0.260701,0.263579,0.265436,0.270201,0.273491,0.273907,0.284566,0.294819,0.305309,0.309934,0.314319,0.314338,0.316400,0.316749,0.322119,0.322995,0.324694,0.324717,0.326338,0.328635,0.329681,0.331588,0.332719,0.332730,
0.235488,0.235535,0.235796,0.237606,0.238657,0.247263,0.247291,0.250677,0.255763,0.257978,0.258127,0.260190,0.261975,0.262635,0.262791,0.262961,0.265535,0.279960,0.283012,0.283013,0.289030,0.293399,0.296142,0.305239,0.306426,0.308794,0.311056,0.311087,0.312149,0.320315,0.321216,0.321244,0.321275,0.323860,0.327128,0.327920,0.329366,0.330207,0.330762,0.332713,
0.236461,0.236735,0.236747,0.236764,0.238288,0.239386,0.240520,0.240529,0.242980,0.243653,0.244651,0.247743,0.250691,0.255373,0.256845,0.256855,0.256860,0.260204,0.261433,0.261501,0.265580,0.270225,0.275120,0.279934,0.283185,0.290542,0.296165,0.298851,0.302730,0.307617,0.309903,0.315861,0.323028,0.327144,0.327883,0.328625,0.330081,0.330154,0.330757,0.332714,
0.000067,0.223036,0.235608,0.235839,0.235852,0.236002,0.236490,0.237342,0.243614,0.244355,0.244855,0.248822,0.250421,0.255211,0.255340,0.255641,0.257836,0.261310,0.262584,0.266876,0.270232,0.271855,0.275112,0.286120,0.286705,0.287623,0.298827,0.307644,0.308082,0.311056,0.311082,0.320293,0.321322,0.322163,0.326786,0.327149,0.327194,0.329412,0.332090,0.332714,
0.222856,0.222968,0.236728,0.237563,0.239394,0.241710,0.255174,0.255411,0.256854,0.257865,0.258550,0.260750,0.261897,0.261964,0.263518,0.269131,0.273489,0.279886,0.279893,0.290593,0.290644,0.291945,0.301466,0.307624,0.313286,0.314416,0.315376,0.316406,0.324693,0.325522,0.325706,0.326354,0.326433,0.327481,0.328990,0.329377,0.329955,0.331452,0.331734,0.332718,
0.235553,0.235649,0.235803,0.235906,0.236226,0.237496,0.238537,0.240514,0.242999,0.243034,0.248798,0.256071,0.261375,0.263495,0.263514,0.271828,0.283016,0.286057,0.287873,0.294776,0.296144,0.297525,0.300192,0.303965,0.303990,0.307620,0.307622,0.313517,0.316453,0.317431,0.319379,0.319419,0.320298,0.323860,0.327892,0.327902,0.329353,0.331777,0.332716,0.332752,
0.001053,0.235614,0.236055,0.236656,0.236790,0.237510,0.237547,0.241694,0.244744,0.247809,0.248802,0.250355,0.251957,0.255621,0.258116,0.258557,0.261872,0.262352,0.262427,0.263544,0.271956,0.273474,0.290476,0.297519,0.300115,0.305300,0.306509,0.309945,0.311054,0.315370,0.319363,0.322132,0.323886,0.324700,0.325615,0.328621,0.329429,0.330079,0.331432,0.332714,
0.235777,0.236469,0.237476,0.239529,0.241721,0.243445,0.245817,0.250407,0.254192,0.255211,0.258541,0.260208,0.261334,0.265161,0.270228,0.270433,0.275111,0.279893,0.290532,0.292139,0.293427,0.296134,0.298851,0.300548,0.304356,0.305195,0.308837,0.311055,0.311156,0.312191,0.315354,0.321209,0.323859,0.323875,0.328634,0.328999,0.329366,0.330802,0.332086,0.332715,
0.236804,0.240551,0.244859,0.247282,0.247668,0.250339,0.250569,0.253551,0.256872,0.258581,0.261662,0.261820,0.263496,0.265203,0.268506,0.268555,0.270232,0.287563,0.287981,0.291939,0.294773,0.298839,0.300145,0.300152,0.305217,0.305221,0.307593,0.311061,0.312187,0.312187,0.313272,0.314313,0.316398,0.317413,0.317415,0.323872,0.326374,0.327201,0.332147,0.332716,
0.000219,0.223119,0.235947,0.238345,0.238392,0.239379,0.240303,0.244828,0.247532,0.247594,0.251927,0.251949,0.255193,0.266865,0.268532,0.271842,0.273519,0.286058,0.286090,0.289050,0.294748,0.296150,0.303954,0.304158,0.305224,0.309212,0.309942,0.309996,0.315349,0.316427,0.317421,0.320282,0.322111,0.323009,0.327905,0.328651,0.329399,0.330252,0.330764,0.332715,
0.238335,0.238686,0.240195,0.240444,0.241774,0.242996,0.256878,0.260198,0.263022,0.263511,0.266495,0.267658,0.278307,0.286064,0.286234,0.289026,0.289120,0.290481,0.293345,0.297484,0.298892,0.302755,0.303979,0.306396,0.311092,0.312178,0.314302,0.315385,0.317393,0.318384,0.326322,0.326520,0.327120,0.327176,0.327866,0.327879,0.328637,0.331569,0.332088,0.332716,
0.001507,0.235647,0.235815,0.235959,0.235978,0.238365,0.238640,0.238649,0.238730,0.241712,0.242964,0.245800,0.250383,0.251049,0.254460,0.255848,0.258562,0.262909,0.263531,0.266880,0.273469,0.278309,0.279880,0.279925,0.293362,0.294750,0.302844,0.305220,0.313243,0.314330,0.320296,0.322973,0.323862,0.323869,0.324715,0.325519,0.328630,0.330117,0.330761,0.332718,
0.235836,0.236417,0.238323,0.238363,0.239396,0.240678,0.241687,0.242209,0.242284,0.243527,0.246294,0.251991,0.257078,0.260233,0.263520,0.265210,0.266909,0.268548,0.268614,0.271850,0.278344,0.278435,0.281481,0.287575,0.294762,0.297570,0.308809,0.314310,0.319389,0.320283,0.322992,0.322998,0.325580,0.326334,0.328633,0.328681,0.330062,0.331563,0.332713,0.333093,
0.235891,0.235921,0.236189,0.236444,0.237567,0.240219,0.250995,0.251204,0.256876,0.260173,0.260208,0.260778,0.261610,0.265196,0.266877,0.273624,0.275105,0.284561,0.284564,0.289038,0.289098,0.297494,0.298832,0.298837,0.301446,0.312206,0.313269,0.313282,0.315376,0.318478,0.322162,0.322990,0.324619,0.324731,0.326335,0.328620,0.328634,0.331576,0.332137,0.332719,
0.000067,0.235602,0.235735,0.235824,0.236097,0.236165,0.236319,0.236566,0.240413,0.243500,0.244769,0.247596,0.247720,0.250864,0.254448,0.261660,0.261824,0.266832,0.275114,0.275123,0.281503,0.289022,0.290696,0.293379,0.299031,0.301433,0.311043,0.314336,0.314395,0.316462,0.318412,0.322230,0.323012,0.325530,0.328742,0.329349,0.331425,0.331457,0.331568,0.332717,
0.002056,0.235630,0.235722,0.238359,0.239505,0.243008,0.244340,0.245046,0.251991,0.252501,0.258688,0.260826,0.263530,0.265190,0.265265,0.270264,0.273467,0.276767,0.282991,0.283025,0.283027,0.286508,0.287564,0.289069,0.293384,0.294805,0.297520,0.300155,0.307609,0.307655,0.308951,0.312172,0.314320,0.316631,0.318382,0.323927,0.326329,0.331572,0.332715,0.332763,
0.222829,0.237732,0.238681,0.241719,0.243021,0.244344,0.244600,0.251191,0.251966,0.255624,0.255714,0.255793,0.258527,0.261552,0.262742,0.266843,0.268605,0.270181,0.273506,0.278318,0.281483,0.298843,0.305250,0.307636,0.309961,0.309965,0.311070,0.314322,0.322993,0.322996,0.324716,0.327178,0.328644,0.329352,0.329379,0.330779,0.331445,0.332095,0.332717,0.332735,
0.223067,0.235564,0.235576,0.235635,0.235836,0.235915,0.237321,0.237604,0.240592,0.242352,0.242444,0.243061,0.247279,0.247547,0.250310,0.250821,0.250914,0.254467,0.256826,0.259278,0.260637,0.261066,0.261888,0.270348,0.273486,0.278317,0.278323,0.279889,0.290525,0.298033,0.300147,0.305200,0.307652,0.315902,0.317438,0.320285,0.320653,0.321249,0.326338,0.332716,
0.238719,0.240279,0.244332,0.244761,0.244809,0.244844,0.245846,0.247568,0.255258,0.258549,0.258601,0.262632,0.265225,0.267053,0.268543,0.271860,0.275121,0.276807,0.278574,0.279917,0.283051,0.286076,0.298851,0.302748,0.303057,0.303622,0.308789,0.308813,0.308929,0.311207,0.314317,0.314349,0.317585,0.320279,0.320290,0.321232,0.322192,0.324727,0.332716,0.332765,
0.000078,0.000095,0.235520,0.235527,0.235624,0.235661,0.236663,0.237424,0.237505,0.238611,0.241754,0.247401,0.247410,0.252066,0.260322,0.260800,0.265226,0.275117,0.278305,0.286096,0.286232,0.291967,0.293362,0.294769,0.296118,0.304007,0.307768,0.308010,0.308802,0.312155,0.313261,0.314327,0.314337,0.314358,0.321196,0.322115,0.326497,0.329356,0.331436,0.332716,
0.222859,0.235581,0.235676,0.236500,0.236649,0.240267,0.240511,0.247290,0.247297,0.247305,0.250950,0.253641,0.254817,0.255214,0.256898,0.257864,0.258453,0.260186,0.260250,0.270204,0.271842,0.278336,0.284550,0.285955,0.292106,0.301444,0.301540,0.301778,0.302721,0.305211,0.307605,0.308864,0.314344,0.315352,0.317497,0.322109,0.323855,0.325534,0.326345,0.332716,
0.000682,0.235932,0.236499,0.236754,0.237477,0.237521,0.243136,0.244352,0.244364,0.247278,0.250794,0.251214,0.254450,0.255487,0.258551,0.260834,0.260895,0.261854,0.262462,0.265240,0.266860,0.273494,0.273528,0.275154,0.279904,0.281509,0.283079,0.294758,0.302744,0.306437,0.309969,0.312156,0.313242,0.313263,0.317421,0.320297,0.327108,0.331478,0.332718,0.332723,
0.235851,0.236111,0.236148,0.236761,0.236805,0.239578,0.244369,0.247005,0.254484,0.255690,0.257005,0.260793,0.261840,0.262572,0.263526,0.268575,0.273483,0.273501,0.276775,0.278505,0.283008,0.287598,0.289044,0.290471,0.290508,0.302709,0.302733,0.305203,0.306411,0.307666,0.307849,0.316409,0.318435,0.321220,0.321317,0.326421,0.326717,0.330084,0.331458,0.332717,
0.222803,0.223029,0.237409,0.240184,0.240210,0.240376,0.242226,0.242465,0.242985,0.247324,0.250428,0.250758,0.255184,0.256847,0.260206,0.260993,0.261304,0.266878,0.268578,0.279893,0.291939,0.293380,0.293421,0.296466,0.306403,0.307657,0.308837,0.309923,0.312162,0.313261,0.317462,0.318395,0.320297,0.327146,0.327892,0.327892,0.327916,0.329371,0.332395,0.332717,
0.000467,0.222967,0.235926,0.238729,0.239388,0.242436,0.243715,0.244032,0.244727,0.245800,0.250701,0.254360,0.255664,0.257750,0.261207,0.266851,0.267053,0.268641,0.270197,0.273465,0.283002,0.286068,0.289062,0.293369,0.296116,0.296139,0.300183,0.313250,0.316409,0.317391,0.320290,0.321250,0.321351,0.322999,0.323344,0.325542,0.327261,0.327876,0.328620,0.332718,
0.236214,0.237476,0.238342,0.240080,0.240299,0.241641,0.244053,0.244596,0.244872,0.247591,0.249326,0.250990,0.251072,0.253530,0.254111,0.260192,0.261004,0.265181,0.273519,0.278332,0.281428,0.281487,0.283200,0.284535,0.290680,0.291932,0.300161,0.300718,0.301709,0.306451,0.308802,0.311073,0.316403,0.320287,0.320287,0.322985,0.323113,0.324950,0.326435,0.332719,
0.235736,0.236527,0.236694,0.237514,0.238647,0.238762,0.239355,0.240397,0.240624,0.242299,0.243014,0.243473,0.245787,0.247506,0.250372,0.251923,0.253564,0.254420,0.255227,0.255772,0.260179,0.260402,0.262010,0.265196,0.265231,0.266881,0.270325,0.273482,0.276665,0.281460,0.293357,0.307628,0.309979,0.311181,0.316396,0.324527,0.327115,0.330147,0.332712,0.332720,
0.235573,0.237471,0.238662,0.241722,0.242324,0.243605,0.250677,0.251090,0.251934,0.261857,0.263527,0.265402,0.271864,0.271935,0.283082,0.284559,0.286206,0.297533,0.298160,0.301460,0.301477,0.302731,0.303999,0.308782,0.308848,0.309325,0.313244,0.316436,0.317504,0.317821,0.318393,0.321205,0.323054,0.323866,0.324021,0.324700,0.328692,0.330889,0.331464,0.332717,
0.223011,0.235569,0.235779,0.236060,0.236194,0.237573,0.238732,0.242426,0.242455,0.242477,0.242966,0.248821,0.250344,0.250951,0.255194,0.261434,0.264149,0.265227,0.268663,0.273472,0.275278,0.276740,0.278305,0.284561,0.284619,0.293328,0.297529,0.298840,0.307606,0.309937,0.312164,0.320290,0.321225,0.323007,0.323012,0.325528,0.325534,0.327166,0.332719,0.332811,
