0.000000,0.000000,0.000000,0.000000,0.000000,0.000000,0.000000,0.000000,0.000000,0.000000,0.000000,0.000000,0.000000,0.000000,0.000000,0.000000,0.000000,0.000000,0.000000,0.000000,
0.000000,0.767230,0.786993,0.829385,0.830657,0.850687,0.859374,0.863517,0.869700,0.870207,0.877578,0.880163,0.890763,0.896249,0.897341,0.902350,0.903924,0.907580,0.909695,0.911417,
0.743701,0.753834,0.755390,0.802904,0.812956,0.852743,0.860073,0.865460,0.867062,0.868588,0.872144,0.872214,0.873555,0.883652,0.889561,0.893066,0.898191,0.900089,0.910517,0.911481,
0.804174,0.808142,0.825107,0.848837,0.858303,0.871599,0.872074,0.873762,0.881773,0.883130,0.884849,0.886926,0.891853,0.892671,0.893629,0.894034,0.899593,0.899727,0.903347,0.911485,
0.766258,0.781982,0.794486,0.794549,0.797266,0.824952,0.833180,0.836104,0.866887,0.870116,0.870451,0.871891,0.878327,0.881150,0.887949,0.890340,0.892428,0.898196,0.898714,0.911277,
0.748575,0.794369,0.794474,0.802432,0.832895,0.854207,0.854249,0.857083,0.863785,0.867293,0.879243,0.880870,0.884823,0.889863,0.891447,0.901615,0.903788,0.907308,0.907655,0.911504,
0.719306,0.765881,0.781982,0.782628,0.827631,0.830825,0.846028,0.856758,0.872782,0.877506,0.885387,0.889384,0.892415,0.897026,0.897383,0.898173,0.900871,0.902996,0.908078,0.911492,
0.813461,0.851385,0.852355,0.862140,0.863057,0.863797,0.869244,0.873511,0.874535,0.878297,0.881870,0.883265,0.884365,0.884567,0.888401,0.891943,0.895152,0.896778,0.903188,0.911365,
0.758151,0.767357,0.779801,0.799468,0.804398,0.834221,0.849387,0.860748,0.862687,0.865264,0.876124,0.876138,0.880551,0.884939,0.891425,0.893128,0.902015,0.906110,0.910578,0.911530,
0.743886,0.763754,0.803663,0.824743,0.834420,0.853439,0.857269,0.862623,0.863116,0.875507,0.878945,0.883075,0.891330,0.894348,0.894560,0.894654,0.895796,0.899545,0.904355,0.911684,
0.782734,0.793269,0.804023,0.805671,0.831248,0.855898,0.860924,0.873307,0.873408,0.873580,0.880978,0.887106,0.887414,0.889371,0.890792,0.892771,0.899780,0.908314,0.911374,0.911438,
0.816121,0.824349,0.824665,0.828509,0.830048,0.838710,0.841391,0.860864,0.871623,0.873657,0.876993,0.880996,0.884649,0.884818,0.887607,0.892775,0.901296,0.903966,0.904478,0.911612,
0.812896,0.813797,0.834296,0.846076,0.847324,0.858678,0.858942,0.864859,0.877590,0.877590,0.877702,0.878435,0.885680,0.886350,0.890526,0.899292,0.900791,0.901122,0.903053,0.911259,
0.794550,0.808452,0.823445,0.824545,0.829486,0.834538,0.858544,0.862929,0.873619,0.873650,0.875110,0.881043,0.881642,0.889927,0.893845,0.896210,0.896909,0.897611,0.909617,0.911441,
0.766725,0.804308,0.819295,0.822643,0.829861,0.832837,0.854063,0.856035,0.869843,0.870473,0.871595,0.873324,0.873501,0.880240,0.886594,0.889641,0.892986,0.897448,0.905388,0.911132,
0.794440,0.810050,0.818732,0.828402,0.829710,0.841522,0.844136,0.857242,0.861118,0.862616,0.875765,0.888190,0.890510,0.891277,0.891958,0.899721,0.899823,0.900262,0.900516,0.911491,
0.696360,0.742219,0.760947,0.770437,0.782659,0.843902,0.844737,0.846342,0.846661,0.864796,0.870417,0.870485,0.875638,0.879124,0.880467,0.883252,0.885355,0.885878,0.905703,0.911410,
0.794265,0.810926,0.819097,0.819529,0.825007,0.830993,0.845733,0.858098,0.861119,0.869825,0.873764,0.877168,0.879206,0.880147,0.886108,0.887445,0.895374,0.900354,0.901017,0.911428,
0.794450,0.817388,0.827179,0.829702,0.830680,0.833032,0.851312,0.856497,0.870721,0.875730,0.888936,0.895090,0.895710,0.896368,0.898549,0.902468,0.903518,0.904144,0.908719,0.911405,
0.818626,0.824475,0.829908,0.845571,0.846394,0.856235,0.856623,0.858950,0.876393,0.879757,0.884317,0.886087,0.888189,0.889742,0.892173,0.894874,0.900013,0.900982,0.906100,0.911266,
0.639328,0.782402,0.798652,0.845014,0.850388,0.853487,0.856463,0.861023,0.867983,0.869833,0.870072,0.876404,0.880143,0.881099,0.890013,0.891217,0.891675,0.902577,0.908873,0.911569,
0.804217,0.812100,0.822704,0.839003,0.842060,0.844787,0.848422,0.848795,0.851423,0.852083,0.863252,0.864030,0.874847,0.890622,0.893183,0.894638,0.898916,0.899855,0.910757,0.911470,
0.788711,0.794836,0.828241,0.838930,0.867087,0.868890,0.875922,0.881059,0.883505,0.885419,0.886507,0.888745,0.890403,0.892087,0.893196,0.893716,0.895064,0.899203,0.899491,0.911240,
0.797757,0.814292,0.831288,0.832935,0.838320,0.839532,0.840729,0.845595,0.849030,0.849166,0.859145,0.862987,0.878887,0.881156,0.883487,0.891556,0.894939,0.904918,0.906065,0.911223,
0.743997,0.803346,0.824406,0.828850,0.839671,0.856944,0.862911,0.864329,0.869115,0.873132,0.875060,0.890085,0.890450,0.891388,0.896460,0.902201,0.907230,0.907400,0.907899,0.911265,
0.606660,0.824612,0.837830,0.841736,0.842629,0.848743,0.873633,0.878613,0.882702,0.886702,0.891649,0.896574,0.896726,0.897547,0.899123,0.900350,0.900374,0.909627,0.910131,0.911606,
0.756762,0.782947,0.792764,0.797264,0.818984,0.828145,0.829913,0.841890,0.842358,0.845280,0.859139,0.868121,0.868253,0.883578,0.884088,0.894910,0.897705,0.901765,0.909062,0.911215,
0.783612,0.794692,0.833148,0.841998,0.850150,0.850813,0.852687,0.865042,0.865657,0.872239,0.873360,0.877257,0.888576,0.892821,0.896958,0.897237,0.903615,0.907474,0.909670,0.911452,
0.766324,0.804522,0.818610,0.830094,0.838247,0.838492,0.842710,0.871788,0.882922,0.886144,0.889560,0.891242,0.894133,0.894367,0.896883,0.898860,0.898871,0.904979,0.908700,0.911510,
0.766213,0.793317,0.799027,0.814429,0.824294,0.849552,0.854065,0.866270,0.868022,0.871554,0.878035,0.881662,0.885575,0.891902,0.895476,0.895486,0.896283,0.903700,0.903792,0.911483,
0.743054,0.765613,0.766459,0.800919,0.829875,0.856804,0.862233,0.862946,0.864662,0.875631,0.877555,0.879998,0.880289,0.881225,0.883238,0.895696,0.903830,0.904432,0.908766,0.911441,
0.743045,0.743119,0.799342,0.802824,0.809304,0.834157,0.853829,0.854084,0.859127,0.859879,0.864631,0.865558,0.891768,0.892989,0.895061,0.899860,0.903651,0.904330,0.910185,0.911508,
0.766079,0.786110,0.815815,0.819126,0.856408,0.859102,0.871485,0.873866,0.876941,0.877933,0.889221,0.889712,0.892313,0.894070,0.896105,0.898616,0.898723,0.899976,0.906662,0.911392,
0.743901,0.818599,0.825078,0.845524,0.849340,0.851374,0.856576,0.856937,0.869631,0.872296,0.876420,0.882022,0.883043,0.887990,0.892079,0.892296,0.893150,0.896999,0.900514,0.911377,
0.794558,0.810381,0.828650,0.842257,0.843180,0.846264,0.849097,0.861608,0.864009,0.873126,0.874902,0.890227,0.892372,0.892749,0.892910,0.893570,0.895461,0.899377,0.904745,0.911392,
0.776922,0.782040,0.802370,0.836000,0.847159,0.852963,0.861508,0.871042,0.877347,0.878648,0.878748,0.882268,0.882381,0.889063,0.894432,0.895990,0.899911,0.901624,0.910313,0.911280,
0.691996,0.766662,0.777502,0.812429,0.832119,0.832780,0.833831,0.834563,0.851143,0.864012,0.869043,0.878492,0.883445,0.894738,0.898860,0.899846,0.900445,0.901584,0.901939,0.911440,
0.743308,0.757573,0.765894,0.818466,0.823911,0.829106,0.846060,0.875282,0.875822,0.888845,0.893243,0.893659,0.897142,0.898468,0.899294,0.900944,0.901583,0.905505,0.910197,0.911335,
0.654197,0.734469,0.792047,0.801539,0.832099,0.838911,0.843206,0.851607,0.859394,0.870329,0.872926,0.874107,0.878776,0.882518,0.887747,0.896344,0.906491,0.908477,0.910927,0.911560,
0.806526,0.811374,0.812538,0.834736,0.842340,0.848221,0.848409,0.851521,0.854428,0.863407,0.863749,0.872230,0.872777,0.880562,0.881204,0.889386,0.894291,0.895779,0.907799,0.911447,
0.772698,0.778853,0.790838,0.824494,0.824861,0.845809,0.850243,0.856869,0.858856,0.871911,0.872746,0.884178,0.884230,0.886293,0.889454,0.894951,0.903174,0.906072,0.906223,0.911142,
0.743313,0.777999,0.794412,0.838228,0.845435,0.855115,0.857339,0.862632,0.865304,0.865699,0.873681,0.876448,0.881323,0.884503,0.888849,0.890004,0.892451,0.893704,0.897541,0.911710,
0.605556,0.744032,0.767443,0.793095,0.824251,0.827568,0.834596,0.851442,0.860881,0.872828,0.879169,0.881595,0.890621,0.901025,0.902485,0.903503,0.906725,0.906813,0.909629,0.911373,
0.795273,0.818108,0.822982,0.823876,0.827414,0.829587,0.842227,0.847805,0.858831,0.859127,0.870679,0.872201,0.872313,0.881100,0.882489,0.890616,0.902081,0.906011,0.911007,0.911414,
0.838011,0.845055,0.851890,0.856601,0.863409,0.863568,0.872952,0.881067,0.886521,0.889793,0.890829,0.891526,0.891610,0.892825,0.893446,0.895446,0.898338,0.898914,0.904866,0.911181,
0.789828,0.801383,0.812185,0.824206,0.838401,0.841385,0.842678,0.848135,0.848888,0.857199,0.868898,0.869708,0.877796,0.879192,0.884665,0.888722,0.891369,0.897106,0.904924,0.911423,
0.767080,0.804002,0.824356,0.845865,0.848245,0.854199,0.855237,0.862744,0.866108,0.868880,0.875209,0.878528,0.879917,0.886360,0.895052,0.898578,0.901593,0.904597,0.910998,0.911300,
0.742897,0.812479,0.825341,0.828245,0.832846,0.843747,0.846076,0.850517,0.854365,0.868134,0.875308,0.881418,0.884015,0.889731,0.889923,0.892700,0.907338,0.909021,0.909352,0.911637,
0.799366,0.811660,0.818930,0.820417,0.824548,0.840731,0.848169,0.870691,0.871173,0.872340,0.873809,0.876190,0.887242,0.887930,0.892862,0.893409,0.893502,0.894574,0.898965,0.911326,
0.803204,0.803426,0.811131,0.848984,0.857065,0.870446,0.872389,0.879926,0.880134,0.881748,0.883027,0.885046,0.886294,0.889854,0.890730,0.893030,0.895446,0.908618,0.909475,0.911423,
0.766652,0.782324,0.801103,0.806898,0.835574,0.839951,0.842256,0.846366,0.847231,0.867824,0.882345,0.883171,0.884022,0.887775,0.888095,0.891386,0.894740,0.901055,0.902540,0.911307,
0.824742,0.824932,0.826497,0.842507,0.848126,0.861271,0.867396,0.867532,0.872141,0.876646,0.878707,0.880188,0.883294,0.894927,0.899409,0.899651,0.900791,0.904334,0.908347,0.911301,
0.804294,0.805814,0.823023,0.836514,0.838081,0.848532,0.858825,0.859009,0.859143,0.874948,0.877283,0.878623,0.879640,0.880987,0.883375,0.891588,0.897080,0.898574,0.906680,0.911185,
0.792071,0.818498,0.863133,0.865086,0.867090,0.870319,0.875449,0.888893,0.890978,0.891298,0.892174,0.892416,0.893157,0.895323,0.898340,0.899990,0.901932,0.905377,0.908306,0.911289,
0.774984,0.794563,0.819615,0.824071,0.834461,0.836808,0.842391,0.847657,0.848447,0.848876,0.858737,0.866181,0.870914,0.876106,0.884174,0.884568,0.894996,0.909545,0.910350,0.911577,
0.838136,0.838279,0.841889,0.842227,0.849577,0.863223,0.867763,0.870904,0.874747,0.885176,0.886077,0.886273,0.888808,0.889597,0.890206,0.894129,0.900256,0.903958,0.906491,0.911513,
0.773024,0.782734,0.837668,0.838217,0.854566,0.856278,0.861336,0.865017,0.876044,0.877434,0.878563,0.885501,0.888292,0.888557,0.891185,0.905445,0.907815,0.909908,0.910330,0.911286,
0.743249,0.743502,0.794247,0.818726,0.823234,0.829230,0.834156,0.845380,0.851493,0.856976,0.858444,0.867148,0.867368,0.871353,0.881810,0.886514,0.886600,0.896196,0.907166,0.911367,
0.799105,0.803676,0.805867,0.833636,0.838146,0.853788,0.854575,0.856875,0.872348,0.881221,0.883601,0.885946,0.891991,0.893626,0.894029,0.896176,0.901765,0.905067,0.905780,0.911575,
0.792472,0.824259,0.831180,0.846117,0.854343,0.857220,0.861198,0.864469,0.867218,0.867493,0.883742,0.887255,0.888341,0.892103,0.896924,0.897480,0.899446,0.900694,0.902232,0.911525,
0.794536,0.805016,0.819611,0.828628,0.833724,0.837085,0.841913,0.843616,0.845421,0.846540,0.847255,0.848610,0.857316,0.869767,0.883346,0.887993,0.896514,0.900901,0.901046,0.911447,
0.783146,0.803490,0.833814,0.836971,0.838590,0.843991,0.854635,0.861534,0.864102,0.868873,0.878783,0.879879,0.884344,0.886997,0.891275,0.894461,0.906730,0.909127,0.911199,0.911374,
0.733770,0.742721,0.813406,0.840123,0.852123,0.854138,0.854299,0.860061,0.872979,0.880025,0.886430,0.890962,0.893511,0.894161,0.895148,0.895463,0.898380,0.904027,0.907252,0.911541,
0.792245,0.824599,0.829284,0.831834,0.834926,0.838027,0.847964,0.848408,0.854065,0.855443,0.856237,0.871292,0.875451,0.880104,0.887011,0.894933,0.901159,0.903138,0.904300,0.911553,
0.742915,0.789470,0.837289,0.845152,0.845513,0.852940,0.856454,0.862519,0.869890,0.871340,0.872810,0.873659,0.884379,0.894996,0.898720,0.899472,0.905881,0.907211,0.911043,0.911573,
0.744277,0.805335,0.813564,0.829701,0.838046,0.841972,0.847597,0.848337,0.854195,0.870491,0.875254,0.876172,0.882139,0.885772,0.890802,0.892723,0.900506,0.901642,0.906117,0.911577,
0.786757,0.811772,0.820419,0.823523,0.838322,0.854955,0.858447,0.862730,0.865446,0.867250,0.869053,0.872292,0.883746,0.887268,0.889158,0.890109,0.894444,0.895955,0.904767,0.911397,
0.782389,0.819392,0.840454,0.843702,0.850176,0.854019,0.855957,0.858920,0.864637,0.873369,0.874951,0.874973,0.877610,0.878418,0.880236,0.890261,0.893357,0.901323,0.908382,0.911399,
0.758122,0.766664,0.803681,0.811813,0.813732,0.824726,0.833928,0.851165,0.853807,0.859020,0.859059,0.863853,0.871927,0.874832,0.877382,0.882474,0.888041,0.894878,0.903556,0.911605,
0.743771,0.782641,0.794086,0.803921,0.811667,0.824737,0.829038,0.829745,0.842275,0.854927,0.861186,0.870052,0.870104,0.873359,0.882077,0.889158,0.901305,0.906430,0.907371,0.911407,
0.691319,0.764672,0.834125,0.850996,0.854352,0.861394,0.863011,0.866466,0.867980,0.871758,0.874758,0.874872,0.879793,0.883078,0.884360,0.890696,0.891884,0.892709,0.895905,0.911062,
0.691004,0.785678,0.823981,0.829377,0.845656,0.847295,0.853493,0.860457,0.863156,0.864772,0.867448,0.869330,0.869574,0.872130,0.885044,0.890223,0.899737,0.903125,0.907355,0.911531,
0.716897,0.817690,0.838358,0.845682,0.848539,0.851524,0.852989,0.854198,0.857786,0.864037,0.865201,0.867102,0.870235,0.875440,0.887010,0.892687,0.900532,0.904897,0.907024,0.911633,
0.766381,0.781969,0.794810,0.806817,0.829005,0.830652,0.834323,0.839205,0.848029,0.854252,0.854736,0.877267,0.882535,0.882599,0.885428,0.888702,0.888981,0.897920,0.904630,0.911278,
0.804016,0.804085,0.807327,0.811292,0.812852,0.812854,0.813636,0.841770,0.843787,0.845463,0.867131,0.878765,0.895039,0.899408,0.902382,0.902535,0.904558,0.906502,0.911161,0.911580,
0.742975,0.813696,0.817866,0.828741,0.839791,0.855582,0.856459,0.861339,0.865389,0.867211,0.873247,0.876744,0.883968,0.886071,0.889699,0.897742,0.897873,0.904007,0.904234,0.911562,
0.781243,0.824042,0.826073,0.840775,0.861362,0.871981,0.873388,0.877319,0.879327,0.883083,0.885618,0.888604,0.889144,0.890150,0.895313,0.898181,0.898940,0.905481,0.909831,0.911617,
0.838148,0.856708,0.858901,0.867745,0.868894,0.871097,0.872508,0.877665,0.878870,0.879246,0.881290,0.883134,0.885036,0.885221,0.886644,0.886747,0.901147,0.903479,0.908898,0.911390,
0.737496,0.742990,0.813931,0.840435,0.842953,0.861063,0.872078,0.873067,0.874923,0.883193,0.884932,0.887235,0.888351,0.890035,0.895986,0.903119,0.904293,0.908009,0.909257,0.911384,
0.766858,0.790089,0.824781,0.834953,0.841432,0.844056,0.853832,0.868277,0.871868,0.877418,0.877688,0.879814,0.883187,0.886417,0.892010,0.897081,0.898443,0.901473,0.904124,0.911515,
0.736493,0.788768,0.815211,0.824406,0.831271,0.837857,0.838622,0.857603,0.863775,0.867741,0.869690,0.870435,0.872290,0.879043,0.879519,0.885044,0.886844,0.897866,0.898326,0.911235,
0.782978,0.804791,0.821756,0.838430,0.841989,0.857374,0.858393,0.865153,0.866809,0.867004,0.881634,0.882016,0.883418,0.896125,0.898876,0.901376,0.907426,0.909149,0.910138,0.911328,
0.736858,0.804071,0.813830,0.819221,0.824564,0.824827,0.837259,0.845468,0.849498,0.850945,0.851561,0.882400,0.898983,0.899483,0.902527,0.905794,0.906831,0.907318,0.909471,0.911510,
0.749880,0.767367,0.794256,0.815908,0.842244,0.860770,0.868508,0.880298,0.882116,0.882898,0.884071,0.885893,0.895524,0.895654,0.897345,0.898165,0.902971,0.903002,0.906837,0.911463,
0.672808,0.798179,0.824404,0.836550,0.838267,0.841847,0.844282,0.854541,0.867220,0.869839,0.873470,0.877343,0.877591,0.882447,0.885812,0.893337,0.897400,0.900348,0.902875,0.911569,
0.743337,0.766378,0.766666,0.822674,0.845685,0.848512,0.854717,0.865881,0.870073,0.876587,0.880560,0.882477,0.887793,0.888326,0.890072,0.892820,0.900319,0.902197,0.906752,0.911733,
0.739538,0.794474,0.808334,0.812205,0.862735,0.863583,0.867344,0.871713,0.871717,0.875879,0.876610,0.882124,0.882321,0.892161,0.892352,0.896744,0.907408,0.907438,0.910481,0.911625,
0.789687,0.812602,0.834046,0.843747,0.850957,0.852723,0.858656,0.861505,0.872426,0.877004,0.877754,0.879685,0.880378,0.881664,0.888301,0.891294,0.892913,0.892930,0.893164,0.911375,
0.744128,0.794005,0.794647,0.798171,0.799891,0.834573,0.856447,0.867442,0.879039,0.881153,0.882427,0.883667,0.891748,0.891936,0.893278,0.893729,0.901130,0.905696,0.911034,0.911565,
0.766103,0.811748,0.812986,0.829638,0.862598,0.862965,0.866927,0.869195,0.874615,0.877638,0.878079,0.878414,0.885966,0.887634,0.890575,0.894748,0.896799,0.903550,0.905548,0.911571,
0.767102,0.822385,0.823934,0.829427,0.834027,0.851311,0.859103,0.862362,0.866008,0.873478,0.878394,0.878464,0.879823,0.881917,0.886295,0.886308,0.893009,0.895036,0.908942,0.911424,
0.811347,0.823844,0.835491,0.853934,0.863303,0.868779,0.872665,0.877259,0.878300,0.878994,0.882663,0.883375,0.883449,0.893833,0.894573,0.896414,0.901585,0.902312,0.907908,0.911612,
0.696703,0.766736,0.770125,0.793934,0.819689,0.823795,0.845684,0.857633,0.859073,0.861912,0.864699,0.873182,0.873459,0.875778,0.892451,0.896679,0.898005,0.899264,0.902343,0.911489,
0.470579,0.806397,0.811297,0.817720,0.817929,0.842198,0.851608,0.862914,0.869117,0.879753,0.885042,0.885160,0.886306,0.889573,0.893671,0.898210,0.900998,0.906309,0.910305,0.911471,
0.779956,0.788043,0.815248,0.818480,0.836696,0.841690,0.847242,0.854002,0.857131,0.869656,0.882320,0.884395,0.886110,0.890434,0.898980,0.901220,0.902916,0.906542,0.908127,0.911435,
0.795908,0.798858,0.813073,0.822909,0.824343,0.834980,0.838479,0.845205,0.848997,0.861120,0.865585,0.868678,0.878857,0.884790,0.891853,0.894762,0.897173,0.906384,0.906405,0.911585,
0.794645,0.798409,0.818428,0.824065,0.838432,0.841800,0.851183,0.851520,0.853769,0.859073,0.868528,0.868858,0.875740,0.878841,0.889107,0.893445,0.894421,0.896155,0.902511,0.911324,
0.767186,0.812165,0.819032,0.822701,0.826088,0.857038,0.871519,0.872463,0.878703,0.880761,0.887635,0.890175,0.891225,0.892221,0.895409,0.895441,0.898154,0.903560,0.910598,0.911457,
0.798294,0.830208,0.841514,0.845267,0.848869,0.860449,0.863390,0.865122,0.866950,0.867041,0.877753,0.881053,0.883536,0.885420,0.885791,0.894681,0.895566,0.908050,0.908503,0.911599,
0.789710,0.812436,0.818623,0.828717,0.829174,0.829326,0.851509,0.851681,0.870471,0.877654,0.879967,0.887691,0.890648,0.894532,0.898003,0.898087,0.898278,0.900959,0.902356,0.911659,
