0.000000,0.000000,0.000000,0.000000,0.000000,0.000000,0.000000,0.000000,0.000000,0.000000,0.000000,0.000000,0.000000,0.000000,0.000000,0.000000,0.000000,0.000000,0.000000,0.000000,0.000000,0.000000,0.000000,0.000000,0.000000,0.000000,0.000000,0.000000,0.000000,0.000000,0.000000,0.000000,0.000000,0.000000,0.000000,0.000000,0.000000,0.000000,0.000000,0.000000,
0.000000,0.238150,0.256446,0.257991,0.259756,0.261492,0.268222,0.279688,0.284490,0.292159,0.296482,0.300518,0.301785,0.307098,0.308232,0.313933,0.327302,0.330017,0.334112,0.774513,0.775161,0.775168,0.775172,0.775620,0.776086,0.776137,0.776153,0.776199,0.776209,0.776215,0.776476,0.776479,0.776750,0.776754,0.776770,0.776854,0.776914,0.777014,0.777065,0.777092,
0.236511,0.236600,0.237436,0.261201,0.261891,0.261937,0.286057,0.294525,0.297443,0.297511,0.305172,0.305211,0.306514,0.307902,0.309924,0.311251,0.320009,0.321226,0.325518,0.328802,0.329374,0.332741,0.333337,0.333348,0.333351,0.333361,0.333368,0.333374,0.333375,0.774642,0.775219,0.775362,0.775362,0.775526,0.775647,0.776140,0.776327,0.776550,0.776597,0.776876,
0.238327,0.241735,0.260192,0.273460,0.273491,0.273492,0.294578,0.312195,0.312347,0.316385,0.318432,0.321189,0.322707,0.324716,0.327118,0.328611,0.333000,0.333306,0.333307,0.333317,0.333339,0.333340,0.333342,0.333346,0.333347,0.333348,0.333348,0.333351,0.333353,0.333357,0.333370,0.333412,0.333419,0.333578,0.334507,0.775790,0.775816,0.775906,0.776004,0.776398,
0.235603,0.242988,0.248805,0.250340,0.260153,0.289089,0.291947,0.296134,0.298814,0.308768,0.309923,0.312186,0.313278,0.316374,0.317400,0.319330,0.320011,0.324714,0.329360,0.330755,0.330780,0.333307,0.333316,0.333317,0.333320,0.333329,0.333334,0.333335,0.333336,0.333340,0.333344,0.333346,0.333353,0.333371,0.333389,0.333398,0.775191,0.775368,0.776327,0.776896,
0.247257,0.261845,0.261882,0.265211,0.276705,0.284553,0.287609,0.303958,0.305208,0.320285,0.331426,0.333307,0.333310,0.333312,0.333315,0.333323,0.333327,0.333334,0.333335,0.333336,0.333339,0.333342,0.333342,0.333343,0.333343,0.333344,0.333346,0.333350,0.333353,0.333356,0.333360,0.333360,0.333378,0.333381,0.333388,0.333419,0.775501,0.776199,0.776245,0.777291,
0.235633,0.241707,0.247684,0.273476,0.283019,0.287563,0.289023,0.293362,0.300166,0.305180,0.318370,0.319338,0.327882,0.328658,0.331438,0.332080,0.333306,0.333307,0.333308,0.333316,0.333318,0.333324,0.333326,0.333328,0.333331,0.333332,0.333337,0.333341,0.333342,0.333348,0.333356,0.333358,0.333362,0.333369,0.333370,0.333382,0.774916,0.774950,0.776095,0.776302,
0.250900,0.266920,0.268551,0.278328,0.290530,0.297482,0.301441,0.305211,0.308771,0.313242,0.313514,0.318385,0.319357,0.319535,0.319801,0.320382,0.322981,0.327890,0.332742,0.333307,0.333309,0.333320,0.333326,0.333335,0.333336,0.333336,0.333337,0.333340,0.333342,0.333344,0.333345,0.333348,0.333353,0.333355,0.333357,0.333360,0.333361,0.333389,0.775749,0.776234,
0.243040,0.248786,0.248798,0.263498,0.263563,0.286079,0.301465,0.302722,0.312402,0.313240,0.317746,0.321193,0.323864,0.324726,0.333307,0.333309,0.333313,0.333314,0.333316,0.333320,0.333326,0.333331,0.333334,0.333334,0.333336,0.333338,0.333339,0.333341,0.333341,0.333341,0.333342,0.333343,0.333345,0.333345,0.333347,0.333348,0.333352,0.333360,0.333366,0.775951,
0.236769,0.253542,0.265197,0.265228,0.268563,0.273462,0.290484,0.294765,0.300202,0.303996,0.316388,0.318361,0.325518,0.325543,0.326319,0.329401,0.332099,0.332134,0.333308,0.333310,0.333322,0.333323,0.333325,0.333326,0.333326,0.333328,0.333330,0.333338,0.333338,0.333340,0.333343,0.333343,0.333348,0.333348,0.333350,0.333356,0.333362,0.333369,0.333369,0.775978,
0.235708,0.238772,0.239398,0.253512,0.254601,0.255204,0.265222,0.273494,0.287615,0.298836,0.302740,0.303979,0.305215,0.305249,0.312172,0.312181,0.321210,0.322991,0.330071,0.333307,0.333308,0.333313,0.333324,0.333328,0.333330,0.333334,0.333334,0.333336,0.333336,0.333338,0.333338,0.333339,0.333339,0.333342,0.333342,0.333351,0.333352,0.333366,0.333404,0.777254,
0.237488,0.254518,0.263553,0.290502,0.294755,0.297492,0.297525,0.300141,0.309929,0.313244,0.315383,0.317395,0.318375,0.320299,0.321202,0.323002,0.323839,0.324706,0.330089,0.330775,0.331435,0.333320,0.333325,0.333331,0.333332,0.333332,0.333335,0.333337,0.333340,0.333340,0.333348,0.333349,0.333356,0.333363,0.333368,0.333396,0.333414,0.333460,0.333557,0.775229,
0.244370,0.255180,0.255198,0.261851,0.263523,0.276762,0.279891,0.297494,0.298836,0.298851,0.306441,0.309936,0.312157,0.313262,0.314323,0.314401,0.317389,0.318384,0.323864,0.329345,0.329368,0.332725,0.333309,0.333331,0.333335,0.333335,0.333335,0.333336,0.333340,0.333341,0.333342,0.333343,0.333344,0.333346,0.333352,0.333352,0.333355,0.333368,0.333551,0.775659,
0.236638,0.237532,0.247752,0.261868,0.266907,0.273502,0.294735,0.294748,0.297484,0.298853,0.303951,0.307587,0.312173,0.320271,0.320274,0.320293,0.321202,0.322979,0.324691,0.324719,0.327110,0.327884,0.329351,0.332081,0.333307,0.333324,0.333325,0.333328,0.333336,0.333336,0.333342,0.333344,0.333345,0.333348,0.333351,0.333361,0.333370,0.333375,0.333376,0.776783,
0.000064,0.237483,0.240614,0.247301,0.263549,0.270167,0.275127,0.303964,0.312164,0.313264,0.314327,0.317387,0.318373,0.318386,0.321205,0.325521,0.326319,0.326443,0.329349,0.330075,0.333317,0.333320,0.333330,0.333331,0.333336,0.333337,0.333338,0.333339,0.333339,0.333340,0.333341,0.333341,0.333346,0.333351,0.333353,0.333363,0.333367,0.333370,0.333517,0.775965,
0.236496,0.237408,0.243527,0.245777,0.248795,0.261230,0.265201,0.266869,0.271861,0.271878,0.283028,0.284471,0.286068,0.291931,0.302752,0.305207,0.308798,0.317373,0.325537,0.332082,0.332086,0.333307,0.333308,0.333309,0.333315,0.333326,0.333328,0.333328,0.333330,0.333331,0.333335,0.333338,0.333341,0.333342,0.333344,0.333345,0.333349,0.333383,0.333465,0.776449,
0.236135,0.243053,0.250342,0.254627,0.273528,0.276717,0.278358,0.293653,0.306439,0.307626,0.308797,0.312169,0.314339,0.317373,0.321218,0.322107,0.322117,0.323855,0.329353,0.330058,0.330766,0.332084,0.332836,0.333323,0.333329,0.333337,0.333337,0.333338,0.333345,0.333346,0.333349,0.333355,0.333356,0.333358,0.333364,0.333367,0.333368,0.333444,0.334067,0.775403,
0.244349,0.244354,0.250356,0.273452,0.275112,0.279918,0.287591,0.296132,0.298847,0.305183,0.309919,0.309941,0.312152,0.312171,0.313254,0.314315,0.314319,0.316413,0.318399,0.318409,0.323856,0.324783,0.325522,0.331433,0.333307,0.333319,0.333324,0.333333,0.333334,0.333340,0.333340,0.333342,0.333344,0.333346,0.333347,0.333347,0.333348,0.333387,0.333568,0.775812,
0.244381,0.245772,0.276706,0.284553,0.290503,0.297469,0.300150,0.300155,0.307621,0.307636,0.308774,0.317396,0.323017,0.323833,0.323854,0.324708,0.325507,0.327106,0.327884,0.330089,0.332714,0.333307,0.333320,0.333321,0.333323,0.333331,0.333334,0.333337,0.333339,0.333342,0.333346,0.333347,0.333348,0.333355,0.333355,0.333356,0.333359,0.333385,0.333386,0.775414,
0.236471,0.245774,0.261842,0.261861,0.279909,0.294783,0.294805,0.301441,0.312215,0.313255,0.316384,0.320288,0.323867,0.325523,0.327880,0.329361,0.332717,0.333307,0.333320,0.333321,0.333322,0.333322,0.333323,0.333325,0.333328,0.333336,0.333337,0.333338,0.333338,0.333340,0.333342,0.333342,0.333342,0.333346,0.333351,0.333351,0.333357,0.333361,0.333383,0.776471,
0.241801,0.244442,0.245812,0.256902,0.266871,0.279928,0.282999,0.294789,0.314352,0.319337,0.322102,0.324708,0.325528,0.325528,0.327129,0.327887,0.329364,0.330767,0.333307,0.333310,0.333312,0.333317,0.333322,0.333325,0.333329,0.333331,0.333334,0.333336,0.333338,0.333340,0.333340,0.333341,0.333344,0.333345,0.333350,0.333352,0.333369,0.333370,0.333437,0.774638,
0.236504,0.236829,0.291953,0.293389,0.301483,0.303954,0.308791,0.311062,0.314377,0.324704,0.327885,0.330754,0.331425,0.331438,0.333306,0.333306,0.333316,0.333320,0.333322,0.333323,0.333327,0.333333,0.333335,0.333336,0.333336,0.333337,0.333337,0.333338,0.333338,0.333339,0.333340,0.333341,0.333344,0.333353,0.333358,0.333359,0.333361,0.333367,0.333385,0.776249,
0.235600,0.238338,0.240556,0.281440,0.286050,0.296140,0.297499,0.302755,0.305217,0.306544,0.308793,0.309918,0.311059,0.323835,0.323861,0.328625,0.331434,0.331436,0.333307,0.333311,0.333312,0.333322,0.333323,0.333326,0.333327,0.333330,0.333331,0.333334,0.333334,0.333334,0.333334,0.333336,0.333340,0.333343,0.333349,0.333353,0.333354,0.333356,0.333406,0.775507,
0.235979,0.237370,0.245808,0.255176,0.263576,0.270182,0.271849,0.275102,0.286069,0.287571,0.297458,0.307634,0.309931,0.318353,0.324714,0.326342,0.331438,0.332079,0.332097,0.333319,0.333324,0.333325,0.333331,0.333332,0.333334,0.333335,0.333335,0.333337,0.333339,0.333339,0.333339,0.333341,0.333346,0.333348,0.333349,0.333358,0.333361,0.333393,0.333423,0.776653,
0.248834,0.260200,0.263500,0.265266,0.266879,0.290470,0.291937,0.300166,0.307602,0.313245,0.317394,0.320278,0.321194,0.322123,0.324694,0.324700,0.328004,0.330060,0.330064,0.330761,0.332079,0.333312,0.333318,0.333320,0.333328,0.333332,0.333332,0.333334,0.333334,0.333337,0.333338,0.333339,0.333342,0.333356,0.333356,0.333364,0.333365,0.333369,0.333374,0.776863,
0.235604,0.256863,0.268521,0.275129,0.279900,0.283042,0.291924,0.300140,0.302723,0.305256,0.306425,0.306425,0.309932,0.312190,0.318367,0.321207,0.322106,0.322119,0.325522,0.326323,0.326341,0.332078,0.332712,0.333306,0.333307,0.333309,0.333329,0.333332,0.333333,0.333334,0.333335,0.333339,0.333339,0.333340,0.333341,0.333341,0.333342,0.333354,0.333368,0.776517,
0.235946,0.266900,0.268557,0.270232,0.278317,0.289039,0.290503,0.293388,0.313254,0.313255,0.314331,0.317378,0.321199,0.323941,0.327115,0.327875,0.329373,0.330061,0.331424,0.333307,0.333326,0.333329,0.333332,0.333332,0.333333,0.333334,0.333335,0.333337,0.333338,0.333338,0.333338,0.333340,0.333342,0.333346,0.333347,0.333354,0.333360,0.333361,0.333374,0.774757,
0.236746,0.237440,0.240493,0.248736,0.248786,0.256895,0.268518,0.268530,0.268554,0.270182,0.286059,0.289050,0.291944,0.305180,0.309929,0.314310,0.316374,0.322960,0.322986,0.327115,0.331456,0.332080,0.333320,0.333321,0.333327,0.333332,0.333333,0.333334,0.333334,0.333336,0.333336,0.333337,0.333340,0.333342,0.333344,0.333345,0.333353,0.333355,0.333365,0.774939,
0.235582,0.248800,0.251941,0.265228,0.276693,0.283031,0.290511,0.294771,0.300176,0.306411,0.312157,0.313245,0.317392,0.324708,0.326320,0.326353,0.328617,0.328633,0.329353,0.330074,0.333307,0.333323,0.333324,0.333325,0.333330,0.333330,0.333332,0.333333,0.333335,0.333339,0.333342,0.333345,0.333348,0.333354,0.333365,0.333366,0.333381,0.333404,0.333466,0.775997,
0.238300,0.247715,0.255215,0.263547,0.270263,0.279906,0.287603,0.293382,0.296171,0.300142,0.303976,0.313248,0.325511,0.325539,0.326332,0.327889,0.330061,0.333307,0.333307,0.333312,0.333319,0.333322,0.333328,0.333332,0.333334,0.333335,0.333335,0.333336,0.333336,0.333338,0.333339,0.333340,0.333343,0.333345,0.333348,0.333359,0.333361,0.333368,0.333377,0.775115,
0.235850,0.237610,0.239378,0.247283,0.253521,0.261848,0.294956,0.318386,0.322097,0.325516,0.325589,0.326332,0.327873,0.327876,0.328620,0.330081,0.330773,0.331422,0.333306,0.333307,0.333323,0.333325,0.333331,0.333331,0.333332,0.333334,0.333335,0.333336,0.333336,0.333338,0.333343,0.333344,0.333348,0.333353,0.333354,0.333359,0.333362,0.333369,0.333374,0.776506,
0.235586,0.238470,0.250367,0.256762,0.273503,0.279899,0.289065,0.290506,0.298845,0.300160,0.309992,0.313251,0.315354,0.318390,0.320270,0.322097,0.327115,0.330090,0.333308,0.333311,0.333316,0.333323,0.333325,0.333326,0.333329,0.333335,0.333335,0.333335,0.333336,0.333337,0.333338,0.333338,0.333338,0.333339,0.333340,0.333342,0.333377,0.333383,0.333413,0.776294,
0.238329,0.245831,0.278307,0.283138,0.287582,0.290485,0.297499,0.302724,0.303980,0.305240,0.314344,0.320287,0.320296,0.321187,0.330098,0.330801,0.333306,0.333312,0.333316,0.333319,0.333325,0.333328,0.333330,0.333332,0.333334,0.333336,0.333337,0.333339,0.333340,0.333341,0.333342,0.333346,0.333346,0.333351,0.333354,0.333356,0.333360,0.333364,0.333423,0.777096,
0.240498,0.245793,0.250346,0.273478,0.291950,0.293389,0.294784,0.296125,0.298836,0.302712,0.303989,0.306413,0.317364,0.318368,0.319330,0.323013,0.323873,0.327112,0.328632,0.332078,0.333309,0.333314,0.333325,0.333325,0.333334,0.333335,0.333336,0.333337,0.333337,0.333339,0.333341,0.333341,0.333341,0.333343,0.333344,0.333348,0.333359,0.333360,0.333397,0.777044,
0.237444,0.244850,0.247271,0.253562,0.265262,0.278348,0.284562,0.291936,0.298847,0.311132,0.315373,0.316385,0.322091,0.325521,0.327104,0.329356,0.331436,0.333319,0.333327,0.333332,0.333334,0.333334,0.333336,0.333337,0.333339,0.333339,0.333339,0.333343,0.333347,0.333348,0.333348,0.333350,0.333352,0.333352,0.333353,0.333353,0.333355,0.333364,0.333382,0.774893,
0.235960,0.240565,0.247300,0.260172,0.268575,0.281550,0.287536,0.287602,0.291939,0.291963,0.294770,0.296134,0.297496,0.300159,0.311069,0.312180,0.317388,0.325506,0.327124,0.330064,0.331422,0.331427,0.332714,0.332715,0.333307,0.333318,0.333321,0.333328,0.333332,0.333336,0.333336,0.333337,0.333338,0.333338,0.333342,0.333343,0.333354,0.333383,0.333498,0.775536,
0.236228,0.245862,0.260790,0.276734,0.278327,0.279865,0.281449,0.289058,0.293369,0.303984,0.316394,0.322102,0.322132,0.323021,0.325520,0.325524,0.328619,0.328624,0.331427,0.332075,0.333325,0.333329,0.333330,0.333333,0.333335,0.333335,0.333337,0.333338,0.333339,0.333345,0.333351,0.333352,0.333354,0.333354,0.333356,0.333357,0.333358,0.333361,0.333393,0.776829,
0.236099,0.238338,0.253523,0.261870,0.275115,0.284576,0.286092,0.294770,0.296136,0.307626,0.308765,0.311059,0.313245,0.316388,0.319659,0.321195,0.322993,0.323863,0.327116,0.333311,0.333313,0.333314,0.333322,0.333332,0.333334,0.333335,0.333336,0.333336,0.333336,0.333337,0.333338,0.333339,0.333339,0.333349,0.333355,0.333360,0.333361,0.333383,0.333407,0.776639,
0.235698,0.243011,0.247231,0.268530,0.283065,0.284563,0.290496,0.300148,0.305182,0.305207,0.308783,0.320296,0.321207,0.322206,0.322986,0.323857,0.327170,0.329355,0.331438,0.333306,0.333310,0.333315,0.333319,0.333331,0.333333,0.333335,0.333336,0.333337,0.333339,0.333341,0.333342,0.333343,0.333348,0.333349,0.333350,0.333353,0.333353,0.333356,0.333362,0.774099,
0.255123,0.261852,0.265201,0.271831,0.273543,0.276734,0.281541,0.302726,0.305216,0.308804,0.312142,0.314333,0.320277,0.320279,0.320283,0.323846,0.327109,0.327127,0.328624,0.329362,0.329370,0.330767,0.333309,0.333315,0.333315,0.333320,0.333327,0.333328,0.333334,0.333340,0.333340,0.333340,0.333340,0.333343,0.333346,0.333348,0.333358,0.333388,0.333418,0.776827,
0.238308,0.257997,0.273450,0.275132,0.301456,0.306418,0.306429,0.308793,0.308796,0.312174,0.313269,0.318370,0.318387,0.319329,0.322089,0.323837,0.324694,0.324694,0.325537,0.326316,0.331434,0.332084,0.333326,0.333327,0.333336,0.333341,0.333341,0.333342,0.333344,0.333346,0.333346,0.333346,0.333349,0.333352,0.333359,0.333363,0.333368,0.333370,0.333375,0.775943,
0.236136,0.251935,0.261870,0.276722,0.281456,0.281464,0.281497,0.283041,0.293372,0.296143,0.316394,0.317382,0.317410,0.318391,0.324695,0.324697,0.327893,0.328632,0.329359,0.330757,0.331703,0.333307,0.333311,0.333319,0.333321,0.333327,0.333331,0.333338,0.333339,0.333339,0.333339,0.333340,0.333342,0.333342,0.333345,0.333345,0.333347,0.333348,0.333396,0.774843,
0.235615,0.239350,0.240510,0.241688,0.247306,0.265214,0.268489,0.287582,0.298862,0.300134,0.313251,0.314344,0.315364,0.321201,0.322977,0.329342,0.330067,0.331427,0.333320,0.333321,0.333323,0.333325,0.333327,0.333334,0.333335,0.333335,0.333337,0.333337,0.333339,0.333342,0.333342,0.333353,0.333354,0.333355,0.333358,0.333359,0.333370,0.333377,0.333407,0.775130,
0.235508,0.235977,0.239343,0.241721,0.260148,0.260210,0.268508,0.270193,0.287566,0.294742,0.297487,0.303969,0.306433,0.308772,0.311064,0.326326,0.327890,0.328647,0.329353,0.330821,0.332707,0.332728,0.333306,0.333307,0.333311,0.333316,0.333324,0.333328,0.333330,0.333333,0.333336,0.333337,0.333340,0.333342,0.333343,0.333344,0.333356,0.333365,0.333383,0.776651,
0.241732,0.241768,0.248846,0.250313,0.261883,0.268526,0.296126,0.298859,0.300144,0.302740,0.302782,0.316388,0.316470,0.318421,0.321208,0.321217,0.322109,0.323845,0.326322,0.328621,0.332108,0.333307,0.333313,0.333323,0.333327,0.333333,0.333335,0.333335,0.333336,0.333336,0.333337,0.333346,0.333356,0.333356,0.333365,0.333371,0.333372,0.333390,0.333430,0.774036,
0.235516,0.235705,0.241785,0.242994,0.250342,0.271853,0.290501,0.293420,0.301482,0.302727,0.309933,0.315373,0.318381,0.319332,0.319345,0.319350,0.320286,0.321212,0.323852,0.325538,0.328669,0.330759,0.333306,0.333308,0.333313,0.333321,0.333321,0.333331,0.333335,0.333338,0.333340,0.333341,0.333341,0.333341,0.333349,0.333350,0.333351,0.333353,0.333355,0.775063,
0.235792,0.236123,0.239406,0.240517,0.242970,0.243023,0.250350,0.255186,0.256874,0.279862,0.291950,0.293346,0.303970,0.308793,0.311043,0.314326,0.318369,0.319342,0.323851,0.325525,0.325547,0.329367,0.330089,0.332070,0.333317,0.333325,0.333328,0.333335,0.333341,0.333341,0.333342,0.333342,0.333347,0.333353,0.333358,0.333362,0.333363,0.333387,0.333390,0.775609,
0.236784,0.266922,0.270168,0.278318,0.278348,0.297486,0.300144,0.301511,0.304003,0.312170,0.313240,0.314341,0.322100,0.324689,0.326369,0.327112,0.327138,0.327961,0.329369,0.332085,0.333308,0.333309,0.333316,0.333322,0.333330,0.333331,0.333335,0.333336,0.333337,0.333338,0.333339,0.333342,0.333344,0.333345,0.333345,0.333347,0.333380,0.333388,0.333396,0.776168,
0.242576,0.247855,0.250302,0.258187,0.271869,0.293334,0.294740,0.302718,0.305206,0.306421,0.308775,0.308789,0.309918,0.309933,0.316378,0.323862,0.325586,0.326325,0.327118,0.330055,0.332110,0.333307,0.333308,0.333321,0.333322,0.333324,0.333332,0.333334,0.333335,0.333336,0.333337,0.333337,0.333338,0.333344,0.333350,0.333352,0.333361,0.333362,0.333365,0.776712,
0.236117,0.256827,0.293328,0.311074,0.313273,0.317382,0.317402,0.318372,0.324702,0.326332,0.327137,0.327874,0.328638,0.330075,0.330800,0.331433,0.331437,0.332085,0.333309,0.333324,0.333328,0.333330,0.333330,0.333332,0.333338,0.333338,0.333339,0.333339,0.333339,0.333343,0.333346,0.333347,0.333347,0.333348,0.333353,0.333364,0.333478,0.333515,0.333599,0.775158,
0.240414,0.244319,0.248787,0.262846,0.263568,0.270216,0.286067,0.301444,0.303978,0.306418,0.309919,0.309948,0.312194,0.314320,0.318373,0.327964,0.330060,0.332080,0.332714,0.333320,0.333321,0.333328,0.333329,0.333330,0.333334,0.333335,0.333335,0.333336,0.333336,0.333336,0.333337,0.333339,0.333340,0.333341,0.333342,0.333345,0.333353,0.333353,0.333373,0.775153,
0.235589,0.238393,0.248774,0.251930,0.273465,0.278355,0.287570,0.289053,0.300162,0.307621,0.308801,0.308822,0.312157,0.312540,0.315369,0.317417,0.318375,0.321210,0.325520,0.327109,0.330064,0.330752,0.330752,0.331437,0.333315,0.333322,0.333324,0.333325,0.333331,0.333334,0.333335,0.333336,0.333338,0.333347,0.333347,0.333348,0.333349,0.333350,0.333470,0.776207,
0.235665,0.273480,0.289025,0.300149,0.300155,0.302756,0.311050,0.313242,0.313266,0.316390,0.318382,0.320269,0.321250,0.324697,0.325516,0.327107,0.332078,0.333309,0.333319,0.333327,0.333333,0.333335,0.333335,0.333335,0.333336,0.333338,0.333338,0.333339,0.333342,0.333342,0.333343,0.333346,0.333346,0.333346,0.333355,0.333360,0.333378,0.333381,0.333420,0.775158,
0.238463,0.247284,0.273508,0.275107,0.281503,0.283012,0.283038,0.287579,0.289051,0.294765,0.297498,0.301445,0.306427,0.306433,0.309943,0.313231,0.313251,0.315365,0.315370,0.317375,0.317384,0.317406,0.320286,0.322140,0.327124,0.328632,0.332720,0.333306,0.333321,0.333329,0.333329,0.333332,0.333337,0.333339,0.333341,0.333351,0.333353,0.333355,0.333419,0.775402,
0.235662,0.236831,0.247267,0.261856,0.281426,0.281470,0.287550,0.293355,0.293414,0.302727,0.305239,0.308787,0.308812,0.309942,0.313236,0.315384,0.316402,0.317387,0.320303,0.322106,0.323848,0.324700,0.327884,0.333314,0.333326,0.333334,0.333334,0.333337,0.333340,0.333341,0.333343,0.333343,0.333344,0.333346,0.333350,0.333355,0.333355,0.333358,0.333363,0.775964,
0.235622,0.258374,0.261886,0.268518,0.275099,0.275110,0.275116,0.289076,0.298819,0.312160,0.316380,0.317384,0.319391,0.325596,0.326421,0.327111,0.327114,0.328630,0.329358,0.330066,0.330766,0.332104,0.332729,0.333309,0.333314,0.333314,0.333318,0.333324,0.333325,0.333330,0.333333,0.333338,0.333341,0.333343,0.333347,0.333348,0.333350,0.333353,0.333358,0.776131,
0.238340,0.240521,0.244908,0.251951,0.253526,0.266874,0.273479,0.287564,0.290520,0.294768,0.298855,0.300428,0.311069,0.312143,0.318371,0.319324,0.327115,0.327120,0.331424,0.332079,0.332719,0.332721,0.333319,0.333319,0.333324,0.333335,0.333335,0.333335,0.333336,0.333337,0.333338,0.333344,0.333348,0.333353,0.333355,0.333361,0.333362,0.333362,0.333418,0.775348,
0.236226,0.243033,0.263543,0.275140,0.287551,0.297512,0.301445,0.303968,0.305191,0.311057,0.311064,0.322991,0.323004,0.324705,0.330112,0.332729,0.333309,0.333317,0.333326,0.333330,0.333331,0.333332,0.333333,0.333335,0.333335,0.333337,0.333338,0.333338,0.333338,0.333338,0.333342,0.333343,0.333343,0.333351,0.333353,0.333363,0.333392,0.333398,0.333504,0.776481,
0.258483,0.258494,0.293321,0.303978,0.314327,0.316397,0.317399,0.319318,0.324688,0.326317,0.326326,0.326349,0.328613,0.330072,0.332720,0.333309,0.333310,0.333326,0.333330,0.333330,0.333330,0.333332,0.333333,0.333334,0.333335,0.333336,0.333338,0.333338,0.333340,0.333345,0.333346,0.333348,0.333349,0.333352,0.333356,0.333362,0.333369,0.333389,0.333408,0.774475,
0.237479,0.237515,0.239456,0.240297,0.253532,0.258553,0.266867,0.268600,0.279901,0.294738,0.313259,0.315368,0.315387,0.319355,0.319358,0.323846,0.323862,0.324692,0.325511,0.325522,0.333313,0.333314,0.333319,0.333322,0.333322,0.333333,0.333334,0.333335,0.333336,0.333337,0.333337,0.333338,0.333339,0.333340,0.333341,0.333343,0.333344,0.333363,0.333372,0.775438,
0.236197,0.243033,0.247787,0.258530,0.260191,0.270284,0.276709,0.276736,0.278310,0.283050,0.298843,0.303986,0.309937,0.318391,0.320315,0.321200,0.322989,0.323834,0.323845,0.327947,0.328633,0.329355,0.333329,0.333330,0.333335,0.333335,0.333339,0.333339,0.333339,0.333341,0.333343,0.333343,0.333344,0.333345,0.333361,0.333366,0.333371,0.333402,0.333446,0.775149,
0.236744,0.240534,0.241748,0.247866,0.248823,0.256826,0.258468,0.261787,0.263564,0.268537,0.275132,0.287560,0.287567,0.291915,0.303978,0.306415,0.317405,0.318383,0.321201,0.325615,0.328642,0.329355,0.331421,0.333324,0.333328,0.333330,0.333336,0.333337,0.333339,0.333339,0.333340,0.333341,0.333342,0.333346,0.333357,0.333361,0.333362,0.333390,0.333521,0.775572,
0.253595,0.255228,0.256114,0.258162,0.258534,0.260162,0.278309,0.290501,0.306425,0.307613,0.316413,0.320311,0.327920,0.329433,0.330111,0.331415,0.332714,0.333310,0.333319,0.333322,0.333327,0.333327,0.333331,0.333334,0.333336,0.333337,0.333338,0.333342,0.333343,0.333348,0.333353,0.333355,0.333356,0.333356,0.333365,0.333372,0.333391,0.333392,0.333521,0.774089,
0.241668,0.248831,0.258064,0.258512,0.263534,0.275124,0.278326,0.279924,0.298857,0.311326,0.312155,0.319335,0.321221,0.322111,0.330060,0.330067,0.330103,0.333309,0.333319,0.333321,0.333325,0.333332,0.333333,0.333334,0.333334,0.333335,0.333336,0.333337,0.333341,0.333341,0.333343,0.333343,0.333347,0.333352,0.333355,0.333360,0.333371,0.333376,0.333833,0.776180,
0.236751,0.243046,0.255238,0.270199,0.276715,0.278366,0.281516,0.286049,0.294776,0.305179,0.315364,0.319338,0.320295,0.324713,0.329361,0.331031,0.331423,0.332088,0.333314,0.333320,0.333324,0.333324,0.333326,0.333332,0.333334,0.333334,0.333335,0.333336,0.333336,0.333337,0.333338,0.333341,0.333343,0.333345,0.333346,0.333350,0.333359,0.333369,0.333390,0.775254,
0.235616,0.241724,0.244320,0.244946,0.262998,0.284523,0.284587,0.289039,0.293357,0.294752,0.296119,0.316399,0.320286,0.321198,0.322111,0.326355,0.327103,0.327897,0.328630,0.330746,0.330758,0.331439,0.333308,0.333322,0.333326,0.333327,0.333331,0.333334,0.333334,0.333338,0.333338,0.333342,0.333347,0.333347,0.333352,0.333356,0.333360,0.333361,0.333373,0.775816,
0.238453,0.238637,0.240736,0.247275,0.266886,0.278322,0.283030,0.283160,0.284556,0.289091,0.294762,0.296176,0.297492,0.298844,0.308758,0.308779,0.317375,0.317399,0.322986,0.330759,0.331426,0.332712,0.333310,0.333313,0.333334,0.333335,0.333335,0.333336,0.333336,0.333337,0.333338,0.333339,0.333340,0.333341,0.333353,0.333353,0.333357,0.333357,0.333424,0.775436,
0.250364,0.255258,0.261848,0.266862,0.281452,0.289034,0.290507,0.290525,0.290535,0.298848,0.298863,0.303990,0.308851,0.314305,0.320270,0.327125,0.333312,0.333312,0.333315,0.333319,0.333326,0.333330,0.333332,0.333332,0.333334,0.333337,0.333343,0.333346,0.333348,0.333351,0.333352,0.333352,0.333352,0.333356,0.333358,0.333360,0.333360,0.333382,0.333456,0.776147,
0.235794,0.238457,0.270155,0.278320,0.284570,0.298862,0.301437,0.308794,0.315386,0.319338,0.324707,0.324716,0.326339,0.326347,0.327126,0.330084,0.332077,0.332080,0.332715,0.333310,0.333311,0.333312,0.333313,0.333316,0.333317,0.333324,0.333332,0.333335,0.333338,0.333338,0.333339,0.333344,0.333350,0.333354,0.333355,0.333355,0.333358,0.333376,0.333379,0.775954,
0.235986,0.261863,0.276731,0.289062,0.298847,0.301452,0.302737,0.306418,0.308770,0.312236,0.314314,0.321203,0.322095,0.322122,0.326338,0.327200,0.328622,0.330747,0.330749,0.330760,0.331431,0.333314,0.333323,0.333334,0.333335,0.333337,0.333339,0.333339,0.333341,0.333343,0.333346,0.333347,0.333349,0.333350,0.333351,0.333351,0.333358,0.333360,0.333364,0.776524,
0.245747,0.253565,0.258299,0.266877,0.275108,0.293356,0.300145,0.305197,0.315355,0.318367,0.322988,0.326322,0.327133,0.328632,0.330067,0.332721,0.333310,0.333312,0.333318,0.333321,0.333324,0.333329,0.333330,0.333335,0.333335,0.333337,0.333338,0.333339,0.333340,0.333344,0.333345,0.333346,0.333348,0.333350,0.333350,0.333351,0.333355,0.333370,0.333429,0.777437,
0.238871,0.241666,0.250314,0.261874,0.275112,0.290503,0.291962,0.296123,0.305198,0.305204,0.307596,0.308782,0.312163,0.313217,0.315373,0.316409,0.318368,0.323860,0.330082,0.332717,0.333306,0.333312,0.333317,0.333318,0.333321,0.333322,0.333323,0.333332,0.333332,0.333336,0.333338,0.333338,0.333343,0.333343,0.333344,0.333348,0.333362,0.333367,0.333609,0.775088,
0.236066,0.238367,0.247263,0.250482,0.255245,0.266866,0.270206,0.270230,0.287563,0.289037,0.298848,0.300135,0.302732,0.311096,0.314355,0.317377,0.320274,0.321223,0.327125,0.328638,0.332715,0.333310,0.333324,0.333333,0.333340,0.333340,0.333340,0.333341,0.333342,0.333342,0.333343,0.333344,0.333344,0.333345,0.333347,0.333348,0.333356,0.333362,0.333389,0.775934,
0.251968,0.258494,0.260174,0.260218,0.262598,0.263542,0.271819,0.287543,0.296137,0.300133,0.301447,0.306426,0.307650,0.317391,0.327873,0.330059,0.330060,0.330061,0.332108,0.333308,0.333312,0.333321,0.333324,0.333325,0.333327,0.333335,0.333337,0.333338,0.333339,0.333341,0.333341,0.333344,0.333349,0.333350,0.333351,0.333352,0.333367,0.333374,0.333428,0.775543,
0.235744,0.236695,0.242355,0.255223,0.263545,0.273476,0.294766,0.301488,0.307632,0.309911,0.312155,0.313250,0.313264,0.320287,0.320289,0.322090,0.325524,0.326323,0.328632,0.329342,0.330082,0.333306,0.333308,0.333317,0.333319,0.333320,0.333323,0.333333,0.333335,0.333338,0.333347,0.333349,0.333350,0.333352,0.333369,0.333371,0.333372,0.333379,0.333709,0.775391,
0.235811,0.236256,0.236513,0.241788,0.256914,0.263568,0.271839,0.273465,0.281454,0.289035,0.302741,0.306420,0.309937,0.313247,0.313260,0.314303,0.316372,0.318374,0.323845,0.325509,0.333307,0.333316,0.333319,0.333332,0.333338,0.333340,0.333340,0.333341,0.333344,0.333348,0.333353,0.333354,0.333358,0.333358,0.333362,0.333376,0.333404,0.333411,0.333478,0.775449,
0.238467,0.240453,0.241776,0.258512,0.275135,0.283028,0.287551,0.293359,0.312158,0.317393,0.318401,0.319325,0.321199,0.323853,0.323859,0.325512,0.325521,0.325533,0.325535,0.327873,0.330757,0.333306,0.333313,0.333315,0.333323,0.333326,0.333327,0.333328,0.333335,0.333338,0.333344,0.333347,0.333355,0.333359,0.333363,0.333370,0.333374,0.333407,0.333440,0.776187,
0.245765,0.255152,0.255163,0.261133,0.270238,0.271903,0.275097,0.281442,0.286041,0.294766,0.297505,0.307626,0.308808,0.312167,0.317381,0.322101,0.322102,0.324698,0.327116,0.329365,0.330075,0.330909,0.331430,0.332085,0.333306,0.333307,0.333322,0.333323,0.333333,0.333338,0.333338,0.333338,0.333341,0.333341,0.333342,0.333343,0.333358,0.333358,0.333397,0.776960,
0.237540,0.261904,0.263549,0.273518,0.276713,0.277042,0.290504,0.305198,0.308811,0.315371,0.316386,0.317396,0.319353,0.320296,0.322992,0.323887,0.324697,0.327877,0.327882,0.329360,0.332079,0.332090,0.333307,0.333325,0.333327,0.333332,0.333334,0.333335,0.333336,0.333338,0.333339,0.333340,0.333343,0.333353,0.333356,0.333359,0.333364,0.333365,0.333375,0.776444,
0.241677,0.253606,0.254374,0.283024,0.293370,0.306403,0.307631,0.307665,0.315367,0.318371,0.320278,0.322104,0.322115,0.324697,0.324725,0.326338,0.327115,0.327868,0.330065,0.330762,0.332718,0.333306,0.333309,0.333313,0.333316,0.333333,0.333334,0.333335,0.333336,0.333337,0.333337,0.333338,0.333340,0.333342,0.333343,0.333354,0.333355,0.333361,0.333363,0.776121,
0.235506,0.247297,0.271841,0.273451,0.275107,0.275114,0.286099,0.289050,0.296124,0.302742,0.305207,0.312161,0.312169,0.313264,0.317388,0.318364,0.318378,0.320270,0.323837,0.324698,0.326326,0.328624,0.329359,0.330080,0.331682,0.332103,0.332720,0.333309,0.333325,0.333330,0.333334,0.333339,0.333339,0.333340,0.333346,0.333347,0.333348,0.333358,0.333358,0.775540,
0.265204,0.270216,0.271840,0.275127,0.284529,0.293328,0.301419,0.302722,0.306425,0.307611,0.308795,0.309909,0.313244,0.317389,0.320294,0.321204,0.322118,0.323854,0.325526,0.327872,0.329347,0.333311,0.333320,0.333321,0.333328,0.333329,0.333334,0.333334,0.333337,0.333340,0.333340,0.333342,0.333349,0.333349,0.333351,0.333353,0.333363,0.333383,0.333417,0.776002,
0.254684,0.261092,0.266881,0.273509,0.289061,0.298829,0.298836,0.300140,0.312176,0.317401,0.318382,0.320295,0.321212,0.321218,0.323013,0.323840,0.327109,0.327122,0.330754,0.330756,0.331429,0.333306,0.333309,0.333317,0.333319,0.333325,0.333328,0.333333,0.333336,0.333336,0.333337,0.333338,0.333340,0.333341,0.333342,0.333342,0.333347,0.333350,0.333364,0.776047,
0.235843,0.235856,0.236777,0.255165,0.265212,0.266831,0.266924,0.294731,0.294753,0.300163,0.317395,0.317398,0.318371,0.323862,0.324183,0.327110,0.327893,0.330769,0.332712,0.333308,0.333320,0.333326,0.333329,0.333331,0.333331,0.333334,0.333335,0.333335,0.333337,0.333339,0.333341,0.333341,0.333342,0.333342,0.333343,0.333349,0.333355,0.333360,0.333363,0.775751,
0.235829,0.237337,0.260215,0.261868,0.266899,0.270198,0.275103,0.287562,0.287596,0.290504,0.292007,0.302717,0.302802,0.305216,0.311048,0.312166,0.314319,0.318359,0.329353,0.333318,0.333326,0.333326,0.333327,0.333332,0.333335,0.333335,0.333335,0.333337,0.333337,0.333338,0.333342,0.333343,0.333350,0.333353,0.333353,0.333367,0.333367,0.333375,0.333406,0.776079,
0.235999,0.237450,0.260202,0.261834,0.270188,0.278276,0.293370,0.294785,0.305213,0.308765,0.309939,0.312158,0.318392,0.319323,0.320281,0.325516,0.325555,0.328629,0.330768,0.332087,0.333318,0.333330,0.333332,0.333334,0.333336,0.333336,0.333338,0.333339,0.333343,0.333344,0.333344,0.333347,0.333349,0.333354,0.333356,0.333362,0.333364,0.333370,0.333432,0.775914,
0.244396,0.263533,0.265166,0.268506,0.268567,0.273485,0.294756,0.297483,0.301456,0.325622,0.326316,0.327100,0.327874,0.330764,0.332717,0.333308,0.333308,0.333310,0.333314,0.333319,0.333323,0.333326,0.333331,0.333334,0.333335,0.333336,0.333338,0.333341,0.333342,0.333344,0.333345,0.333347,0.333348,0.333353,0.333354,0.333361,0.333364,0.333371,0.333449,0.776944,
0.243057,0.260161,0.261875,0.263517,0.268548,0.270182,0.276711,0.284541,0.286059,0.291956,0.307609,0.307617,0.312190,0.321201,0.321204,0.323879,0.330066,0.331458,0.332139,0.333309,0.333309,0.333315,0.333320,0.333322,0.333325,0.333326,0.333332,0.333333,0.333334,0.333335,0.333337,0.333337,0.333338,0.333341,0.333347,0.333353,0.333354,0.333367,0.333369,0.774685,
0.245793,0.250772,0.251976,0.253594,0.255144,0.258451,0.268571,0.278361,0.279936,0.289030,0.290540,0.293338,0.313276,0.314292,0.317385,0.319335,0.322091,0.325519,0.327881,0.329349,0.331433,0.332079,0.333307,0.333308,0.333335,0.333335,0.333336,0.333339,0.333341,0.333341,0.333342,0.333343,0.333347,0.333354,0.333354,0.333356,0.333361,0.333365,0.333368,0.775610,
0.237514,0.241723,0.250388,0.276704,0.281482,0.290461,0.302727,0.311070,0.316402,0.318366,0.318391,0.320288,0.322111,0.322116,0.323870,0.323890,0.326314,0.326326,0.331430,0.333307,0.333310,0.333312,0.333321,0.333335,0.333335,0.333337,0.333337,0.333340,0.333342,0.333344,0.333344,0.333355,0.333356,0.333361,0.333373,0.333374,0.333377,0.333379,0.333541,0.777362,
0.236749,0.239319,0.253567,0.273482,0.284580,0.287588,0.289002,0.290506,0.297486,0.298819,0.305218,0.308786,0.313306,0.314312,0.319351,0.324705,0.326331,0.330755,0.331438,0.332724,0.333305,0.333306,0.333311,0.333320,0.333322,0.333323,0.333325,0.333327,0.333332,0.333337,0.333338,0.333341,0.333341,0.333342,0.333348,0.333349,0.333361,0.333379,0.333391,0.776161,
0.275145,0.289049,0.290524,0.290534,0.291932,0.302714,0.304032,0.305189,0.305214,0.307619,0.313276,0.320261,0.322976,0.322989,0.323857,0.325528,0.325562,0.329355,0.333319,0.333325,0.333327,0.333328,0.333334,0.333335,0.333336,0.333337,0.333338,0.333338,0.333338,0.333339,0.333342,0.333343,0.333348,0.333351,0.333351,0.333352,0.333358,0.333359,0.333405,0.776870,
0.235652,0.236043,0.238327,0.244381,0.248862,0.268526,0.283033,0.287620,0.293364,0.298853,0.306430,0.308785,0.309927,0.317376,0.322098,0.325530,0.327902,0.329365,0.331424,0.332088,0.333316,0.333328,0.333331,0.333332,0.333334,0.333335,0.333336,0.333336,0.333337,0.333337,0.333338,0.333339,0.333339,0.333339,0.333339,0.333344,0.333346,0.333355,0.333356,0.775743,
0.245829,0.263536,0.275113,0.279889,0.287555,0.296123,0.308788,0.318382,0.325511,0.326370,0.327105,0.327867,0.332076,0.333306,0.333314,0.333321,0.333328,0.333328,0.333329,0.333331,0.333332,0.333334,0.333335,0.333335,0.333336,0.333336,0.333339,0.333340,0.333342,0.333347,0.333351,0.333353,0.333355,0.333358,0.333365,0.333385,0.333398,0.333417,0.333427,0.776739,
0.237352,0.243049,0.253537,0.261850,0.266882,0.266909,0.281468,0.293334,0.296182,0.312180,0.313294,0.317388,0.317389,0.323857,0.323873,0.324683,0.326359,0.327113,0.332713,0.332718,0.333308,0.333312,0.333314,0.333315,0.333317,0.333318,0.333327,0.333332,0.333334,0.333334,0.333335,0.333335,0.333336,0.333338,0.333339,0.333342,0.333347,0.333355,0.333360,0.776613,
0.240550,0.254448,0.261857,0.261956,0.273505,0.279883,0.283052,0.291964,0.300138,0.305318,0.312161,0.314337,0.319346,0.325508,0.326315,0.326324,0.327120,0.333313,0.333326,0.333329,0.333331,0.333332,0.333334,0.333334,0.333334,0.333336,0.333338,0.333339,0.333339,0.333339,0.333345,0.333345,0.333354,0.333354,0.333358,0.333360,0.333365,0.333369,0.333377,0.776380,
0.237535,0.245732,0.258468,0.258517,0.270165,0.271855,0.284545,0.287577,0.302761,0.303950,0.305629,0.307615,0.313263,0.321224,0.325509,0.326373,0.330073,0.333307,0.333312,0.333314,0.333315,0.333323,0.333323,0.333328,0.333329,0.333331,0.333332,0.333333,0.333335,0.333335,0.333337,0.333338,0.333338,0.333341,0.333354,0.333358,0.333360,0.333370,0.333571,0.775904,
0.236140,0.238391,0.240471,0.242989,0.248762,0.248778,0.266835,0.276720,0.281475,0.298828,0.301446,0.306435,0.308776,0.308805,0.318358,0.327115,0.328642,0.329351,0.330790,0.331437,0.332098,0.333306,0.333312,0.333317,0.333326,0.333329,0.333331,0.333334,0.333334,0.333335,0.333335,0.333336,0.333339,0.333341,0.333345,0.333349,0.333357,0.333384,0.333400,0.775241,
0.240542,0.247843,0.270199,0.278340,0.296122,0.300137,0.302719,0.308769,0.316384,0.317394,0.319334,0.319367,0.320273,0.323045,0.324771,0.329372,0.330752,0.330775,0.332087,0.332092,0.332718,0.333307,0.333312,0.333319,0.333326,0.333332,0.333334,0.333334,0.333335,0.333336,0.333336,0.333342,0.333347,0.333359,0.333360,0.333361,0.333379,0.333381,0.333389,0.774729,
0.242389,0.256780,0.276727,0.279920,0.297551,0.301452,0.305222,0.312163,0.312180,0.313247,0.317401,0.324690,0.325515,0.329352,0.330777,0.332093,0.332728,0.333311,0.333321,0.333326,0.333331,0.333332,0.333332,0.333332,0.333334,0.333335,0.333335,0.333337,0.333338,0.333339,0.333339,0.333341,0.333341,0.333344,0.333347,0.333352,0.333361,0.333392,0.333508,0.775134,
