0.000000,0.000000,0.000000,0.000000,0.000000,0.000000,0.000000,0.000000,0.000000,0.000000,0.000000,0.000000,0.000000,0.000000,0.000000,0.000000,0.000000,0.000000,0.000000,0.000000,0.000000,0.000000,0.000000,0.000000,0.000000,0.000000,0.000000,0.000000,0.000000,0.000000,0.000000,0.000000,0.000000,0.000000,0.000000,0.000000,0.000000,0.000000,0.000000,0.000000,
0.000000,0.239515,0.261364,0.279690,0.290566,0.296211,0.305704,0.309293,0.312951,0.315264,0.316369,0.317464,0.318476,0.318493,0.320647,0.326444,0.328005,0.328907,0.328956,0.334072,0.774471,0.774990,0.775270,0.775462,0.775730,0.775959,0.776187,0.776226,0.776482,0.776515,0.776568,0.776711,0.776719,0.776889,0.776982,0.777016,0.777297,0.777591,0.777619,0.778051,
0.236560,0.245292,0.261159,0.266839,0.266897,0.271826,0.274585,0.276708,0.286068,0.298697,0.300134,0.301447,0.306440,0.312160,0.314737,0.315369,0.315765,0.322998,0.323557,0.329843,0.330391,0.333335,0.333338,0.333338,0.333342,0.333343,0.333345,0.333459,0.333463,0.774963,0.775244,0.775256,0.775813,0.776140,0.776215,0.776414,0.776477,0.776608,0.776923,0.777081,
0.239317,0.243054,0.247250,0.258487,0.261228,0.261852,0.265188,0.268509,0.276218,0.279478,0.281463,0.290511,0.296074,0.296159,0.301467,0.317806,0.318924,0.327221,0.333322,0.333324,0.333325,0.333335,0.333337,0.333339,0.333340,0.333343,0.333344,0.333345,0.333357,0.333362,0.333362,0.333364,0.333366,0.333367,0.333387,0.333655,0.776090,0.776236,0.776454,0.776777,
0.261844,0.270215,0.282614,0.289031,0.298876,0.302726,0.303942,0.303994,0.308772,0.309953,0.311044,0.318390,0.319338,0.319348,0.326334,0.326347,0.327887,0.333307,0.333309,0.333311,0.333312,0.333322,0.333328,0.333330,0.333332,0.333339,0.333342,0.333350,0.333352,0.333358,0.333362,0.333367,0.333370,0.333373,0.333383,0.333386,0.333397,0.775649,0.776065,0.776356,
0.256902,0.263517,0.279905,0.283009,0.290276,0.296150,0.300169,0.302738,0.306426,0.306437,0.309928,0.312209,0.316377,0.318383,0.320270,0.323003,0.324711,0.325531,0.327124,0.330773,0.332730,0.332744,0.333306,0.333306,0.333307,0.333308,0.333309,0.333311,0.333316,0.333318,0.333325,0.333337,0.333339,0.333341,0.333346,0.333347,0.333349,0.333349,0.775226,0.775292,
0.237432,0.250332,0.271814,0.273474,0.298834,0.302720,0.308764,0.308784,0.312164,0.320279,0.325528,0.326326,0.327160,0.328619,0.329378,0.331426,0.332097,0.332729,0.333326,0.333335,0.333335,0.333337,0.333338,0.333339,0.333341,0.333342,0.333344,0.333344,0.333350,0.333352,0.333352,0.333355,0.333357,0.333357,0.333359,0.333360,0.333361,0.333369,0.333374,0.774988,
0.235563,0.240345,0.260123,0.271826,0.281463,0.286066,0.288993,0.290492,0.297500,0.301437,0.305200,0.309930,0.309932,0.314306,0.316382,0.318381,0.320268,0.320278,0.321209,0.324712,0.325533,0.325534,0.327103,0.333311,0.333314,0.333326,0.333328,0.333331,0.333333,0.333334,0.333336,0.333336,0.333338,0.333339,0.333341,0.333350,0.333352,0.333380,0.333447,0.776394,
0.238429,0.240551,0.245828,0.297495,0.297638,0.298850,0.306383,0.314333,0.317377,0.317399,0.322993,0.323007,0.324707,0.325530,0.330747,0.332101,0.332722,0.333307,0.333308,0.333324,0.333326,0.333331,0.333331,0.333336,0.333337,0.333338,0.333339,0.333341,0.333341,0.333342,0.333342,0.333346,0.333348,0.333350,0.333351,0.333355,0.333357,0.333372,0.333419,0.776422,
0.239384,0.241779,0.268586,0.279942,0.283025,0.283040,0.301434,0.312187,0.317391,0.317393,0.318374,0.318378,0.322112,0.325508,0.326366,0.327117,0.329350,0.330751,0.332083,0.333317,0.333318,0.333322,0.333326,0.333326,0.333327,0.333330,0.333334,0.333334,0.333335,0.333335,0.333335,0.333338,0.333339,0.333343,0.333347,0.333352,0.333355,0.333360,0.333383,0.776555,
0.244312,0.244404,0.253598,0.256887,0.260208,0.286048,0.286057,0.291942,0.296133,0.303977,0.306426,0.307606,0.308780,0.317378,0.320268,0.327119,0.328629,0.329352,0.329354,0.332784,0.333314,0.333316,0.333321,0.333328,0.333332,0.333333,0.333334,0.333336,0.333337,0.333337,0.333341,0.333341,0.333342,0.333342,0.333343,0.333358,0.333360,0.333367,0.333391,0.776463,
0.265192,0.284539,0.291941,0.293343,0.306411,0.307614,0.312146,0.312156,0.314320,0.315378,0.317397,0.317416,0.319345,0.325518,0.330083,0.331471,0.332083,0.333307,0.333308,0.333308,0.333311,0.333312,0.333325,0.333329,0.333334,0.333334,0.333335,0.333337,0.333337,0.333337,0.333341,0.333342,0.333346,0.333347,0.333348,0.333353,0.333354,0.333370,0.333375,0.774873,
0.263527,0.265186,0.266894,0.270165,0.287555,0.306413,0.312193,0.313252,0.319355,0.320284,0.323854,0.324690,0.324699,0.325527,0.328617,0.333308,0.333315,0.333316,0.333320,0.333321,0.333322,0.333322,0.333326,0.333334,0.333335,0.333335,0.333336,0.333339,0.333341,0.333342,0.333343,0.333343,0.333345,0.333347,0.333350,0.333351,0.333354,0.333360,0.333368,0.776652,
0.235595,0.255234,0.263527,0.265232,0.270224,0.271827,0.273493,0.278309,0.279884,0.298845,0.308792,0.309939,0.314329,0.322097,0.323845,0.331442,0.332084,0.332713,0.333308,0.333320,0.333323,0.333324,0.333324,0.333325,0.333332,0.333333,0.333334,0.333337,0.333338,0.333338,0.333339,0.333339,0.333341,0.333341,0.333342,0.333342,0.333347,0.333367,0.333367,0.776471,
0.244867,0.263591,0.289062,0.290503,0.294789,0.298844,0.309929,0.309930,0.324711,0.325518,0.330086,0.330165,0.333307,0.333308,0.333311,0.333312,0.333326,0.333329,0.333329,0.333333,0.333334,0.333334,0.333336,0.333337,0.333339,0.333339,0.333340,0.333340,0.333341,0.333342,0.333344,0.333346,0.333351,0.333359,0.333360,0.333363,0.333363,0.333368,0.333374,0.776406,
0.240546,0.256919,0.291943,0.291967,0.293334,0.293362,0.296132,0.300131,0.303968,0.304010,0.311072,0.314331,0.315359,0.328622,0.332082,0.332712,0.333306,0.333309,0.333310,0.333316,0.333322,0.333323,0.333327,0.333332,0.333334,0.333335,0.333336,0.333336,0.333336,0.333337,0.333337,0.333338,0.333338,0.333338,0.333346,0.333351,0.333351,0.333353,0.333355,0.775864,
0.244405,0.250379,0.256817,0.256849,0.266872,0.270223,0.275121,0.279911,0.279951,0.283023,0.291959,0.294742,0.296154,0.296212,0.301436,0.301480,0.306424,0.308778,0.312152,0.313227,0.318399,0.324706,0.328616,0.328626,0.328631,0.330062,0.332090,0.333321,0.333323,0.333329,0.333331,0.333331,0.333338,0.333338,0.333338,0.333344,0.333350,0.333353,0.333373,0.775676,
0.265199,0.270197,0.271824,0.279898,0.286086,0.291931,0.291959,0.301450,0.303977,0.304002,0.305192,0.305204,0.314302,0.319317,0.320271,0.320308,0.323006,0.324701,0.325517,0.327864,0.330755,0.330785,0.333307,0.333335,0.333335,0.333336,0.333337,0.333337,0.333342,0.333342,0.333346,0.333349,0.333352,0.333353,0.333355,0.333358,0.333359,0.333374,0.333386,0.776894,
0.238658,0.256873,0.279917,0.281442,0.289067,0.290514,0.309948,0.311083,0.314341,0.315382,0.317389,0.318366,0.319337,0.320286,0.322089,0.324697,0.324698,0.332083,0.333306,0.333311,0.333311,0.333316,0.333319,0.333330,0.333330,0.333332,0.333335,0.333335,0.333337,0.333339,0.333347,0.333347,0.333354,0.333354,0.333355,0.333361,0.333364,0.333366,0.333366,0.776916,
0.235897,0.236773,0.239316,0.265208,0.266886,0.270228,0.271804,0.279879,0.297477,0.307612,0.308798,0.314323,0.315364,0.315367,0.317403,0.318366,0.323856,0.327113,0.332086,0.332086,0.333308,0.333315,0.333315,0.333320,0.333328,0.333332,0.333334,0.333335,0.333338,0.333340,0.333340,0.333343,0.333344,0.333346,0.333346,0.333351,0.333360,0.333373,0.333453,0.775878,
0.235684,0.236218,0.244406,0.247304,0.253565,0.265206,0.271791,0.273476,0.276713,0.279879,0.279895,0.281485,0.286063,0.286095,0.298832,0.309912,0.313278,0.318436,0.319315,0.328626,0.333306,0.333324,0.333325,0.333327,0.333335,0.333337,0.333338,0.333342,0.333343,0.333344,0.333347,0.333347,0.333351,0.333360,0.333365,0.333365,0.333367,0.333404,0.333429,0.776671,
0.241717,0.255720,0.258485,0.268532,0.270202,0.271868,0.291927,0.291955,0.294769,0.301484,0.302735,0.314339,0.315436,0.317390,0.317416,0.320280,0.324718,0.325537,0.328637,0.329350,0.330087,0.332741,0.333308,0.333308,0.333310,0.333321,0.333324,0.333329,0.333330,0.333335,0.333343,0.333344,0.333346,0.333353,0.333360,0.333364,0.333383,0.333385,0.333415,0.775626,
0.235816,0.238363,0.253543,0.276683,0.281535,0.289053,0.291079,0.297487,0.298849,0.302747,0.308771,0.308789,0.309926,0.309943,0.309949,0.312181,0.317379,0.322986,0.324674,0.325510,0.327117,0.327884,0.330069,0.330084,0.332083,0.333307,0.333311,0.333315,0.333324,0.333325,0.333336,0.333342,0.333343,0.333349,0.333353,0.333364,0.333365,0.333366,0.333391,0.775283,
0.235580,0.237534,0.247305,0.258496,0.258533,0.266850,0.268507,0.271837,0.281493,0.284554,0.286060,0.287533,0.290493,0.296143,0.301443,0.312200,0.317391,0.328632,0.330084,0.332078,0.332718,0.333308,0.333308,0.333309,0.333325,0.333337,0.333345,0.333345,0.333346,0.333346,0.333349,0.333351,0.333352,0.333358,0.333360,0.333360,0.333361,0.333377,0.333414,0.774448,
0.237574,0.255637,0.256806,0.260182,0.261812,0.266908,0.268507,0.270179,0.270209,0.281492,0.290493,0.291937,0.298820,0.312196,0.317394,0.319331,0.322231,0.323017,0.323875,0.325532,0.327869,0.333306,0.333311,0.333316,0.333322,0.333322,0.333334,0.333335,0.333337,0.333339,0.333345,0.333353,0.333355,0.333357,0.333357,0.333358,0.333358,0.333371,0.333417,0.775818,
0.237553,0.241679,0.265221,0.270157,0.281462,0.284591,0.286100,0.294723,0.296132,0.306447,0.306461,0.307632,0.309938,0.312209,0.313241,0.320290,0.320307,0.321200,0.322186,0.325519,0.325545,0.326350,0.327878,0.327883,0.327902,0.333306,0.333312,0.333313,0.333323,0.333332,0.333338,0.333338,0.333341,0.333341,0.333351,0.333353,0.333365,0.333367,0.333913,0.776172,
0.235532,0.236054,0.248775,0.261871,0.268546,0.268567,0.273485,0.279895,0.284538,0.296155,0.305219,0.308780,0.308808,0.311047,0.311052,0.315392,0.315410,0.323851,0.324687,0.325534,0.326333,0.330778,0.331434,0.332074,0.333326,0.333329,0.333335,0.333337,0.333338,0.333338,0.333338,0.333340,0.333340,0.333341,0.333341,0.333348,0.333353,0.333359,0.333444,0.776822,
0.235894,0.242503,0.247698,0.251950,0.268538,0.268556,0.270174,0.278334,0.291928,0.291940,0.300152,0.303988,0.312186,0.317386,0.321228,0.324693,0.324695,0.327114,0.329344,0.329425,0.330050,0.331425,0.332112,0.332720,0.333324,0.333326,0.333328,0.333329,0.333335,0.333335,0.333339,0.333339,0.333343,0.333347,0.333347,0.333352,0.333360,0.333363,0.333380,0.776597,
0.238329,0.239397,0.241783,0.256840,0.273510,0.275086,0.279905,0.283021,0.289058,0.290516,0.303969,0.305237,0.313251,0.314404,0.315352,0.315353,0.316376,0.316384,0.326329,0.327136,0.329357,0.330758,0.331425,0.333306,0.333308,0.333311,0.333333,0.333335,0.333336,0.333337,0.333337,0.333338,0.333339,0.333340,0.333351,0.333354,0.333365,0.333365,0.333511,0.776321,
0.255215,0.275114,0.275136,0.278365,0.289021,0.294779,0.296115,0.302756,0.306466,0.307622,0.309924,0.313250,0.325519,0.325524,0.325527,0.330748,0.333308,0.333315,0.333317,0.333326,0.333329,0.333330,0.333331,0.333332,0.333333,0.333335,0.333336,0.333336,0.333336,0.333337,0.333342,0.333342,0.333344,0.333344,0.333344,0.333352,0.333358,0.333392,0.333396,0.775934,
0.235785,0.241670,0.247236,0.283030,0.284550,0.300168,0.302749,0.303976,0.303976,0.306409,0.307598,0.311036,0.312156,0.314328,0.317406,0.321206,0.321217,0.323857,0.325533,0.332715,0.333308,0.333310,0.333312,0.333323,0.333325,0.333330,0.333332,0.333336,0.333336,0.333338,0.333338,0.333338,0.333339,0.333346,0.333346,0.333353,0.333360,0.333363,0.333374,0.775126,
0.247870,0.256812,0.260219,0.266886,0.271850,0.275103,0.278337,0.287575,0.294773,0.300150,0.301433,0.305207,0.306428,0.309917,0.319341,0.320267,0.326342,0.327110,0.328632,0.330066,0.330752,0.330764,0.331426,0.333306,0.333324,0.333328,0.333329,0.333334,0.333338,0.333340,0.333344,0.333347,0.333348,0.333358,0.333359,0.333362,0.333362,0.333390,0.333414,0.775292,
0.236697,0.238361,0.247248,0.261535,0.265207,0.291930,0.296108,0.298806,0.300154,0.313222,0.316379,0.320294,0.324702,0.324720,0.326352,0.327885,0.328623,0.328640,0.329378,0.332740,0.333309,0.333311,0.333312,0.333316,0.333320,0.333323,0.333328,0.333329,0.333331,0.333335,0.333336,0.333336,0.333337,0.333341,0.333351,0.333353,0.333355,0.333361,0.333365,0.775415,
0.236753,0.237411,0.245794,0.278339,0.281476,0.297486,0.305222,0.306430,0.308799,0.313261,0.316400,0.318373,0.321224,0.322102,0.323843,0.323854,0.325544,0.327117,0.327121,0.329353,0.332148,0.332713,0.333308,0.333309,0.333316,0.333329,0.333335,0.333336,0.333336,0.333337,0.333340,0.333341,0.333342,0.333348,0.333349,0.333350,0.333360,0.333382,0.333779,0.775945,
0.236803,0.258043,0.265227,0.283003,0.300144,0.300148,0.307606,0.316384,0.317474,0.318379,0.322981,0.326399,0.327104,0.327879,0.330769,0.332091,0.332729,0.333324,0.333326,0.333328,0.333334,0.333334,0.333335,0.333336,0.333337,0.333337,0.333338,0.333338,0.333339,0.333340,0.333341,0.333343,0.333344,0.333346,0.333346,0.333348,0.333359,0.333361,0.333384,0.776369,
0.236177,0.237488,0.238393,0.251233,0.268540,0.275088,0.297509,0.306415,0.306427,0.307593,0.321200,0.322993,0.330063,0.332715,0.333310,0.333311,0.333316,0.333320,0.333321,0.333323,0.333325,0.333326,0.333328,0.333329,0.333329,0.333330,0.333330,0.333333,0.333334,0.333335,0.333336,0.333338,0.333339,0.333342,0.333349,0.333350,0.333359,0.333405,0.333602,0.776839,
0.235648,0.235805,0.253571,0.266884,0.276695,0.294722,0.296110,0.303986,0.306442,0.309939,0.310001,0.311070,0.315359,0.315366,0.321207,0.322985,0.324699,0.327130,0.328074,0.330067,0.330831,0.332714,0.333311,0.333318,0.333327,0.333332,0.333335,0.333336,0.333336,0.333337,0.333338,0.333339,0.333341,0.333342,0.333347,0.333349,0.333351,0.333351,0.333360,0.776779,
0.235694,0.245763,0.265200,0.266912,0.273500,0.275118,0.276714,0.297509,0.301467,0.302749,0.307629,0.312193,0.315351,0.324737,0.327113,0.327125,0.328621,0.329355,0.331426,0.331431,0.332081,0.333317,0.333324,0.333332,0.333334,0.333334,0.333335,0.333336,0.333337,0.333337,0.333338,0.333339,0.333339,0.333345,0.333348,0.333352,0.333353,0.333424,0.333430,0.776083,
0.235578,0.248852,0.265210,0.273486,0.281441,0.284566,0.287562,0.297513,0.302756,0.308852,0.312155,0.323846,0.323854,0.330755,0.331435,0.332104,0.333311,0.333316,0.333320,0.333320,0.333320,0.333332,0.333333,0.333334,0.333335,0.333336,0.333336,0.333337,0.333337,0.333338,0.333338,0.333344,0.333345,0.333345,0.333347,0.333350,0.333351,0.333363,0.333410,0.775705,
0.237498,0.253529,0.279963,0.289026,0.294748,0.297500,0.311043,0.318366,0.321196,0.321207,0.326326,0.327884,0.330057,0.332714,0.333315,0.333317,0.333318,0.333322,0.333324,0.333329,0.333330,0.333331,0.333331,0.333333,0.333334,0.333335,0.333335,0.333342,0.333343,0.333346,0.333348,0.333349,0.333351,0.333355,0.333358,0.333359,0.333363,0.333367,0.333381,0.776362,
0.236721,0.253563,0.261863,0.271859,0.271880,0.279882,0.286079,0.287553,0.290491,0.290534,0.294769,0.298850,0.302730,0.308791,0.309922,0.309931,0.312171,0.315356,0.326332,0.327868,0.328625,0.329354,0.332719,0.333311,0.333317,0.333333,0.333334,0.333337,0.333338,0.333338,0.333338,0.333339,0.333340,0.333341,0.333343,0.333345,0.333351,0.333356,0.333402,0.775326,
0.241716,0.247289,0.256837,0.261828,0.265199,0.273493,0.273506,0.286060,0.297484,0.303976,0.305225,0.305229,0.306421,0.307616,0.311033,0.314318,0.315386,0.322989,0.324712,0.327907,0.330752,0.333316,0.333317,0.333320,0.333327,0.333333,0.333336,0.333336,0.333337,0.333338,0.333339,0.333344,0.333346,0.333352,0.333355,0.333364,0.333364,0.333369,0.333406,0.775948,
0.235918,0.254649,0.263515,0.289082,0.293332,0.300125,0.300181,0.309927,0.312166,0.316377,0.321196,0.322996,0.327894,0.330053,0.330071,0.333307,0.333309,0.333314,0.333317,0.333317,0.333322,0.333322,0.333334,0.333339,0.333343,0.333344,0.333345,0.333346,0.333346,0.333347,0.333347,0.333349,0.333352,0.333357,0.333362,0.333367,0.333370,0.333383,0.333390,0.775587,
0.238603,0.248818,0.254695,0.261881,0.265215,0.278316,0.278369,0.279864,0.291941,0.298842,0.304010,0.305233,0.307617,0.308770,0.316404,0.319347,0.319364,0.323006,0.323852,0.323864,0.324687,0.326434,0.328637,0.330068,0.330746,0.333306,0.333308,0.333310,0.333317,0.333319,0.333320,0.333322,0.333337,0.333338,0.333343,0.333344,0.333346,0.333354,0.333370,0.775486,
0.244434,0.244652,0.247280,0.270214,0.284595,0.286077,0.287550,0.287574,0.302740,0.302743,0.309939,0.311526,0.312179,0.313262,0.318371,0.318375,0.321221,0.326333,0.330756,0.333306,0.333316,0.333320,0.333321,0.333322,0.333336,0.333337,0.333337,0.333339,0.333339,0.333342,0.333342,0.333345,0.333346,0.333349,0.333361,0.333361,0.333380,0.333397,0.333572,0.775295,
0.245007,0.248780,0.251950,0.260189,0.283021,0.290479,0.291957,0.296134,0.300156,0.301468,0.302738,0.314339,0.320285,0.320452,0.321212,0.325539,0.326319,0.326336,0.330068,0.333306,0.333310,0.333321,0.333326,0.333328,0.333331,0.333332,0.333333,0.333335,0.333338,0.333338,0.333341,0.333343,0.333344,0.333350,0.333356,0.333356,0.333356,0.333364,0.333385,0.776275,
0.236668,0.237556,0.240473,0.250345,0.252002,0.258581,0.266840,0.270220,0.286079,0.290498,0.297486,0.301444,0.324694,0.326323,0.330755,0.332084,0.333306,0.333307,0.333308,0.333313,0.333317,0.333323,0.333332,0.333335,0.333337,0.333338,0.333338,0.333338,0.333338,0.333338,0.333342,0.333342,0.333343,0.333349,0.333351,0.333351,0.333352,0.333358,0.333378,0.775203,
0.235774,0.237351,0.240534,0.248829,0.258542,0.261917,0.270233,0.276760,0.294761,0.306398,0.307649,0.309920,0.312154,0.314339,0.317407,0.318380,0.322114,0.323851,0.323870,0.325520,0.332080,0.333312,0.333316,0.333320,0.333321,0.333324,0.333335,0.333336,0.333337,0.333339,0.333340,0.333351,0.333352,0.333355,0.333361,0.333361,0.333379,0.333394,0.333402,0.773030,
0.235887,0.235895,0.241714,0.248831,0.250336,0.253528,0.281477,0.297478,0.298863,0.306408,0.312154,0.312157,0.313252,0.313275,0.319344,0.321216,0.322978,0.327140,0.330748,0.330751,0.331430,0.332724,0.333310,0.333318,0.333326,0.333335,0.333339,0.333339,0.333341,0.333343,0.333343,0.333345,0.333347,0.333350,0.333373,0.333393,0.333413,0.333445,0.333761,0.776774,
0.261821,0.263542,0.268539,0.270202,0.286104,0.289069,0.296112,0.302728,0.302737,0.305207,0.309939,0.312242,0.321225,0.323849,0.324695,0.329355,0.329362,0.330073,0.330809,0.332090,0.332719,0.333306,0.333316,0.333323,0.333329,0.333333,0.333335,0.333337,0.333338,0.333338,0.333338,0.333344,0.333351,0.333351,0.333362,0.333378,0.333379,0.333382,0.333429,0.775318,
0.238651,0.251989,0.253615,0.289023,0.293372,0.296137,0.298845,0.302756,0.305229,0.305238,0.311055,0.311075,0.313245,0.315386,0.317377,0.318403,0.325520,0.326331,0.326346,0.328652,0.330069,0.333306,0.333307,0.333317,0.333317,0.333320,0.333321,0.333332,0.333333,0.333334,0.333335,0.333336,0.333336,0.333339,0.333349,0.333353,0.333355,0.333365,0.333369,0.775989,
0.238545,0.256851,0.258499,0.273505,0.273511,0.296121,0.297609,0.303985,0.307625,0.309931,0.312160,0.312165,0.312189,0.314339,0.319340,0.319371,0.322999,0.325524,0.327875,0.327888,0.328618,0.328629,0.330066,0.330067,0.332758,0.333308,0.333328,0.333334,0.333335,0.333335,0.333336,0.333338,0.333338,0.333338,0.333342,0.333344,0.333345,0.333345,0.333377,0.775891,
0.244378,0.268537,0.273489,0.279958,0.290509,0.290513,0.294783,0.296132,0.317397,0.320266,0.321200,0.323828,0.326331,0.327880,0.329355,0.329356,0.331443,0.332082,0.332083,0.332718,0.332727,0.333322,0.333324,0.333329,0.333329,0.333331,0.333336,0.333337,0.333337,0.333338,0.333341,0.333346,0.333348,0.333352,0.333353,0.333363,0.333372,0.333374,0.333398,0.776508,
0.239369,0.263527,0.263531,0.279911,0.283015,0.283061,0.289062,0.301449,0.307607,0.307611,0.309946,0.316380,0.316382,0.317385,0.320289,0.325515,0.325524,0.326331,0.327114,0.332085,0.333306,0.333307,0.333316,0.333317,0.333319,0.333322,0.333326,0.333330,0.333334,0.333335,0.333336,0.333338,0.333339,0.333340,0.333343,0.333355,0.333361,0.333366,0.333386,0.775745,
0.222820,0.240379,0.241721,0.245792,0.268533,0.268543,0.281482,0.283029,0.290553,0.298818,0.300144,0.308758,0.309937,0.309943,0.318410,0.325515,0.326346,0.327891,0.331418,0.332081,0.333307,0.333308,0.333314,0.333326,0.333331,0.333333,0.333337,0.333339,0.333340,0.333340,0.333342,0.333343,0.333343,0.333345,0.333346,0.333346,0.333357,0.333359,0.333368,0.777036,
0.238327,0.250358,0.268522,0.273466,0.291934,0.296136,0.297499,0.298848,0.305243,0.312173,0.313284,0.315363,0.317447,0.318525,0.322101,0.322969,0.323846,0.323850,0.325533,0.326343,0.327868,0.327875,0.330071,0.332077,0.333307,0.333325,0.333327,0.333338,0.333338,0.333338,0.333338,0.333342,0.333345,0.333347,0.333358,0.333359,0.333361,0.333364,0.333365,0.774743,
0.237443,0.260197,0.261841,0.261875,0.262578,0.286058,0.289038,0.289056,0.291938,0.302735,0.306424,0.318408,0.320280,0.320330,0.321212,0.323850,0.325517,0.325535,0.328627,0.330757,0.333311,0.333320,0.333321,0.333322,0.333325,0.333332,0.333334,0.333336,0.333338,0.333339,0.333339,0.333339,0.333340,0.333342,0.333343,0.333352,0.333354,0.333356,0.333398,0.776541,
0.237564,0.242460,0.245045,0.266900,0.276708,0.281470,0.289047,0.294753,0.297497,0.297505,0.306462,0.315382,0.322114,0.323861,0.323869,0.332733,0.333310,0.333315,0.333316,0.333328,0.333328,0.333336,0.333336,0.333337,0.333338,0.333338,0.333339,0.333339,0.333340,0.333341,0.333341,0.333342,0.333342,0.333347,0.333350,0.333354,0.333356,0.333369,0.333370,0.775591,
0.236757,0.250333,0.278318,0.283026,0.289120,0.290489,0.290499,0.296135,0.298830,0.306414,0.315388,0.315389,0.318377,0.324695,0.327884,0.329353,0.329367,0.330070,0.332715,0.333320,0.333325,0.333326,0.333326,0.333327,0.333328,0.333329,0.333329,0.333331,0.333339,0.333340,0.333347,0.333348,0.333353,0.333356,0.333359,0.333361,0.333362,0.333479,0.333498,0.775671,
0.240482,0.241746,0.243014,0.255161,0.258543,0.268491,0.291915,0.291946,0.291948,0.294780,0.305189,0.314345,0.317387,0.317413,0.322106,0.323870,0.324693,0.327870,0.328621,0.328622,0.330058,0.333311,0.333313,0.333319,0.333328,0.333328,0.333328,0.333336,0.333336,0.333338,0.333338,0.333338,0.333339,0.333342,0.333343,0.333352,0.333355,0.333360,0.333378,0.774588,
0.241747,0.244332,0.250362,0.270232,0.278323,0.281505,0.286039,0.297471,0.297486,0.297517,0.301451,0.314329,0.316386,0.316401,0.318368,0.319350,0.323874,0.328618,0.330776,0.332714,0.332715,0.333325,0.333331,0.333335,0.333335,0.333336,0.333336,0.333337,0.333337,0.333340,0.333342,0.333343,0.333344,0.333354,0.333354,0.333354,0.333387,0.333392,0.333393,0.776687,
0.237483,0.253545,0.263517,0.268539,0.268549,0.270180,0.276703,0.281480,0.283012,0.287577,0.296164,0.305213,0.306415,0.306417,0.315366,0.317392,0.327899,0.331421,0.332718,0.333309,0.333314,0.333315,0.333323,0.333325,0.333326,0.333330,0.333334,0.333336,0.333339,0.333341,0.333342,0.333343,0.333350,0.333351,0.333352,0.333358,0.333365,0.333386,0.333390,0.776781,
0.250362,0.255194,0.268541,0.270197,0.271851,0.276726,0.293376,0.294782,0.298948,0.301448,0.307603,0.313282,0.319329,0.321200,0.324729,0.327132,0.330067,0.330758,0.330769,0.332111,0.332731,0.333308,0.333316,0.333324,0.333325,0.333326,0.333332,0.333334,0.333336,0.333340,0.333342,0.333347,0.333348,0.333348,0.333352,0.333356,0.333361,0.333365,0.333376,0.776549,
0.240576,0.251174,0.263515,0.270217,0.284530,0.293372,0.300147,0.305204,0.309940,0.314314,0.319343,0.323001,0.323864,0.324705,0.327139,0.332712,0.332715,0.333308,0.333319,0.333325,0.333334,0.333335,0.333335,0.333336,0.333337,0.333337,0.333338,0.333339,0.333339,0.333339,0.333340,0.333344,0.333348,0.333353,0.333353,0.333361,0.333365,0.333374,0.333381,0.776948,
0.237539,0.238659,0.247920,0.248823,0.258484,0.263569,0.266886,0.276739,0.279894,0.281477,0.283035,0.290479,0.298811,0.300154,0.300278,0.324082,0.329349,0.329350,0.333307,0.333315,0.333320,0.333323,0.333327,0.333332,0.333334,0.333334,0.333335,0.333336,0.333336,0.333338,0.333339,0.333340,0.333340,0.333343,0.333345,0.333350,0.333352,0.333353,0.333370,0.776758,
0.240319,0.256845,0.265234,0.271843,0.283015,0.286066,0.287656,0.306419,0.306420,0.306455,0.307796,0.308791,0.312179,0.315351,0.316396,0.323869,0.325520,0.326343,0.327118,0.330748,0.332072,0.333318,0.333324,0.333325,0.333326,0.333328,0.333333,0.333335,0.333336,0.333338,0.333338,0.333340,0.333350,0.333350,0.333356,0.333358,0.333371,0.333382,0.333445,0.777291,
0.235654,0.240521,0.248818,0.250745,0.271830,0.271839,0.273517,0.275141,0.278326,0.284564,0.286048,0.307617,0.315362,0.315367,0.319344,0.322117,0.322118,0.327891,0.330759,0.330776,0.333306,0.333307,0.333311,0.333314,0.333318,0.333319,0.333325,0.333334,0.333336,0.333343,0.333343,0.333347,0.333347,0.333348,0.333348,0.333356,0.333357,0.333373,0.333460,0.775236,
0.235553,0.235604,0.237544,0.248773,0.275113,0.298857,0.302708,0.305209,0.314318,0.317372,0.319379,0.323011,0.328626,0.330090,0.330752,0.330772,0.332075,0.332075,0.333306,0.333313,0.333320,0.333324,0.333325,0.333334,0.333335,0.333337,0.333340,0.333341,0.333343,0.333344,0.333344,0.333347,0.333348,0.333351,0.333356,0.333363,0.333363,0.333424,0.333540,0.776612,
0.250383,0.251961,0.261838,0.263560,0.271873,0.275134,0.306416,0.306431,0.308765,0.314325,0.316385,0.318389,0.319333,0.319360,0.322102,0.325541,0.328617,0.329380,0.333309,0.333313,0.333321,0.333325,0.333327,0.333330,0.333332,0.333333,0.333335,0.333338,0.333338,0.333338,0.333340,0.333341,0.333342,0.333344,0.333348,0.333380,0.333402,0.333420,0.333422,0.775928,
0.236244,0.237502,0.248814,0.253586,0.271897,0.276725,0.276733,0.278338,0.278378,0.281470,0.283008,0.287588,0.312160,0.313251,0.313251,0.317403,0.318361,0.323886,0.325522,0.326353,0.327104,0.328662,0.330073,0.330759,0.332082,0.332727,0.333311,0.333311,0.333318,0.333332,0.333334,0.333337,0.333338,0.333340,0.333341,0.333346,0.333354,0.333378,0.333378,0.775322,
0.235529,0.237609,0.248884,0.255182,0.263571,0.270222,0.286108,0.290519,0.290542,0.291963,0.298833,0.298845,0.298884,0.314328,0.321216,0.324692,0.326316,0.326331,0.327126,0.329365,0.330757,0.333306,0.333320,0.333326,0.333334,0.333334,0.333335,0.333336,0.333336,0.333338,0.333338,0.333339,0.333344,0.333359,0.333359,0.333361,0.333364,0.333381,0.333409,0.776016,
0.251979,0.255183,0.258435,0.258487,0.261900,0.265169,0.271816,0.271872,0.273472,0.276740,0.284528,0.289050,0.297503,0.308752,0.309933,0.316382,0.320298,0.329363,0.329367,0.330058,0.333306,0.333311,0.333314,0.333325,0.333329,0.333331,0.333332,0.333335,0.333338,0.333338,0.333350,0.333351,0.333351,0.333354,0.333359,0.333368,0.333375,0.333380,0.333401,0.776627,
0.235619,0.236122,0.239450,0.241686,0.253540,0.263536,0.271911,0.275110,0.278303,0.283020,0.284599,0.286038,0.294766,0.297491,0.300176,0.305219,0.310210,0.311071,0.313241,0.314302,0.320282,0.325530,0.327868,0.328658,0.330061,0.332085,0.332753,0.333317,0.333317,0.333334,0.333335,0.333341,0.333346,0.333356,0.333357,0.333364,0.333371,0.333376,0.333378,0.774554,
0.236748,0.244393,0.255182,0.266857,0.271864,0.282985,0.283034,0.286071,0.301456,0.303965,0.312175,0.313355,0.318401,0.324697,0.324705,0.327137,0.327871,0.332774,0.333306,0.333306,0.333307,0.333308,0.333321,0.333327,0.333333,0.333334,0.333334,0.333337,0.333337,0.333344,0.333344,0.333349,0.333351,0.333356,0.333357,0.333357,0.333365,0.333396,0.333425,0.776465,
0.235809,0.236019,0.237507,0.240549,0.250371,0.251245,0.273495,0.278369,0.283012,0.294798,0.301425,0.315360,0.321209,0.324690,0.331446,0.333312,0.333312,0.333317,0.333318,0.333319,0.333323,0.333324,0.333331,0.333331,0.333333,0.333334,0.333337,0.333338,0.333345,0.333349,0.333351,0.333353,0.333356,0.333358,0.333358,0.333367,0.333374,0.333388,0.333407,0.776706,
0.235960,0.256845,0.266876,0.283026,0.283034,0.287567,0.289036,0.302734,0.302821,0.304033,0.306420,0.312167,0.315363,0.315368,0.316390,0.320293,0.327895,0.328623,0.332091,0.333307,0.333307,0.333314,0.333319,0.333323,0.333333,0.333334,0.333338,0.333340,0.333343,0.333346,0.333349,0.333350,0.333359,0.333360,0.333362,0.333380,0.333402,0.333414,0.333538,0.777346,
0.235618,0.235689,0.237542,0.250289,0.253575,0.268537,0.275139,0.279950,0.282999,0.301422,0.301425,0.301461,0.308783,0.308794,0.308799,0.309917,0.314326,0.322998,0.328633,0.329346,0.330760,0.333307,0.333309,0.333318,0.333334,0.333336,0.333337,0.333338,0.333340,0.333343,0.333343,0.333349,0.333355,0.333355,0.333356,0.333357,0.333358,0.333361,0.333430,0.775729,
0.235649,0.235795,0.253639,0.262922,0.270198,0.271827,0.276718,0.294757,0.297482,0.303978,0.312174,0.315464,0.317397,0.319343,0.322118,0.327113,0.327185,0.327878,0.333312,0.333312,0.333314,0.333317,0.333324,0.333330,0.333336,0.333337,0.333338,0.333339,0.333344,0.333345,0.333350,0.333352,0.333359,0.333360,0.333362,0.333365,0.333376,0.333380,0.333421,0.774914,
0.240458,0.258578,0.270188,0.287564,0.296147,0.300141,0.303977,0.305197,0.307610,0.321213,0.322465,0.323848,0.327133,0.327887,0.328629,0.330760,0.333307,0.333308,0.333310,0.333312,0.333318,0.333318,0.333321,0.333323,0.333328,0.333333,0.333338,0.333338,0.333338,0.333342,0.333345,0.333347,0.333348,0.333349,0.333353,0.333361,0.333375,0.333414,0.333416,0.775134,
0.258533,0.284543,0.287580,0.294739,0.294896,0.296171,0.304006,0.306399,0.307605,0.308807,0.312212,0.315360,0.320277,0.320281,0.324716,0.326312,0.330760,0.332717,0.333305,0.333307,0.333309,0.333316,0.333320,0.333322,0.333325,0.333337,0.333337,0.333337,0.333339,0.333340,0.333340,0.333345,0.333348,0.333350,0.333350,0.333352,0.333354,0.333359,0.333373,0.776087,
0.260213,0.268567,0.284530,0.290514,0.309926,0.312166,0.314325,0.315350,0.315362,0.321203,0.321211,0.322979,0.327875,0.330762,0.332716,0.333317,0.333319,0.333323,0.333330,0.333334,0.333337,0.333338,0.333339,0.333339,0.333339,0.333341,0.333341,0.333343,0.333344,0.333346,0.333347,0.333348,0.333352,0.333352,0.333352,0.333352,0.333357,0.333358,0.333360,0.777034,
0.237527,0.245807,0.247327,0.258515,0.263515,0.276725,0.284581,0.296153,0.305196,0.306417,0.309959,0.311060,0.312177,0.314317,0.314330,0.317393,0.318369,0.320273,0.322990,0.323855,0.327104,0.327125,0.327127,0.328617,0.328619,0.333312,0.333314,0.333318,0.333319,0.333323,0.333323,0.333328,0.333333,0.333333,0.333337,0.333337,0.333337,0.333341,0.333357,0.775510,
0.266894,0.278302,0.281474,0.287584,0.291954,0.291980,0.297496,0.298824,0.305254,0.309925,0.313243,0.316394,0.316434,0.317402,0.322989,0.323037,0.323847,0.324721,0.326329,0.330062,0.331435,0.331439,0.333320,0.333322,0.333326,0.333330,0.333336,0.333337,0.333337,0.333340,0.333341,0.333342,0.333345,0.333347,0.333350,0.333352,0.333356,0.333362,0.333448,0.776586,
0.258489,0.266856,0.268538,0.271826,0.290528,0.294759,0.311076,0.317408,0.319339,0.323848,0.323854,0.327099,0.327878,0.330764,0.333325,0.333325,0.333326,0.333329,0.333330,0.333335,0.333335,0.333336,0.333337,0.333338,0.333338,0.333339,0.333339,0.333339,0.333340,0.333342,0.333342,0.333343,0.333351,0.333351,0.333354,0.333355,0.333355,0.333358,0.333361,0.776926,
0.236827,0.237594,0.247278,0.251191,0.258545,0.270203,0.271836,0.275105,0.286048,0.308762,0.311067,0.312181,0.320265,0.322996,0.328624,0.329383,0.332078,0.333312,0.333314,0.333314,0.333315,0.333317,0.333318,0.333325,0.333325,0.333333,0.333335,0.333336,0.333337,0.333339,0.333339,0.333339,0.333339,0.333343,0.333346,0.333355,0.333363,0.333366,0.333367,0.775336,
0.263491,0.273511,0.284579,0.289022,0.296175,0.297517,0.298811,0.298841,0.301456,0.311046,0.311084,0.315356,0.319356,0.320299,0.326342,0.327887,0.328621,0.330052,0.330755,0.333307,0.333308,0.333322,0.333328,0.333329,0.333334,0.333336,0.333336,0.333344,0.333345,0.333347,0.333350,0.333361,0.333365,0.333365,0.333372,0.333383,0.333400,0.333406,0.333536,0.776212,
0.236707,0.238361,0.239459,0.270203,0.278313,0.297521,0.302727,0.306440,0.307620,0.315389,0.322120,0.324681,0.325553,0.326331,0.330061,0.330068,0.332081,0.332711,0.332719,0.333307,0.333310,0.333322,0.333325,0.333331,0.333331,0.333336,0.333336,0.333338,0.333339,0.333341,0.333342,0.333345,0.333346,0.333351,0.333351,0.333352,0.333353,0.333353,0.333370,0.775043,
0.237492,0.245770,0.261197,0.261855,0.275140,0.279889,0.279928,0.297482,0.306430,0.308755,0.312226,0.320282,0.320292,0.321220,0.322991,0.327873,0.329354,0.329362,0.332082,0.332150,0.332716,0.333307,0.333312,0.333315,0.333317,0.333317,0.333318,0.333321,0.333326,0.333334,0.333338,0.333340,0.333343,0.333344,0.333347,0.333350,0.333352,0.333360,0.333405,0.775474,
0.237476,0.256832,0.268528,0.297476,0.298835,0.303956,0.306427,0.313254,0.313277,0.314352,0.319457,0.326317,0.326333,0.326374,0.327125,0.327875,0.328210,0.331430,0.331440,0.332078,0.332118,0.332726,0.333317,0.333320,0.333327,0.333329,0.333334,0.333337,0.333337,0.333340,0.333341,0.333341,0.333344,0.333346,0.333346,0.333348,0.333351,0.333356,0.333360,0.775599,
0.222738,0.238758,0.241723,0.247332,0.258496,0.261906,0.283041,0.302725,0.306403,0.314313,0.315348,0.315357,0.316396,0.320295,0.325551,0.330750,0.333310,0.333310,0.333317,0.333321,0.333327,0.333330,0.333333,0.333334,0.333336,0.333336,0.333337,0.333337,0.333337,0.333337,0.333337,0.333338,0.333339,0.333341,0.333344,0.333351,0.333352,0.333375,0.333402,0.775589,
0.235893,0.237591,0.240903,0.242550,0.243065,0.263567,0.286089,0.291930,0.297526,0.301444,0.306431,0.309942,0.309945,0.314336,0.318426,0.322092,0.322096,0.323849,0.323867,0.326308,0.326324,0.327870,0.329359,0.330057,0.331459,0.332723,0.333317,0.333324,0.333336,0.333339,0.333341,0.333343,0.333345,0.333347,0.333352,0.333360,0.333373,0.333390,0.333455,0.777188,
0.235788,0.237489,0.242936,0.260147,0.265243,0.275073,0.282995,0.286075,0.287532,0.294747,0.305219,0.306419,0.321211,0.321341,0.322131,0.323854,0.327113,0.327889,0.330753,0.332078,0.332720,0.332726,0.333308,0.333311,0.333320,0.333323,0.333326,0.333329,0.333334,0.333337,0.333337,0.333338,0.333339,0.333342,0.333344,0.333346,0.333387,0.333403,0.333480,0.776466,
0.235667,0.240415,0.253589,0.255763,0.260210,0.265215,0.279905,0.281459,0.286060,0.291919,0.294753,0.318370,0.321205,0.328656,0.329354,0.333312,0.333321,0.333325,0.333328,0.333328,0.333329,0.333334,0.333334,0.333334,0.333336,0.333336,0.333336,0.333338,0.333340,0.333340,0.333343,0.333349,0.333357,0.333359,0.333361,0.333362,0.333389,0.333411,0.333449,0.776425,
0.238454,0.240460,0.260263,0.261872,0.275089,0.275101,0.275104,0.300150,0.300158,0.300170,0.301964,0.309942,0.313266,0.315450,0.319337,0.321193,0.322089,0.322108,0.333309,0.333313,0.333315,0.333319,0.333332,0.333332,0.333333,0.333335,0.333335,0.333336,0.333336,0.333336,0.333337,0.333337,0.333338,0.333340,0.333349,0.333354,0.333357,0.333359,0.333359,0.775981,
0.253583,0.260281,0.261458,0.279870,0.296138,0.301472,0.305213,0.306406,0.307584,0.307597,0.309915,0.309929,0.313259,0.317400,0.320293,0.330063,0.332718,0.333311,0.333315,0.333326,0.333329,0.333333,0.333334,0.333335,0.333335,0.333340,0.333343,0.333349,0.333349,0.333349,0.333351,0.333352,0.333361,0.333363,0.333363,0.333363,0.333370,0.333371,0.333398,0.776152,
0.275107,0.298825,0.301435,0.303982,0.314322,0.315377,0.317375,0.319332,0.322143,0.324677,0.325524,0.326352,0.327114,0.328618,0.329350,0.331428,0.332711,0.333307,0.333309,0.333310,0.333318,0.333323,0.333334,0.333335,0.333336,0.333339,0.333341,0.333343,0.333345,0.333346,0.333346,0.333347,0.333347,0.333347,0.333347,0.333348,0.333351,0.333375,0.333794,0.776247,
0.244410,0.247352,0.253498,0.260194,0.261852,0.265214,0.268573,0.273511,0.276756,0.284551,0.296146,0.297536,0.301451,0.305188,0.307631,0.312171,0.314296,0.317385,0.318372,0.318387,0.320270,0.324689,0.325523,0.325534,0.326341,0.330063,0.333320,0.333320,0.333325,0.333333,0.333337,0.333337,0.333338,0.333340,0.333342,0.333343,0.333343,0.333344,0.333352,0.776492,
0.235979,0.236806,0.240499,0.247243,0.256878,0.261643,0.276710,0.278327,0.301439,0.307619,0.316389,0.319343,0.320294,0.321183,0.322102,0.323855,0.329345,0.332087,0.332112,0.333315,0.333324,0.333325,0.333336,0.333338,0.333338,0.333342,0.333342,0.333342,0.333346,0.333348,0.333352,0.333352,0.333358,0.333363,0.333367,0.333370,0.333370,0.333376,0.333384,0.775605,
0.235643,0.235661,0.247257,0.266840,0.268501,0.287550,0.291960,0.312162,0.315357,0.315808,0.318375,0.320307,0.322107,0.322970,0.325591,0.327115,0.327153,0.330770,0.331424,0.333307,0.333307,0.333308,0.333309,0.333316,0.333319,0.333325,0.333325,0.333330,0.333331,0.333335,0.333337,0.333339,0.333341,0.333341,0.333347,0.333347,0.333362,0.333374,0.333408,0.775923,
0.236633,0.239322,0.247745,0.251970,0.258499,0.263574,0.270215,0.275135,0.281483,0.281499,0.311052,0.314316,0.314346,0.315351,0.319321,0.321193,0.328634,0.330156,0.331430,0.331442,0.333306,0.333310,0.333325,0.333328,0.333334,0.333335,0.333335,0.333338,0.333338,0.333339,0.333339,0.333340,0.333344,0.333344,0.333354,0.333357,0.333365,0.333381,0.333424,0.776263,
