0.000000,0.000000,0.000000,0.000000,0.000000,0.000000,0.000000,0.000000,0.000000,0.000000,0.000000,0.000000,0.000000,0.000000,0.000000,0.000000,0.000000,0.000000,0.000000,0.000000,0.000000,0.000000,0.000000,0.000000,0.000000,0.000000,0.000000,0.000000,0.000000,0.000000,0.000000,0.000000,0.000000,0.000000,0.000000,0.000000,0.000000,0.000000,0.000000,0.000000,
0.000000,0.245375,0.251467,0.259750,0.292007,0.292022,0.293449,0.296282,0.296569,0.299139,0.310545,0.311830,0.311947,0.312873,0.316323,0.317486,0.318464,0.327275,0.328298,0.331604,0.333874,0.334850,0.335675,0.774816,0.775384,0.775462,0.775807,0.776031,0.776251,0.776320,0.776382,0.776406,0.776557,0.776692,0.776716,0.776787,0.776825,0.776861,0.777272,0.777722,
0.240361,0.277793,0.291948,0.293391,0.297331,0.301446,0.301610,0.305218,0.308932,0.308968,0.310057,0.311052,0.312159,0.315858,0.316823,0.320280,0.324578,0.324658,0.325550,0.326334,0.330762,0.333334,0.333335,0.333335,0.333339,0.333342,0.333343,0.333346,0.333346,0.333353,0.333354,0.333372,0.774970,0.775220,0.775289,0.775305,0.776277,0.776366,0.776652,0.777484,
0.251381,0.261877,0.266280,0.270219,0.279877,0.283007,0.286057,0.287550,0.302727,0.307605,0.307659,0.310134,0.318362,0.318367,0.321208,0.322991,0.323855,0.327878,0.327884,0.333314,0.333321,0.333322,0.333329,0.333332,0.333335,0.333338,0.333339,0.333340,0.333347,0.333347,0.333350,0.333350,0.333352,0.333354,0.333360,0.333396,0.775745,0.775842,0.776127,0.776414,
0.241778,0.247247,0.254644,0.261834,0.263482,0.270221,0.279878,0.286087,0.289084,0.297514,0.298798,0.313278,0.313289,0.314309,0.323848,0.324701,0.327108,0.327891,0.330070,0.331426,0.333318,0.333320,0.333321,0.333328,0.333329,0.333329,0.333331,0.333340,0.333342,0.333342,0.333347,0.333348,0.333356,0.333357,0.333358,0.333360,0.774876,0.775261,0.775635,0.776070,
0.243012,0.251951,0.251982,0.251984,0.302740,0.303990,0.306428,0.306442,0.313247,0.313251,0.315363,0.318364,0.319875,0.323007,0.323879,0.325517,0.327882,0.328627,0.331425,0.332717,0.333311,0.333312,0.333313,0.333325,0.333327,0.333336,0.333336,0.333337,0.333339,0.333342,0.333345,0.333359,0.333369,0.333369,0.333383,0.333390,0.333573,0.775669,0.775815,0.776013,
0.235541,0.236272,0.241640,0.242362,0.253563,0.296136,0.300151,0.305220,0.305244,0.312170,0.313254,0.313276,0.315368,0.316420,0.321207,0.321687,0.322102,0.322102,0.324699,0.324716,0.329363,0.332761,0.333307,0.333328,0.333334,0.333334,0.333335,0.333338,0.333338,0.333339,0.333339,0.333342,0.333344,0.333348,0.333348,0.333349,0.333351,0.333379,0.776853,0.777164,
0.260232,0.271849,0.273482,0.278297,0.291932,0.294782,0.301471,0.302717,0.311103,0.313257,0.316373,0.316389,0.321224,0.323852,0.323857,0.327117,0.328632,0.329344,0.329353,0.332082,0.332758,0.333324,0.333325,0.333328,0.333329,0.333329,0.333333,0.333335,0.333336,0.333337,0.333338,0.333341,0.333344,0.333345,0.333346,0.333390,0.333411,0.333484,0.775884,0.776295,
0.247275,0.247309,0.264622,0.268561,0.282994,0.294747,0.296170,0.300155,0.302707,0.302747,0.312174,0.316369,0.320296,0.327874,0.330070,0.330743,0.333322,0.333325,0.333326,0.333329,0.333334,0.333334,0.333334,0.333337,0.333337,0.333337,0.333337,0.333339,0.333339,0.333340,0.333340,0.333343,0.333344,0.333347,0.333350,0.333354,0.333360,0.333364,0.333370,0.775393,
0.238381,0.244309,0.244978,0.245850,0.279891,0.279891,0.279924,0.283042,0.297498,0.297518,0.298831,0.301437,0.305223,0.309930,0.312160,0.314325,0.318380,0.323865,0.326331,0.333311,0.333314,0.333318,0.333322,0.333327,0.333333,0.333333,0.333334,0.333335,0.333336,0.333338,0.333339,0.333340,0.333341,0.333342,0.333349,0.333353,0.333357,0.333369,0.333382,0.776358,
0.263566,0.276711,0.276726,0.281483,0.283073,0.294789,0.298845,0.303993,0.307596,0.312210,0.313247,0.315374,0.316401,0.317382,0.321216,0.326339,0.327120,0.327875,0.329376,0.330080,0.333307,0.333319,0.333324,0.333326,0.333329,0.333331,0.333336,0.333337,0.333338,0.333346,0.333348,0.333351,0.333351,0.333351,0.333359,0.333360,0.333383,0.333399,0.333494,0.775551,
0.245790,0.247221,0.261867,0.263526,0.278321,0.279895,0.283014,0.284562,0.286087,0.289048,0.300152,0.301454,0.306440,0.313259,0.314321,0.321191,0.321216,0.321219,0.323019,0.325525,0.327113,0.328612,0.333307,0.333311,0.333312,0.333316,0.333319,0.333322,0.333329,0.333335,0.333337,0.333339,0.333343,0.333345,0.333348,0.333358,0.333359,0.333361,0.333362,0.777112,
0.235899,0.236628,0.275090,0.287570,0.294762,0.297514,0.301456,0.303970,0.305209,0.312169,0.314332,0.317396,0.321194,0.323865,0.326321,0.326329,0.330764,0.330772,0.331443,0.333311,0.333319,0.333323,0.333324,0.333337,0.333338,0.333339,0.333341,0.333344,0.333346,0.333349,0.333350,0.333355,0.333360,0.333360,0.333361,0.333362,0.333371,0.333382,0.333384,0.776396,
0.244357,0.244388,0.247296,0.253548,0.268544,0.270187,0.283009,0.289030,0.296135,0.305236,0.314338,0.314340,0.314361,0.324705,0.327109,0.327866,0.328633,0.331428,0.333310,0.333310,0.333319,0.333323,0.333327,0.333328,0.333330,0.333332,0.333335,0.333338,0.333338,0.333338,0.333340,0.333340,0.333342,0.333347,0.333351,0.333356,0.333361,0.333430,0.333435,0.776626,
0.236137,0.237481,0.238408,0.240347,0.247749,0.248873,0.266912,0.281507,0.284549,0.287562,0.296142,0.298839,0.303983,0.307605,0.308788,0.309917,0.309944,0.313243,0.313290,0.314347,0.317389,0.317406,0.326327,0.330052,0.333316,0.333317,0.333330,0.333332,0.333336,0.333338,0.333338,0.333340,0.333344,0.333344,0.333347,0.333351,0.333358,0.333383,0.333386,0.776240,
0.268523,0.268548,0.273502,0.275222,0.281434,0.281453,0.281476,0.283008,0.296112,0.297492,0.314309,0.320275,0.320341,0.321215,0.325514,0.327109,0.327886,0.332727,0.333320,0.333324,0.333330,0.333335,0.333335,0.333343,0.333344,0.333345,0.333346,0.333346,0.333346,0.333347,0.333348,0.333351,0.333352,0.333355,0.333359,0.333367,0.333380,0.333407,0.333521,0.775952,
0.240528,0.243002,0.243009,0.244905,0.251155,0.258477,0.258514,0.266813,0.291933,0.300159,0.309922,0.315368,0.322119,0.323844,0.323867,0.325524,0.326311,0.327102,0.327870,0.331423,0.333311,0.333313,0.333317,0.333334,0.333335,0.333338,0.333338,0.333338,0.333340,0.333340,0.333341,0.333343,0.333344,0.333351,0.333359,0.333362,0.333363,0.333366,0.333366,0.776288,
0.239374,0.241694,0.258207,0.265209,0.266912,0.271855,0.281468,0.281477,0.294770,0.298867,0.304195,0.308790,0.316406,0.322099,0.322981,0.322998,0.324684,0.324706,0.326326,0.328654,0.329357,0.329519,0.333308,0.333309,0.333311,0.333317,0.333327,0.333329,0.333333,0.333337,0.333339,0.333340,0.333341,0.333350,0.333350,0.333367,0.333371,0.333372,0.333387,0.774809,
0.241693,0.247296,0.262728,0.263575,0.270449,0.283022,0.296119,0.297505,0.302722,0.306403,0.308782,0.311082,0.314317,0.315371,0.320288,0.324760,0.325517,0.326381,0.330059,0.332084,0.333307,0.333307,0.333327,0.333328,0.333328,0.333334,0.333336,0.333338,0.333338,0.333339,0.333341,0.333346,0.333350,0.333350,0.333353,0.333360,0.333364,0.333366,0.333367,0.776888,
0.238332,0.244379,0.248768,0.281502,0.298821,0.302727,0.302746,0.305199,0.305232,0.312160,0.313282,0.317403,0.318373,0.322078,0.330063,0.331452,0.332491,0.333307,0.333311,0.333311,0.333317,0.333327,0.333333,0.333336,0.333337,0.333337,0.333338,0.333338,0.333338,0.333339,0.333341,0.333344,0.333345,0.333349,0.333351,0.333355,0.333357,0.333382,0.333390,0.776798,
0.237490,0.258499,0.263489,0.286101,0.290521,0.294769,0.300160,0.302778,0.305188,0.305194,0.306417,0.314316,0.317386,0.318391,0.319331,0.320281,0.322096,0.322968,0.327111,0.327874,0.333307,0.333309,0.333309,0.333319,0.333326,0.333328,0.333333,0.333335,0.333335,0.333336,0.333336,0.333344,0.333345,0.333349,0.333349,0.333355,0.333359,0.333381,0.333386,0.776110,
0.245790,0.253576,0.260187,0.260962,0.270228,0.281501,0.281529,0.300138,0.300145,0.300148,0.307610,0.317409,0.318380,0.323854,0.327112,0.330082,0.330762,0.332711,0.332744,0.333308,0.333319,0.333322,0.333323,0.333327,0.333328,0.333337,0.333337,0.333338,0.333338,0.333339,0.333340,0.333341,0.333341,0.333341,0.333344,0.333353,0.333357,0.333372,0.333400,0.776197,
0.248851,0.263580,0.266880,0.270237,0.271827,0.289066,0.291957,0.311060,0.312179,0.315359,0.315385,0.321207,0.322093,0.323855,0.325530,0.326316,0.326321,0.326348,0.328659,0.329376,0.333306,0.333313,0.333326,0.333326,0.333327,0.333327,0.333330,0.333334,0.333335,0.333335,0.333339,0.333341,0.333341,0.333342,0.333342,0.333343,0.333350,0.333358,0.333645,0.776490,
0.235758,0.250371,0.256836,0.258503,0.266903,0.287572,0.287621,0.311051,0.312200,0.313223,0.316410,0.317401,0.319335,0.320291,0.320300,0.322103,0.322111,0.323863,0.325520,0.331429,0.331432,0.332086,0.332720,0.333317,0.333325,0.333326,0.333333,0.333336,0.333337,0.333337,0.333338,0.333340,0.333341,0.333344,0.333348,0.333355,0.333363,0.333366,0.333381,0.774942,
0.235497,0.243061,0.273500,0.287560,0.293356,0.294755,0.298865,0.314318,0.319333,0.319336,0.322113,0.324718,0.327102,0.330067,0.333307,0.333308,0.333323,0.333328,0.333333,0.333334,0.333334,0.333335,0.333336,0.333338,0.333339,0.333339,0.333340,0.333340,0.333341,0.333341,0.333343,0.333345,0.333345,0.333356,0.333356,0.333365,0.333372,0.333380,0.333413,0.776007,
0.256845,0.265258,0.275116,0.284531,0.284549,0.289048,0.291961,0.298846,0.303962,0.305205,0.307619,0.307627,0.308792,0.309940,0.315354,0.316383,0.318413,0.321211,0.322977,0.323956,0.327878,0.329351,0.330066,0.333307,0.333309,0.333313,0.333313,0.333313,0.333322,0.333324,0.333327,0.333333,0.333333,0.333335,0.333336,0.333336,0.333351,0.333353,0.333363,0.776320,
0.235589,0.240493,0.242329,0.244821,0.253610,0.258533,0.263523,0.265228,0.266835,0.273496,0.275091,0.278382,0.303991,0.308783,0.308793,0.319365,0.320264,0.325515,0.325520,0.327112,0.328621,0.330069,0.330767,0.332090,0.333315,0.333334,0.333335,0.333337,0.333338,0.333339,0.333342,0.333346,0.333347,0.333348,0.333351,0.333354,0.333355,0.333357,0.333373,0.776290,
0.250333,0.271820,0.286093,0.302741,0.306411,0.312175,0.314308,0.315375,0.317401,0.323004,0.324684,0.324699,0.327885,0.327980,0.332074,0.332076,0.333307,0.333317,0.333325,0.333328,0.333328,0.333332,0.333334,0.333334,0.333337,0.333338,0.333339,0.333341,0.333341,0.333347,0.333347,0.333361,0.333364,0.333368,0.333371,0.333376,0.333393,0.333483,0.333501,0.775153,
0.245028,0.245769,0.247354,0.256824,0.265199,0.268553,0.286050,0.291950,0.302736,0.306425,0.312153,0.315358,0.316405,0.321210,0.323850,0.327119,0.327873,0.329383,0.330064,0.330757,0.332087,0.333306,0.333308,0.333326,0.333329,0.333329,0.333332,0.333334,0.333335,0.333336,0.333337,0.333338,0.333338,0.333339,0.333343,0.333343,0.333348,0.333357,0.333378,0.775731,
0.235630,0.239438,0.248783,0.253576,0.255202,0.260154,0.260169,0.265214,0.287620,0.301463,0.307622,0.307631,0.308791,0.308810,0.311015,0.320276,0.321205,0.322107,0.323855,0.325507,0.327126,0.331436,0.333307,0.333320,0.333325,0.333327,0.333330,0.333332,0.333334,0.333334,0.333334,0.333334,0.333339,0.333345,0.333367,0.333374,0.333382,0.333384,0.333503,0.776644,
0.235713,0.235732,0.238660,0.247269,0.251961,0.253556,0.258519,0.268500,0.268500,0.281448,0.283071,0.291946,0.300197,0.308772,0.312152,0.313271,0.316377,0.317408,0.321207,0.322117,0.322999,0.326344,0.330059,0.331435,0.333306,0.333307,0.333308,0.333328,0.333330,0.333332,0.333336,0.333338,0.333340,0.333342,0.333347,0.333349,0.333376,0.333395,0.333414,0.775382,
0.235807,0.244455,0.266860,0.283012,0.286109,0.290480,0.301449,0.303959,0.308765,0.309960,0.312216,0.315368,0.319323,0.321235,0.325512,0.327121,0.328627,0.333310,0.333315,0.333318,0.333321,0.333334,0.333337,0.333338,0.333340,0.333341,0.333342,0.333343,0.333347,0.333350,0.333354,0.333358,0.333359,0.333366,0.333366,0.333373,0.333378,0.333414,0.333453,0.775979,
0.000181,0.256893,0.275127,0.278318,0.278382,0.290480,0.300186,0.317384,0.321198,0.324689,0.324731,0.325519,0.327127,0.328614,0.333306,0.333306,0.333308,0.333308,0.333312,0.333315,0.333324,0.333324,0.333325,0.333327,0.333333,0.333335,0.333336,0.333338,0.333338,0.333340,0.333341,0.333342,0.333343,0.333345,0.333346,0.333358,0.333360,0.333366,0.333386,0.775471,
0.238716,0.244402,0.256878,0.258526,0.261882,0.268552,0.271882,0.291926,0.303997,0.305203,0.305224,0.306431,0.306437,0.314328,0.318385,0.320290,0.321200,0.330061,0.332082,0.333311,0.333321,0.333326,0.333328,0.333331,0.333337,0.333338,0.333338,0.333339,0.333340,0.333342,0.333350,0.333350,0.333354,0.333354,0.333357,0.333359,0.333360,0.333373,0.334013,0.775611,
0.235646,0.236146,0.265214,0.273534,0.297479,0.313266,0.316381,0.320289,0.322114,0.323855,0.324697,0.327906,0.330068,0.330755,0.331458,0.333306,0.333310,0.333318,0.333325,0.333329,0.333330,0.333334,0.333334,0.333335,0.333335,0.333336,0.333337,0.333339,0.333341,0.333341,0.333342,0.333342,0.333345,0.333348,0.333348,0.333365,0.333374,0.333385,0.333456,0.777163,
0.235611,0.236613,0.258525,0.260232,0.273473,0.273483,0.275119,0.278354,0.281456,0.283026,0.291936,0.296129,0.307613,0.321211,0.321220,0.329351,0.332714,0.333308,0.333312,0.333320,0.333320,0.333323,0.333325,0.333325,0.333326,0.333326,0.333332,0.333332,0.333333,0.333335,0.333338,0.333339,0.333340,0.333341,0.333343,0.333344,0.333351,0.333351,0.333424,0.775866,
0.242419,0.245814,0.248771,0.250357,0.254672,0.301466,0.302711,0.305288,0.306434,0.312163,0.314320,0.315352,0.316389,0.320278,0.320293,0.321226,0.324682,0.324693,0.327103,0.328627,0.328636,0.332081,0.332086,0.332188,0.332723,0.333317,0.333326,0.333327,0.333328,0.333334,0.333338,0.333339,0.333341,0.333350,0.333353,0.333353,0.333354,0.333363,0.333370,0.775115,
0.235934,0.238315,0.255695,0.260191,0.260232,0.270199,0.270217,0.271824,0.286064,0.290499,0.296151,0.305221,0.308783,0.314322,0.315388,0.317386,0.324698,0.325525,0.326331,0.329358,0.332087,0.332719,0.333307,0.333315,0.333327,0.333334,0.333334,0.333336,0.333336,0.333336,0.333337,0.333338,0.333338,0.333345,0.333348,0.333348,0.333383,0.333479,0.333563,0.776222,
0.253573,0.266883,0.284551,0.293371,0.294734,0.297489,0.302725,0.303984,0.306455,0.317396,0.327880,0.329456,0.330074,0.332076,0.332081,0.333307,0.333308,0.333320,0.333320,0.333329,0.333329,0.333332,0.333333,0.333336,0.333336,0.333338,0.333343,0.333344,0.333346,0.333348,0.333352,0.333354,0.333357,0.333357,0.333364,0.333364,0.333370,0.333399,0.333901,0.775324,
0.253541,0.253557,0.258535,0.266858,0.266866,0.273488,0.278330,0.284530,0.293358,0.297535,0.300198,0.305209,0.308777,0.311056,0.311070,0.313271,0.326319,0.332095,0.332709,0.333307,0.333309,0.333312,0.333319,0.333323,0.333329,0.333331,0.333332,0.333334,0.333334,0.333334,0.333336,0.333343,0.333348,0.333349,0.333352,0.333353,0.333353,0.333358,0.333377,0.776771,
0.235719,0.238493,0.239443,0.253541,0.258095,0.265225,0.270204,0.271812,0.275146,0.297507,0.311053,0.317414,0.318374,0.318385,0.323882,0.324690,0.333306,0.333320,0.333320,0.333324,0.333332,0.333333,0.333334,0.333335,0.333335,0.333337,0.333338,0.333343,0.333345,0.333345,0.333345,0.333346,0.333348,0.333350,0.333357,0.333362,0.333363,0.333367,0.333367,0.776287,
0.273506,0.284539,0.306451,0.309949,0.311072,0.312191,0.315374,0.316390,0.317375,0.319304,0.329351,0.329364,0.330068,0.330761,0.332073,0.332078,0.332819,0.333307,0.333308,0.333317,0.333318,0.333321,0.333322,0.333323,0.333327,0.333333,0.333334,0.333334,0.333337,0.333341,0.333342,0.333343,0.333352,0.333362,0.333363,0.333365,0.333367,0.333394,0.333590,0.776148,
0.244354,0.266912,0.276697,0.284559,0.294758,0.298826,0.302729,0.304002,0.304026,0.305193,0.316385,0.321211,0.322101,0.324680,0.327903,0.328625,0.331428,0.333307,0.333308,0.333310,0.333310,0.333312,0.333325,0.333326,0.333331,0.333331,0.333334,0.333335,0.333336,0.333336,0.333337,0.333340,0.333342,0.333342,0.333342,0.333342,0.333343,0.333345,0.333357,0.776150,
0.241744,0.242489,0.244369,0.244729,0.266833,0.268528,0.289036,0.298873,0.300161,0.301437,0.301457,0.301472,0.306460,0.322989,0.324696,0.328625,0.328646,0.330058,0.333320,0.333325,0.333325,0.333331,0.333332,0.333334,0.333335,0.333335,0.333337,0.333337,0.333337,0.333339,0.333341,0.333343,0.333348,0.333348,0.333349,0.333352,0.333357,0.333362,0.333367,0.774736,
0.235723,0.237482,0.242888,0.271802,0.284570,0.291908,0.294734,0.296157,0.301588,0.302720,0.308777,0.309930,0.315362,0.317391,0.318382,0.324751,0.329538,0.331427,0.333319,0.333319,0.333323,0.333325,0.333327,0.333328,0.333330,0.333330,0.333332,0.333334,0.333334,0.333335,0.333335,0.333335,0.333340,0.333350,0.333350,0.333351,0.333352,0.333368,0.333387,0.776463,
0.244386,0.256900,0.262903,0.265179,0.266842,0.275076,0.275117,0.283000,0.300164,0.302724,0.303982,0.303985,0.307625,0.312227,0.319323,0.320300,0.322108,0.327883,0.330056,0.331439,0.332169,0.333306,0.333307,0.333310,0.333317,0.333318,0.333318,0.333335,0.333335,0.333336,0.333338,0.333340,0.333343,0.333344,0.333349,0.333350,0.333353,0.333364,0.333401,0.776090,
0.236169,0.236250,0.242925,0.263515,0.263522,0.265202,0.275161,0.296139,0.298799,0.300164,0.302735,0.303963,0.308835,0.309928,0.309951,0.311056,0.313246,0.313283,0.315366,0.317377,0.317385,0.318367,0.319370,0.322108,0.327126,0.332080,0.332731,0.333309,0.333315,0.333318,0.333332,0.333335,0.333339,0.333340,0.333341,0.333345,0.333348,0.333369,0.333704,0.775340,
0.235666,0.268536,0.273547,0.286054,0.290471,0.296155,0.313259,0.314326,0.317390,0.319355,0.320290,0.321200,0.323051,0.323867,0.324696,0.330057,0.330796,0.333307,0.333322,0.333326,0.333332,0.333333,0.333334,0.333334,0.333337,0.333342,0.333342,0.333343,0.333343,0.333344,0.333344,0.333345,0.333346,0.333351,0.333353,0.333362,0.333367,0.333368,0.333388,0.775645,
0.248810,0.255171,0.255195,0.260202,0.261856,0.268546,0.275184,0.289036,0.305196,0.305208,0.314349,0.316364,0.325512,0.327111,0.327862,0.327877,0.327885,0.330071,0.332743,0.333308,0.333308,0.333317,0.333321,0.333322,0.333323,0.333324,0.333325,0.333325,0.333329,0.333335,0.333335,0.333338,0.333340,0.333340,0.333340,0.333343,0.333344,0.333344,0.333357,0.774418,
0.253628,0.258559,0.273488,0.278311,0.278314,0.287590,0.296146,0.301448,0.303959,0.313279,0.314355,0.317399,0.318405,0.320293,0.321209,0.325516,0.325542,0.327107,0.327880,0.327880,0.329391,0.333323,0.333325,0.333331,0.333332,0.333335,0.333337,0.333337,0.333339,0.333339,0.333339,0.333340,0.333341,0.333343,0.333344,0.333347,0.333348,0.333355,0.333361,0.775298,
0.236188,0.255181,0.258539,0.266838,0.270205,0.273468,0.283032,0.289068,0.296149,0.301440,0.302739,0.309930,0.317387,0.320267,0.327875,0.332078,0.332714,0.333330,0.333331,0.333335,0.333335,0.333336,0.333337,0.333337,0.333337,0.333338,0.333338,0.333338,0.333338,0.333339,0.333340,0.333341,0.333342,0.333343,0.333344,0.333349,0.333357,0.333372,0.333377,0.776821,
0.238349,0.266894,0.276731,0.281491,0.284557,0.293371,0.303979,0.306511,0.309945,0.313260,0.323852,0.326327,0.327111,0.327875,0.329378,0.330075,0.333306,0.333308,0.333313,0.333318,0.333323,0.333325,0.333325,0.333326,0.333328,0.333329,0.333330,0.333330,0.333334,0.333335,0.333336,0.333336,0.333346,0.333350,0.333352,0.333355,0.333364,0.333365,0.333367,0.775896,
0.266893,0.271884,0.275110,0.278351,0.290505,0.290538,0.293329,0.311066,0.317395,0.318389,0.321214,0.322110,0.322995,0.323888,0.328653,0.329348,0.330069,0.330746,0.330755,0.331437,0.333308,0.333316,0.333318,0.333334,0.333336,0.333336,0.333336,0.333336,0.333337,0.333337,0.333337,0.333345,0.333346,0.333348,0.333357,0.333359,0.333362,0.333367,0.333399,0.775500,
0.250321,0.258011,0.260167,0.266797,0.268530,0.287568,0.289025,0.294783,0.298842,0.298852,0.315385,0.315387,0.320279,0.322098,0.324690,0.325519,0.330063,0.330749,0.330774,0.331425,0.332076,0.332718,0.333313,0.333323,0.333331,0.333334,0.333335,0.333335,0.333335,0.333335,0.333336,0.333339,0.333340,0.333344,0.333346,0.333354,0.333354,0.333360,0.333361,0.776222,
0.241703,0.278330,0.279878,0.286049,0.293368,0.301441,0.312164,0.323862,0.323872,0.324695,0.325510,0.327108,0.327118,0.332080,0.333310,0.333314,0.333322,0.333327,0.333328,0.333330,0.333331,0.333331,0.333332,0.333334,0.333335,0.333335,0.333335,0.333335,0.333338,0.333338,0.333343,0.333350,0.333353,0.333355,0.333357,0.333365,0.333367,0.333370,0.333602,0.774719,
0.235697,0.242525,0.247307,0.266891,0.287566,0.297513,0.297517,0.302716,0.306430,0.317389,0.317445,0.319342,0.320267,0.325527,0.328631,0.328632,0.328635,0.329348,0.329353,0.333306,0.333308,0.333308,0.333312,0.333317,0.333328,0.333331,0.333332,0.333332,0.333335,0.333335,0.333335,0.333335,0.333337,0.333338,0.333339,0.333345,0.333353,0.333356,0.333360,0.775510,
0.235819,0.242522,0.244345,0.260150,0.266828,0.268525,0.276742,0.279885,0.281473,0.283028,0.300246,0.305197,0.306411,0.314346,0.315503,0.320298,0.321205,0.323863,0.325526,0.327123,0.327893,0.330745,0.332722,0.333311,0.333322,0.333334,0.333334,0.333334,0.333335,0.333337,0.333342,0.333342,0.333345,0.333347,0.333348,0.333351,0.333352,0.333355,0.333382,0.776277,
0.238750,0.243019,0.244874,0.251994,0.253554,0.261835,0.271868,0.273481,0.309975,0.315381,0.318387,0.321212,0.321230,0.322107,0.323848,0.324696,0.325516,0.325683,0.327114,0.329357,0.330760,0.332113,0.333317,0.333325,0.333331,0.333334,0.333334,0.333337,0.333337,0.333339,0.333340,0.333344,0.333345,0.333350,0.333351,0.333360,0.333367,0.333385,0.333413,0.776506,
0.238373,0.253523,0.266890,0.268589,0.271839,0.271851,0.275138,0.283042,0.293369,0.303973,0.315367,0.316414,0.321220,0.326466,0.327169,0.330063,0.331427,0.331435,0.332725,0.333305,0.333307,0.333308,0.333324,0.333327,0.333332,0.333335,0.333336,0.333338,0.333338,0.333339,0.333339,0.333340,0.333340,0.333341,0.333341,0.333346,0.333376,0.333378,0.333501,0.775372,
0.238774,0.261865,0.268551,0.268551,0.276723,0.278379,0.281525,0.289051,0.289086,0.308792,0.308821,0.314305,0.316376,0.319344,0.321208,0.327871,0.327896,0.328623,0.328637,0.329378,0.329388,0.330067,0.330761,0.332721,0.333326,0.333328,0.333329,0.333329,0.333330,0.333334,0.333334,0.333336,0.333337,0.333338,0.333338,0.333344,0.333364,0.333366,0.333376,0.775870,
0.245701,0.247331,0.247720,0.253608,0.258501,0.260143,0.260170,0.286070,0.296144,0.298824,0.298843,0.301449,0.305227,0.317407,0.323007,0.327872,0.327881,0.330060,0.330750,0.333307,0.333324,0.333330,0.333330,0.333332,0.333334,0.333335,0.333336,0.333337,0.333337,0.333338,0.333341,0.333344,0.333347,0.333347,0.333355,0.333361,0.333366,0.333369,0.333454,0.776591,
0.235557,0.239436,0.247244,0.261832,0.270221,0.275104,0.284567,0.286066,0.290533,0.291930,0.301450,0.308789,0.311041,0.314336,0.315350,0.327874,0.330752,0.330805,0.331425,0.331435,0.331627,0.333307,0.333308,0.333321,0.333325,0.333327,0.333335,0.333336,0.333336,0.333337,0.333340,0.333349,0.333351,0.333353,0.333359,0.333370,0.333373,0.333376,0.333384,0.774810,
0.236711,0.240473,0.255211,0.265205,0.266873,0.289033,0.289085,0.290486,0.291950,0.306441,0.308798,0.309949,0.312219,0.314326,0.314331,0.324704,0.325548,0.330752,0.330753,0.331447,0.332717,0.332743,0.333306,0.333307,0.333316,0.333318,0.333328,0.333334,0.333335,0.333335,0.333337,0.333346,0.333354,0.333354,0.333358,0.333362,0.333365,0.333381,0.333418,0.776655,
0.222972,0.241686,0.245821,0.250405,0.270200,0.275137,0.278311,0.287571,0.297503,0.298851,0.298900,0.312147,0.318354,0.319352,0.320274,0.323850,0.323872,0.324690,0.325549,0.327112,0.327890,0.332743,0.333310,0.333322,0.333330,0.333332,0.333333,0.333335,0.333335,0.333337,0.333344,0.333344,0.333354,0.333355,0.333356,0.333356,0.333357,0.333368,0.333374,0.776158,
0.275083,0.275121,0.294756,0.296138,0.305205,0.307627,0.317391,0.323868,0.329352,0.330751,0.333306,0.333307,0.333313,0.333313,0.333314,0.333315,0.333323,0.333324,0.333332,0.333334,0.333335,0.333337,0.333337,0.333338,0.333339,0.333339,0.333341,0.333341,0.333342,0.333344,0.333350,0.333350,0.333352,0.333360,0.333362,0.333365,0.333378,0.333390,0.333612,0.776274,
0.235787,0.250325,0.260173,0.261598,0.261835,0.278269,0.278340,0.289062,0.291945,0.293375,0.298803,0.302709,0.303964,0.307615,0.311066,0.314317,0.319339,0.326347,0.327872,0.330081,0.333306,0.333306,0.333308,0.333309,0.333317,0.333323,0.333325,0.333326,0.333328,0.333328,0.333330,0.333334,0.333336,0.333340,0.333342,0.333347,0.333353,0.333353,0.333358,0.776185,
0.244317,0.255155,0.258499,0.263571,0.283493,0.286057,0.296156,0.297483,0.298881,0.304027,0.308778,0.309912,0.311047,0.313261,0.324696,0.328628,0.331444,0.333325,0.333331,0.333334,0.333336,0.333336,0.333337,0.333338,0.333339,0.333345,0.333346,0.333349,0.333349,0.333351,0.333354,0.333355,0.333357,0.333360,0.333361,0.333368,0.333371,0.333379,0.333413,0.775415,
0.235585,0.235794,0.244333,0.247260,0.251933,0.279908,0.281462,0.281482,0.281487,0.283021,0.305210,0.307620,0.311050,0.315392,0.319331,0.321215,0.322107,0.323853,0.324692,0.326340,0.328616,0.333307,0.333307,0.333310,0.333317,0.333318,0.333323,0.333331,0.333332,0.333334,0.333335,0.333346,0.333346,0.333351,0.333353,0.333357,0.333373,0.333374,0.333386,0.776502,
0.245858,0.247323,0.248818,0.270209,0.286070,0.291945,0.293354,0.303988,0.312187,0.321207,0.323837,0.323839,0.327107,0.327119,0.327902,0.331428,0.331431,0.333306,0.333308,0.333322,0.333332,0.333334,0.333338,0.333338,0.333341,0.333341,0.333343,0.333344,0.333345,0.333345,0.333352,0.333358,0.333358,0.333359,0.333360,0.333378,0.333381,0.333413,0.333416,0.776288,
0.236771,0.245832,0.251959,0.278305,0.281465,0.289078,0.298815,0.298843,0.302722,0.302726,0.313241,0.318377,0.319320,0.320289,0.320292,0.322114,0.322975,0.327104,0.327875,0.330085,0.333311,0.333311,0.333311,0.333322,0.333326,0.333328,0.333329,0.333335,0.333335,0.333335,0.333336,0.333337,0.333338,0.333340,0.333344,0.333360,0.333362,0.333382,0.333508,0.776927,
0.236736,0.250398,0.260185,0.276701,0.287560,0.291953,0.306421,0.307593,0.309921,0.312158,0.312160,0.313255,0.314329,0.315375,0.317380,0.319432,0.321206,0.323863,0.327875,0.327892,0.332106,0.332722,0.333306,0.333323,0.333330,0.333330,0.333334,0.333334,0.333336,0.333337,0.333337,0.333338,0.333340,0.333341,0.333344,0.333349,0.333351,0.333351,0.333351,0.775950,
0.235625,0.247799,0.258518,0.265170,0.286070,0.293373,0.296124,0.305211,0.314326,0.315421,0.318368,0.319329,0.320322,0.324719,0.326337,0.326360,0.327097,0.327106,0.327909,0.330068,0.332084,0.332735,0.333306,0.333316,0.333319,0.333323,0.333332,0.333335,0.333335,0.333338,0.333338,0.333339,0.333341,0.333341,0.333343,0.333344,0.333344,0.333344,0.333345,0.775957,
0.240465,0.240511,0.261818,0.261888,0.273486,0.276702,0.276713,0.290465,0.290482,0.291983,0.298817,0.300160,0.306416,0.307597,0.312148,0.318381,0.321229,0.322977,0.322987,0.324693,0.327887,0.332111,0.333311,0.333322,0.333323,0.333323,0.333324,0.333325,0.333326,0.333327,0.333328,0.333334,0.333334,0.333336,0.333340,0.333342,0.333344,0.333421,0.333523,0.776327,
0.235570,0.235906,0.253574,0.258265,0.278299,0.278302,0.290492,0.290519,0.294773,0.297508,0.300154,0.308776,0.313257,0.315384,0.316400,0.317392,0.317417,0.319346,0.321205,0.322101,0.325548,0.327117,0.328634,0.332731,0.333323,0.333325,0.333334,0.333337,0.333337,0.333339,0.333340,0.333340,0.333342,0.333348,0.333355,0.333362,0.333370,0.333371,0.333394,0.776095,
0.278314,0.283025,0.287562,0.290528,0.297486,0.300157,0.301451,0.306413,0.306420,0.319339,0.321234,0.323854,0.325533,0.327981,0.328626,0.330346,0.332097,0.332720,0.333307,0.333309,0.333314,0.333325,0.333328,0.333330,0.333333,0.333335,0.333336,0.333337,0.333338,0.333341,0.333342,0.333342,0.333343,0.333344,0.333350,0.333355,0.333360,0.333360,0.333411,0.775272,
0.237567,0.247273,0.247278,0.255199,0.268607,0.270194,0.290491,0.298846,0.306446,0.309942,0.312149,0.312159,0.319336,0.319346,0.320264,0.323839,0.323864,0.330750,0.331431,0.333310,0.333311,0.333324,0.333324,0.333325,0.333325,0.333329,0.333334,0.333337,0.333337,0.333337,0.333339,0.333339,0.333347,0.333354,0.333356,0.333356,0.333359,0.333361,0.333362,0.777357,
0.263550,0.276727,0.281470,0.286079,0.305194,0.306461,0.307585,0.309925,0.315357,0.315387,0.319325,0.320275,0.320288,0.322992,0.323850,0.327124,0.329350,0.330090,0.330744,0.330752,0.331430,0.333313,0.333321,0.333335,0.333336,0.333337,0.333337,0.333339,0.333339,0.333341,0.333344,0.333346,0.333350,0.333351,0.333354,0.333364,0.333382,0.333382,0.333404,0.776761,
0.245741,0.245841,0.255155,0.275111,0.289020,0.289040,0.291969,0.297479,0.300143,0.300177,0.303969,0.311058,0.315363,0.320286,0.323848,0.324705,0.326317,0.326334,0.327105,0.329364,0.329367,0.330069,0.330072,0.330753,0.333308,0.333312,0.333317,0.333331,0.333335,0.333335,0.333336,0.333337,0.333339,0.333344,0.333347,0.333348,0.333357,0.333359,0.333368,0.775947,
0.235740,0.235769,0.235874,0.236421,0.237590,0.240353,0.256824,0.284534,0.284537,0.293380,0.297522,0.301509,0.302742,0.305193,0.311058,0.316389,0.317401,0.325527,0.327874,0.328650,0.331441,0.332729,0.333310,0.333321,0.333324,0.333331,0.333332,0.333335,0.333335,0.333336,0.333337,0.333338,0.333339,0.333341,0.333345,0.333348,0.333356,0.333375,0.333385,0.775488,
0.239381,0.250360,0.276803,0.284569,0.291934,0.296149,0.301439,0.305203,0.307612,0.307618,0.320289,0.322991,0.327202,0.327882,0.328639,0.330754,0.330761,0.333306,0.333306,0.333326,0.333328,0.333330,0.333331,0.333331,0.333334,0.333334,0.333334,0.333336,0.333337,0.333338,0.333338,0.333340,0.333348,0.333349,0.333350,0.333400,0.333413,0.333433,0.333438,0.776728,
0.241731,0.242626,0.244371,0.247669,0.251003,0.251961,0.268519,0.283035,0.297488,0.302716,0.307621,0.308766,0.311062,0.319340,0.320277,0.320288,0.328622,0.333312,0.333317,0.333317,0.333318,0.333320,0.333321,0.333329,0.333330,0.333331,0.333335,0.333335,0.333336,0.333337,0.333338,0.333340,0.333341,0.333347,0.333357,0.333359,0.333360,0.333361,0.333379,0.774737,
0.238705,0.261912,0.289063,0.293373,0.297551,0.301438,0.311072,0.312151,0.314300,0.314488,0.315366,0.323847,0.328615,0.332309,0.332714,0.332742,0.333306,0.333310,0.333312,0.333321,0.333326,0.333332,0.333333,0.333335,0.333335,0.333337,0.333337,0.333343,0.333344,0.333346,0.333349,0.333352,0.333358,0.333362,0.333365,0.333377,0.333387,0.333391,0.333479,0.775868,
0.235608,0.248806,0.261629,0.275108,0.281425,0.289008,0.293374,0.294758,0.311055,0.313236,0.322992,0.324693,0.327131,0.332106,0.333306,0.333308,0.333308,0.333308,0.333312,0.333318,0.333321,0.333328,0.333330,0.333334,0.333334,0.333334,0.333336,0.333338,0.333339,0.333339,0.333342,0.333343,0.333344,0.333344,0.333350,0.333353,0.333355,0.333370,0.333455,0.776496,
0.236587,0.247250,0.255210,0.258138,0.261874,0.271839,0.279914,0.281474,0.298856,0.302714,0.303991,0.305239,0.316415,0.317808,0.319333,0.321198,0.321208,0.322996,0.323000,0.323850,0.326320,0.330060,0.332079,0.333316,0.333318,0.333325,0.333328,0.333331,0.333333,0.333333,0.333335,0.333340,0.333343,0.333349,0.333352,0.333354,0.333361,0.333381,0.333416,0.776338,
0.236095,0.236777,0.240478,0.250410,0.255184,0.271834,0.283034,0.286088,0.287567,0.287580,0.294727,0.312159,0.316374,0.316667,0.317417,0.318368,0.323861,0.328640,0.333316,0.333323,0.333328,0.333332,0.333333,0.333334,0.333337,0.333338,0.333338,0.333339,0.333340,0.333342,0.333342,0.333346,0.333349,0.333351,0.333359,0.333364,0.333374,0.333381,0.333439,0.775910,
0.236797,0.265206,0.266888,0.271824,0.283070,0.293331,0.293366,0.296126,0.297537,0.304007,0.305201,0.311067,0.314313,0.321196,0.321208,0.322105,0.322111,0.328622,0.329350,0.330063,0.330770,0.331423,0.332076,0.333306,0.333308,0.333311,0.333326,0.333334,0.333334,0.333337,0.333341,0.333342,0.333343,0.333344,0.333353,0.333358,0.333364,0.333378,0.333405,0.775678,
0.235695,0.245806,0.247295,0.254542,0.257792,0.263546,0.278309,0.279925,0.283032,0.294790,0.296121,0.296150,0.300152,0.301499,0.303981,0.315371,0.316374,0.319369,0.322124,0.322996,0.323870,0.330079,0.330766,0.332076,0.333308,0.333313,0.333323,0.333325,0.333334,0.333334,0.333335,0.333336,0.333336,0.333340,0.333349,0.333352,0.333353,0.333366,0.333404,0.776279,
0.236713,0.244374,0.253547,0.261885,0.273530,0.286102,0.297490,0.297526,0.298870,0.303992,0.313267,0.314317,0.314325,0.315363,0.315375,0.316667,0.321231,0.331420,0.333312,0.333316,0.333316,0.333319,0.333323,0.333332,0.333332,0.333333,0.333339,0.333343,0.333344,0.333348,0.333349,0.333352,0.333352,0.333358,0.333360,0.333360,0.333381,0.333384,0.333598,0.777098,
0.236572,0.245829,0.255137,0.261847,0.273504,0.281449,0.300154,0.301426,0.301468,0.315352,0.318388,0.320312,0.321195,0.323844,0.324691,0.327112,0.327114,0.327116,0.327126,0.328619,0.333306,0.333311,0.333312,0.333316,0.333324,0.333324,0.333334,0.333341,0.333343,0.333343,0.333343,0.333344,0.333345,0.333345,0.333351,0.333351,0.333357,0.333371,0.333404,0.776155,
0.240524,0.247678,0.250405,0.255217,0.265231,0.280002,0.281479,0.289046,0.303977,0.305212,0.306436,0.307604,0.311052,0.313274,0.314317,0.317396,0.319322,0.319323,0.322976,0.327873,0.333312,0.333317,0.333323,0.333333,0.333336,0.333336,0.333337,0.333338,0.333339,0.333339,0.333342,0.333343,0.333350,0.333350,0.333351,0.333359,0.333362,0.333363,0.333384,0.775557,
0.235655,0.238856,0.270121,0.270197,0.275103,0.279941,0.284559,0.290517,0.302720,0.314316,0.322155,0.324696,0.326320,0.327109,0.327118,0.327895,0.328663,0.330755,0.330758,0.331622,0.332716,0.332730,0.333309,0.333311,0.333316,0.333324,0.333329,0.333330,0.333331,0.333340,0.333344,0.333345,0.333347,0.333348,0.333349,0.333355,0.333359,0.333361,0.333374,0.776296,
0.238426,0.240601,0.244818,0.250305,0.261460,0.261854,0.275116,0.278305,0.286076,0.294767,0.309934,0.314303,0.314324,0.319424,0.326352,0.333307,0.333311,0.333321,0.333324,0.333334,0.333334,0.333335,0.333336,0.333337,0.333337,0.333338,0.333339,0.333339,0.333340,0.333340,0.333344,0.333345,0.333349,0.333350,0.333355,0.333359,0.333362,0.333366,0.333455,0.774754,
0.237442,0.244402,0.248826,0.261062,0.261862,0.263533,0.275100,0.283004,0.301436,0.301444,0.302751,0.304044,0.306413,0.308788,0.311068,0.321201,0.327110,0.328315,0.332733,0.333308,0.333310,0.333325,0.333327,0.333328,0.333329,0.333332,0.333333,0.333334,0.333336,0.333338,0.333339,0.333340,0.333342,0.333344,0.333347,0.333362,0.333369,0.333379,0.333492,0.777126,
0.240482,0.244629,0.245861,0.251944,0.268603,0.291945,0.293370,0.296147,0.308776,0.309967,0.312160,0.312208,0.313294,0.316396,0.322981,0.322986,0.323114,0.323876,0.324709,0.326332,0.327132,0.329353,0.332114,0.333310,0.333324,0.333326,0.333329,0.333330,0.333334,0.333334,0.333337,0.333337,0.333346,0.333348,0.333349,0.333349,0.333349,0.333358,0.333387,0.775095,
0.000074,0.248834,0.255525,0.276704,0.276745,0.281482,0.289050,0.291946,0.298816,0.304000,0.305223,0.306421,0.306425,0.313252,0.314318,0.318424,0.321205,0.323852,0.323857,0.324697,0.329361,0.329418,0.333307,0.333311,0.333319,0.333320,0.333321,0.333334,0.333334,0.333339,0.333339,0.333340,0.333340,0.333345,0.333347,0.333352,0.333354,0.333366,0.333385,0.777004,
0.235834,0.236224,0.247992,0.253547,0.271828,0.276715,0.278294,0.284538,0.286091,0.287535,0.290485,0.293368,0.294733,0.296127,0.297813,0.303989,0.306470,0.309933,0.314320,0.318381,0.318875,0.322982,0.327112,0.327126,0.332726,0.333307,0.333323,0.333339,0.333339,0.333340,0.333342,0.333342,0.333342,0.333346,0.333355,0.333359,0.333360,0.333361,0.333380,0.775409,
0.251951,0.255163,0.256866,0.270203,0.270223,0.271851,0.281456,0.281472,0.291930,0.300167,0.303986,0.305190,0.307623,0.314317,0.315358,0.317409,0.320310,0.321416,0.322125,0.332086,0.333307,0.333310,0.333311,0.333315,0.333328,0.333334,0.333337,0.333337,0.333340,0.333343,0.333346,0.333347,0.333352,0.333353,0.333355,0.333355,0.333357,0.333360,0.333414,0.776171,
0.235875,0.248805,0.261865,0.261876,0.283027,0.294742,0.298866,0.301450,0.313277,0.316409,0.319335,0.320279,0.329348,0.330056,0.330063,0.330750,0.330760,0.330770,0.330779,0.332760,0.333311,0.333313,0.333314,0.333316,0.333322,0.333327,0.333333,0.333341,0.333343,0.333344,0.333347,0.333347,0.333348,0.333349,0.333350,0.333359,0.333359,0.333364,0.333366,0.775723,
0.236293,0.239374,0.243003,0.248792,0.263516,0.270232,0.286081,0.289024,0.290536,0.293374,0.294757,0.301469,0.308794,0.321247,0.324786,0.327112,0.327128,0.330058,0.333308,0.333311,0.333311,0.333317,0.333319,0.333320,0.333324,0.333327,0.333333,0.333335,0.333335,0.333336,0.333336,0.333336,0.333336,0.333342,0.333343,0.333345,0.333351,0.333352,0.333358,0.775531,
0.250325,0.261848,0.266870,0.268592,0.273492,0.278314,0.289024,0.290527,0.296147,0.296157,0.298864,0.305204,0.306433,0.311088,0.324704,0.326370,0.327894,0.330750,0.330786,0.332090,0.332093,0.333312,0.333323,0.333324,0.333331,0.333338,0.333338,0.333338,0.333341,0.333342,0.333344,0.333345,0.333350,0.333354,0.333354,0.333356,0.333365,0.333396,0.333409,0.775861,
