0.000000,0.000000,0.000000,0.000000,0.000000,0.000000,0.000000,0.000000,0.000000,0.000000,0.000000,0.000000,0.000000,0.000000,0.000000,0.000000,0.000000,0.000000,0.000000,0.000000,0.000000,0.000000,0.000000,0.000000,0.000000,0.000000,0.000000,0.000000,0.000000,0.000000,0.000000,0.000000,0.000000,0.000000,0.000000,0.000000,0.000000,0.000000,0.000000,0.000000,
0.000000,0.238464,0.245414,0.248408,0.258412,0.268087,0.282874,0.287523,0.287541,0.294921,0.294985,0.296328,0.300420,0.311730,0.316434,0.317302,0.318629,0.322521,0.323578,0.325406,0.326212,0.327344,0.328014,0.333101,0.335077,0.774223,0.774732,0.775040,0.775918,0.776138,0.776361,0.776402,0.776468,0.776647,0.776677,0.776828,0.776922,0.777095,0.777193,0.777616,
0.236544,0.237417,0.257974,0.259580,0.261604,0.264604,0.267937,0.278123,0.284571,0.298838,0.300069,0.303996,0.305211,0.306412,0.319815,0.323916,0.329648,0.330081,0.333334,0.333335,0.333339,0.333340,0.333341,0.333343,0.333343,0.333344,0.333345,0.333353,0.333353,0.333358,0.333385,0.333613,0.335515,0.774083,0.775042,0.775092,0.775547,0.775580,0.775644,0.777265,
0.247282,0.255209,0.267952,0.289034,0.290507,0.294769,0.300144,0.301434,0.302696,0.311062,0.315363,0.316398,0.320298,0.325515,0.327873,0.327908,0.332834,0.333316,0.333324,0.333324,0.333324,0.333327,0.333334,0.333336,0.333336,0.333347,0.333349,0.333350,0.333351,0.333361,0.333367,0.333370,0.333372,0.333400,0.333787,0.774986,0.775501,0.775603,0.776349,0.776806,
0.000161,0.235789,0.241688,0.255221,0.271820,0.275128,0.278318,0.286056,0.290505,0.291953,0.296173,0.302701,0.305210,0.307631,0.314327,0.315392,0.318360,0.322112,0.322976,0.325515,0.325529,0.327120,0.330063,0.332078,0.333307,0.333308,0.333318,0.333320,0.333334,0.333338,0.333339,0.333340,0.333346,0.333353,0.333382,0.774908,0.775734,0.776108,0.776350,0.776730,
0.244385,0.260216,0.263500,0.268559,0.279872,0.286060,0.302697,0.306413,0.314310,0.315374,0.316379,0.316387,0.319355,0.322115,0.322995,0.323003,0.323853,0.323863,0.327117,0.330085,0.332119,0.332737,0.333307,0.333333,0.333336,0.333338,0.333340,0.333342,0.333345,0.333348,0.333349,0.333351,0.333358,0.333415,0.774931,0.775273,0.775336,0.776238,0.776324,0.776470,
0.235808,0.248283,0.258480,0.273457,0.291670,0.297503,0.303958,0.305198,0.307640,0.315370,0.320281,0.321184,0.322112,0.322116,0.324684,0.325550,0.326325,0.327124,0.328628,0.331421,0.332236,0.333324,0.333327,0.333333,0.333334,0.333337,0.333338,0.333339,0.333339,0.333341,0.333342,0.333343,0.333348,0.333361,0.333366,0.333370,0.333387,0.775096,0.775704,0.776752,
0.241762,0.258502,0.261852,0.284576,0.297502,0.298893,0.303989,0.307626,0.308788,0.312160,0.319344,0.323840,0.326339,0.327141,0.331431,0.333307,0.333318,0.333319,0.333324,0.333325,0.333326,0.333332,0.333333,0.333335,0.333337,0.333337,0.333338,0.333340,0.333340,0.333340,0.333341,0.333343,0.333347,0.333348,0.333350,0.333372,0.333412,0.775489,0.776475,0.776739,
0.238670,0.247297,0.251901,0.263505,0.271841,0.279912,0.287529,0.287559,0.290499,0.294773,0.297481,0.300143,0.301348,0.306436,0.311074,0.313237,0.316381,0.323017,0.324708,0.325525,0.332075,0.332723,0.333307,0.333316,0.333318,0.333321,0.333327,0.333327,0.333330,0.333332,0.333336,0.333337,0.333338,0.333338,0.333345,0.333347,0.333370,0.333388,0.775584,0.776069,
0.240504,0.260198,0.261828,0.266865,0.270187,0.273476,0.275104,0.286073,0.290519,0.291936,0.300145,0.305338,0.306440,0.308801,0.309906,0.313265,0.317433,0.320309,0.323009,0.324708,0.325526,0.329352,0.329359,0.330060,0.330781,0.333307,0.333308,0.333334,0.333334,0.333336,0.333337,0.333340,0.333342,0.333343,0.333346,0.333356,0.333359,0.333382,0.774093,0.775336,
0.235622,0.235637,0.244351,0.244387,0.244426,0.248763,0.273468,0.300186,0.311102,0.314300,0.314335,0.315385,0.316408,0.323851,0.324700,0.325521,0.327109,0.333311,0.333313,0.333333,0.333334,0.333334,0.333335,0.333335,0.333336,0.333337,0.333341,0.333345,0.333346,0.333346,0.333349,0.333350,0.333354,0.333356,0.333357,0.333362,0.333364,0.333395,0.774221,0.776669,
0.238453,0.243001,0.248841,0.260218,0.261843,0.263526,0.266878,0.276754,0.281468,0.291963,0.294716,0.301492,0.303991,0.305209,0.314299,0.316379,0.317386,0.324697,0.329349,0.332716,0.333308,0.333310,0.333310,0.333312,0.333321,0.333326,0.333327,0.333338,0.333338,0.333339,0.333343,0.333346,0.333351,0.333351,0.333381,0.333384,0.333419,0.333424,0.776418,0.776627,
0.238413,0.244375,0.260222,0.265214,0.281465,0.297485,0.301447,0.308802,0.309953,0.309966,0.311046,0.313241,0.326326,0.326348,0.326355,0.328640,0.330097,0.330749,0.331435,0.333307,0.333307,0.333317,0.333319,0.333322,0.333329,0.333335,0.333337,0.333338,0.333339,0.333342,0.333348,0.333352,0.333358,0.333361,0.333367,0.333370,0.333381,0.333397,0.775268,0.775709,
0.239393,0.273505,0.275119,0.290538,0.301459,0.303973,0.311058,0.311071,0.312165,0.314311,0.325524,0.326324,0.327879,0.330768,0.331443,0.333306,0.333308,0.333310,0.333311,0.333312,0.333328,0.333331,0.333334,0.333335,0.333335,0.333337,0.333338,0.333338,0.333345,0.333346,0.333346,0.333346,0.333359,0.333359,0.333367,0.333371,0.333386,0.333398,0.775775,0.775956,
0.235608,0.235977,0.239416,0.240309,0.240522,0.265185,0.268533,0.270183,0.283051,0.303955,0.308813,0.314342,0.317389,0.327880,0.328622,0.328903,0.331447,0.333307,0.333308,0.333308,0.333310,0.333311,0.333311,0.333322,0.333322,0.333329,0.333329,0.333332,0.333335,0.333335,0.333338,0.333338,0.333345,0.333348,0.333351,0.333351,0.333354,0.333360,0.333363,0.777204,
0.236535,0.253601,0.255189,0.278339,0.286055,0.287688,0.297476,0.297502,0.298871,0.300150,0.301487,0.306419,0.306434,0.307598,0.308754,0.309934,0.311054,0.314331,0.314430,0.316422,0.319357,0.321208,0.322121,0.327940,0.330782,0.333309,0.333319,0.333329,0.333334,0.333337,0.333338,0.333339,0.333343,0.333343,0.333349,0.333358,0.333362,0.333366,0.333421,0.776298,
0.241721,0.251136,0.260143,0.268539,0.270151,0.270201,0.276737,0.293349,0.302691,0.302727,0.303955,0.305211,0.315367,0.321200,0.322116,0.326318,0.326358,0.327117,0.327871,0.328627,0.333311,0.333319,0.333325,0.333331,0.333340,0.333340,0.333342,0.333342,0.333343,0.333344,0.333344,0.333345,0.333350,0.333351,0.333352,0.333357,0.333361,0.333375,0.333440,0.775515,
0.245762,0.248824,0.254457,0.258534,0.268512,0.286093,0.287566,0.308789,0.315350,0.327124,0.329344,0.330065,0.332739,0.332780,0.333306,0.333313,0.333318,0.333323,0.333323,0.333325,0.333326,0.333327,0.333336,0.333336,0.333337,0.333338,0.333338,0.333338,0.333340,0.333341,0.333343,0.333348,0.333349,0.333349,0.333351,0.333353,0.333359,0.333365,0.333538,0.776452,
0.235586,0.236346,0.237585,0.238343,0.239428,0.248762,0.254579,0.266832,0.276725,0.284559,0.289098,0.290483,0.311041,0.315347,0.321200,0.323843,0.324709,0.327879,0.328632,0.329347,0.331426,0.333315,0.333318,0.333319,0.333326,0.333329,0.333329,0.333331,0.333331,0.333331,0.333337,0.333338,0.333339,0.333340,0.333344,0.333348,0.333366,0.333380,0.333569,0.775329,
0.239424,0.256845,0.279950,0.291965,0.293380,0.297489,0.301434,0.313272,0.319440,0.322114,0.322997,0.323876,0.325508,0.325530,0.328614,0.329360,0.330749,0.330752,0.332083,0.332720,0.333307,0.333308,0.333329,0.333332,0.333335,0.333336,0.333336,0.333338,0.333339,0.333344,0.333354,0.333355,0.333356,0.333360,0.333366,0.333380,0.333402,0.333426,0.333563,0.776208,
0.235577,0.235686,0.244360,0.244879,0.255181,0.258480,0.260211,0.270212,0.283017,0.290530,0.291960,0.300122,0.308779,0.315363,0.316407,0.323848,0.330761,0.333307,0.333308,0.333314,0.333318,0.333319,0.333331,0.333333,0.333334,0.333336,0.333337,0.333337,0.333339,0.333340,0.333342,0.333352,0.333353,0.333354,0.333354,0.333360,0.333360,0.333373,0.333395,0.775608,
0.235625,0.245795,0.247264,0.261866,0.271849,0.294780,0.297524,0.301446,0.301458,0.302718,0.313241,0.315368,0.317389,0.318382,0.320280,0.323847,0.329380,0.329456,0.333306,0.333309,0.333310,0.333315,0.333330,0.333331,0.333331,0.333333,0.333334,0.333339,0.333342,0.333343,0.333344,0.333347,0.333350,0.333354,0.333358,0.333371,0.333373,0.333421,0.333501,0.775975,
0.237454,0.240515,0.253534,0.270223,0.287564,0.287568,0.289044,0.293349,0.294760,0.300168,0.302703,0.305243,0.308783,0.309948,0.309958,0.317404,0.323033,0.323850,0.325514,0.325529,0.331421,0.332727,0.333307,0.333317,0.333318,0.333328,0.333334,0.333336,0.333338,0.333341,0.333343,0.333344,0.333345,0.333349,0.333350,0.333352,0.333352,0.333362,0.333425,0.775510,
0.243008,0.243035,0.244333,0.248710,0.248817,0.253569,0.268540,0.268599,0.281529,0.284545,0.287561,0.289033,0.303969,0.305213,0.314339,0.317503,0.328626,0.329346,0.331449,0.332735,0.333316,0.333317,0.333318,0.333319,0.333323,0.333323,0.333326,0.333328,0.333335,0.333336,0.333338,0.333344,0.333346,0.333348,0.333350,0.333352,0.333354,0.333356,0.333359,0.775435,
0.237460,0.237461,0.258505,0.284544,0.289039,0.289053,0.297502,0.298848,0.303988,0.308774,0.320274,0.322986,0.328610,0.328635,0.330809,0.331441,0.333309,0.333315,0.333322,0.333330,0.333332,0.333335,0.333337,0.333338,0.333340,0.333342,0.333343,0.333344,0.333345,0.333346,0.333349,0.333355,0.333360,0.333365,0.333366,0.333380,0.333381,0.333388,0.333388,0.775911,
0.237447,0.238385,0.238526,0.241682,0.242984,0.263521,0.268545,0.268631,0.278338,0.290498,0.293356,0.303971,0.308794,0.322106,0.324705,0.327872,0.330067,0.333306,0.333306,0.333308,0.333308,0.333308,0.333311,0.333313,0.333325,0.333332,0.333334,0.333335,0.333336,0.333337,0.333338,0.333338,0.333339,0.333341,0.333347,0.333349,0.333357,0.333373,0.333450,0.775512,
0.250362,0.255203,0.261083,0.283070,0.286062,0.296116,0.297503,0.308817,0.315381,0.319338,0.320267,0.322990,0.326351,0.327114,0.328695,0.331461,0.332711,0.333305,0.333312,0.333319,0.333319,0.333325,0.333325,0.333335,0.333338,0.333339,0.333340,0.333350,0.333350,0.333354,0.333354,0.333355,0.333360,0.333360,0.333362,0.333389,0.333392,0.333398,0.333402,0.776673,
0.235882,0.236150,0.240535,0.247239,0.279948,0.286366,0.289071,0.291937,0.297523,0.298862,0.300150,0.305187,0.305232,0.306429,0.306443,0.311064,0.313234,0.316388,0.320311,0.322996,0.326315,0.327145,0.328623,0.330054,0.330779,0.331426,0.332080,0.333319,0.333327,0.333328,0.333332,0.333334,0.333334,0.333338,0.333340,0.333343,0.333344,0.333346,0.333353,0.775652,
0.236784,0.237387,0.240386,0.241747,0.251944,0.260173,0.263596,0.265178,0.278317,0.286062,0.290487,0.294769,0.294803,0.296117,0.296150,0.298851,0.302729,0.305213,0.319356,0.326342,0.329369,0.330756,0.332091,0.333321,0.333323,0.333327,0.333332,0.333338,0.333339,0.333341,0.333347,0.333348,0.333348,0.333352,0.333355,0.333357,0.333361,0.333394,0.333410,0.775638,
0.236796,0.240332,0.258537,0.271833,0.279896,0.283018,0.291963,0.296129,0.296172,0.296280,0.301454,0.301455,0.303965,0.313257,0.314356,0.323865,0.325549,0.326327,0.328653,0.329345,0.332072,0.332087,0.333310,0.333313,0.333315,0.333320,0.333320,0.333320,0.333327,0.333328,0.333336,0.333338,0.333352,0.333356,0.333368,0.333378,0.333392,0.333402,0.333446,0.776047,
0.243083,0.254771,0.271898,0.278311,0.279890,0.281470,0.290487,0.290529,0.296166,0.298803,0.307620,0.318383,0.322104,0.322131,0.327885,0.329364,0.330759,0.332732,0.333308,0.333309,0.333329,0.333334,0.333337,0.333338,0.333338,0.333338,0.333339,0.333344,0.333349,0.333349,0.333350,0.333352,0.333352,0.333354,0.333359,0.333361,0.333363,0.333405,0.333468,0.775269,
0.235739,0.245827,0.258484,0.265198,0.266894,0.281465,0.281474,0.293362,0.294783,0.305207,0.307618,0.311035,0.312154,0.312175,0.313247,0.318382,0.318396,0.318426,0.322984,0.322993,0.324698,0.327134,0.330080,0.332102,0.333309,0.333314,0.333316,0.333316,0.333323,0.333325,0.333334,0.333339,0.333341,0.333347,0.333351,0.333354,0.333355,0.333359,0.333565,0.776334,
0.244906,0.255246,0.271819,0.275030,0.276707,0.286077,0.290500,0.327117,0.328643,0.329354,0.330114,0.331426,0.333311,0.333315,0.333317,0.333321,0.333327,0.333327,0.333331,0.333335,0.333335,0.333337,0.333337,0.333340,0.333340,0.333342,0.333345,0.333345,0.333345,0.333346,0.333346,0.333347,0.333347,0.333349,0.333353,0.333358,0.333367,0.333372,0.333414,0.775139,
0.256903,0.260112,0.260229,0.261888,0.266910,0.279885,0.284549,0.289058,0.308764,0.311054,0.317365,0.318385,0.318558,0.320275,0.321201,0.321214,0.323002,0.325535,0.327123,0.327133,0.329351,0.330773,0.332082,0.332714,0.333307,0.333321,0.333322,0.333323,0.333323,0.333328,0.333337,0.333337,0.333337,0.333338,0.333339,0.333342,0.333348,0.333354,0.333374,0.775505,
0.235734,0.253616,0.260219,0.261346,0.273498,0.275111,0.293362,0.297495,0.297531,0.298854,0.302731,0.312176,0.312181,0.312205,0.316381,0.317393,0.320308,0.321181,0.327136,0.332727,0.333314,0.333327,0.333329,0.333334,0.333337,0.333338,0.333339,0.333340,0.333340,0.333341,0.333341,0.333342,0.333342,0.333343,0.333346,0.333355,0.333355,0.333359,0.333366,0.777323,
0.236810,0.244349,0.263548,0.268518,0.268524,0.273475,0.273482,0.291918,0.297463,0.300155,0.307616,0.317374,0.322993,0.326335,0.331428,0.332079,0.333314,0.333315,0.333325,0.333326,0.333327,0.333330,0.333331,0.333332,0.333336,0.333337,0.333338,0.333340,0.333341,0.333341,0.333345,0.333348,0.333353,0.333362,0.333363,0.333370,0.333376,0.333414,0.333656,0.774355,
0.235725,0.241625,0.258525,0.260190,0.271803,0.278332,0.291925,0.291961,0.297547,0.313252,0.314312,0.321201,0.323853,0.327142,0.327858,0.327866,0.327877,0.328622,0.332085,0.332107,0.333306,0.333307,0.333309,0.333309,0.333330,0.333332,0.333334,0.333335,0.333338,0.333338,0.333339,0.333340,0.333347,0.333350,0.333351,0.333354,0.333363,0.333368,0.333386,0.775782,
0.235685,0.235747,0.235861,0.254545,0.258234,0.261899,0.265226,0.270165,0.273493,0.275095,0.275126,0.301449,0.309948,0.313243,0.317393,0.317423,0.321197,0.324756,0.325561,0.327116,0.330053,0.332715,0.332734,0.333307,0.333307,0.333328,0.333334,0.333336,0.333336,0.333337,0.333337,0.333339,0.333341,0.333351,0.333354,0.333360,0.333364,0.333373,0.333416,0.777058,
0.251924,0.253612,0.258533,0.261854,0.273546,0.317408,0.319337,0.319349,0.320291,0.322123,0.323852,0.326325,0.327885,0.328611,0.328636,0.329355,0.329375,0.330753,0.331429,0.332166,0.332963,0.333308,0.333311,0.333326,0.333329,0.333333,0.333334,0.333335,0.333338,0.333338,0.333339,0.333346,0.333361,0.333363,0.333365,0.333368,0.333370,0.333418,0.333608,0.776526,
0.240433,0.247270,0.251892,0.270198,0.278292,0.284551,0.291983,0.298812,0.303986,0.305211,0.307595,0.309933,0.319334,0.322110,0.323852,0.323867,0.327152,0.330061,0.330085,0.331426,0.332718,0.333307,0.333307,0.333309,0.333317,0.333329,0.333332,0.333334,0.333335,0.333336,0.333336,0.333340,0.333342,0.333342,0.333342,0.333351,0.333362,0.333370,0.333378,0.775376,
0.241686,0.275105,0.275165,0.275193,0.276679,0.291941,0.294750,0.297482,0.297521,0.300151,0.306415,0.308810,0.309946,0.318369,0.319337,0.319337,0.322111,0.323844,0.326354,0.329349,0.331436,0.331470,0.333307,0.333325,0.333325,0.333326,0.333331,0.333336,0.333336,0.333338,0.333340,0.333341,0.333346,0.333347,0.333348,0.333355,0.333357,0.333360,0.333365,0.777058,
0.236780,0.237403,0.237468,0.270182,0.271847,0.273504,0.297478,0.298824,0.305215,0.306426,0.307610,0.321202,0.321217,0.323865,0.324745,0.325520,0.326325,0.328631,0.332104,0.332727,0.333311,0.333321,0.333326,0.333327,0.333335,0.333335,0.333335,0.333338,0.333338,0.333338,0.333339,0.333339,0.333340,0.333342,0.333342,0.333351,0.333353,0.333354,0.333357,0.776238,
0.240483,0.241714,0.244356,0.278325,0.294778,0.306434,0.309933,0.311036,0.311068,0.317386,0.319358,0.320291,0.322978,0.324700,0.326328,0.327113,0.327117,0.330750,0.330763,0.332725,0.333317,0.333325,0.333326,0.333329,0.333329,0.333329,0.333334,0.333336,0.333336,0.333338,0.333339,0.333339,0.333342,0.333342,0.333351,0.333363,0.333365,0.333404,0.333446,0.776326,
0.235529,0.235788,0.237565,0.258539,0.284539,0.289031,0.289032,0.314313,0.314316,0.316378,0.318419,0.319345,0.321226,0.327110,0.328628,0.328634,0.329355,0.330062,0.330750,0.332083,0.333307,0.333326,0.333331,0.333334,0.333335,0.333335,0.333335,0.333336,0.333337,0.333337,0.333337,0.333338,0.333345,0.333345,0.333345,0.333353,0.333360,0.333387,0.333391,0.776302,
0.236609,0.247265,0.265199,0.270184,0.271853,0.279916,0.283026,0.284557,0.290526,0.291941,0.294773,0.300146,0.319332,0.319424,0.322978,0.323844,0.323852,0.324694,0.326333,0.327140,0.332095,0.333308,0.333308,0.333316,0.333322,0.333332,0.333332,0.333333,0.333334,0.333336,0.333336,0.333336,0.333337,0.333341,0.333344,0.333356,0.333372,0.333412,0.333445,0.775071,
0.236125,0.240551,0.244384,0.300171,0.303982,0.305203,0.306423,0.307611,0.307643,0.309930,0.309940,0.322110,0.324716,0.331421,0.332104,0.332717,0.332733,0.333323,0.333324,0.333330,0.333333,0.333334,0.333335,0.333336,0.333337,0.333339,0.333340,0.333340,0.333341,0.333346,0.333350,0.333352,0.333357,0.333358,0.333360,0.333361,0.333368,0.333383,0.333438,0.776717,
0.236265,0.266867,0.279897,0.292015,0.296131,0.298812,0.300148,0.303969,0.306448,0.308799,0.311067,0.316392,0.320266,0.321195,0.321207,0.322107,0.322991,0.324703,0.328631,0.330070,0.333312,0.333313,0.333326,0.333331,0.333334,0.333334,0.333334,0.333334,0.333334,0.333338,0.333338,0.333340,0.333340,0.333346,0.333347,0.333347,0.333347,0.333385,0.333410,0.775847,
0.235840,0.236524,0.242414,0.261885,0.276745,0.291930,0.298802,0.300154,0.301450,0.303973,0.311061,0.318386,0.327956,0.333307,0.333315,0.333320,0.333321,0.333321,0.333322,0.333329,0.333332,0.333332,0.333333,0.333336,0.333340,0.333341,0.333341,0.333342,0.333345,0.333346,0.333349,0.333349,0.333350,0.333350,0.333351,0.333353,0.333354,0.333360,0.333366,0.775131,
0.250376,0.253532,0.278318,0.281466,0.281499,0.284515,0.290474,0.294760,0.305203,0.309921,0.312164,0.315373,0.317409,0.319355,0.322104,0.326317,0.327113,0.327137,0.327872,0.332078,0.333308,0.333318,0.333321,0.333325,0.333326,0.333327,0.333334,0.333337,0.333337,0.333338,0.333342,0.333342,0.333354,0.333361,0.333362,0.333369,0.333412,0.333437,0.333484,0.776937,
0.236135,0.237519,0.260189,0.273453,0.276722,0.287588,0.289052,0.291948,0.291968,0.301404,0.311108,0.312161,0.316397,0.317407,0.328651,0.332728,0.333307,0.333309,0.333312,0.333315,0.333324,0.333328,0.333334,0.333337,0.333338,0.333338,0.333340,0.333341,0.333341,0.333342,0.333342,0.333344,0.333346,0.333348,0.333352,0.333355,0.333355,0.333357,0.333376,0.776340,
0.236110,0.241689,0.245049,0.268564,0.270177,0.275126,0.279893,0.294767,0.294807,0.297535,0.298828,0.303970,0.308781,0.308805,0.312156,0.312217,0.322128,0.327118,0.331424,0.331446,0.333316,0.333321,0.333322,0.333327,0.333332,0.333333,0.333335,0.333336,0.333337,0.333343,0.333345,0.333346,0.333350,0.333352,0.333354,0.333355,0.333356,0.333363,0.333372,0.775549,
0.245827,0.256859,0.260212,0.265189,0.266933,0.271839,0.287545,0.289051,0.293353,0.296141,0.297500,0.301446,0.301466,0.303987,0.316424,0.320453,0.322990,0.325529,0.326315,0.327873,0.327898,0.329362,0.330751,0.331423,0.333307,0.333322,0.333333,0.333337,0.333337,0.333339,0.333339,0.333339,0.333342,0.333342,0.333345,0.333345,0.333352,0.333361,0.333365,0.776667,
0.235818,0.236132,0.241735,0.253579,0.278311,0.286079,0.286089,0.287568,0.290483,0.296127,0.298864,0.300149,0.305195,0.315360,0.315367,0.322989,0.323859,0.326314,0.326321,0.326328,0.327886,0.330759,0.332076,0.332724,0.333308,0.333316,0.333322,0.333336,0.333341,0.333348,0.333350,0.333355,0.333355,0.333357,0.333364,0.333368,0.333372,0.333373,0.333384,0.776102,
0.237511,0.248810,0.251951,0.268519,0.278336,0.279966,0.286095,0.289040,0.291942,0.293347,0.293360,0.297506,0.301449,0.303989,0.305178,0.312186,0.318412,0.322099,0.323014,0.328628,0.329363,0.330080,0.332079,0.332713,0.333307,0.333319,0.333335,0.333338,0.333339,0.333343,0.333346,0.333348,0.333351,0.333352,0.333354,0.333356,0.333356,0.333375,0.333416,0.776195,
0.241779,0.244395,0.263530,0.275087,0.275121,0.290485,0.290502,0.293356,0.294759,0.302712,0.305209,0.315356,0.323039,0.329359,0.332717,0.332719,0.332733,0.333313,0.333313,0.333317,0.333317,0.333320,0.333329,0.333332,0.333334,0.333336,0.333339,0.333340,0.333345,0.333348,0.333349,0.333351,0.333352,0.333353,0.333354,0.333356,0.333361,0.333364,0.333451,0.775588,
0.240533,0.250908,0.258489,0.260167,0.286085,0.305230,0.305265,0.306422,0.314325,0.315382,0.316391,0.319338,0.325518,0.326316,0.329362,0.330756,0.332093,0.332732,0.333308,0.333310,0.333316,0.333316,0.333319,0.333319,0.333323,0.333331,0.333335,0.333336,0.333336,0.333339,0.333342,0.333348,0.333349,0.333349,0.333352,0.333354,0.333361,0.333387,0.333389,0.774379,
0.235798,0.237578,0.239346,0.244373,0.258005,0.258509,0.268563,0.270167,0.273494,0.278335,0.293349,0.293355,0.296157,0.298850,0.301660,0.303977,0.309931,0.321212,0.322973,0.323020,0.326326,0.326338,0.333331,0.333333,0.333335,0.333335,0.333335,0.333338,0.333338,0.333339,0.333341,0.333343,0.333344,0.333344,0.333346,0.333347,0.333354,0.333357,0.333392,0.775074,
0.236731,0.244802,0.244812,0.248783,0.248787,0.256824,0.281449,0.289063,0.290461,0.294747,0.297496,0.302728,0.307602,0.307625,0.309940,0.313535,0.314337,0.317412,0.322093,0.322096,0.323864,0.324720,0.327869,0.333313,0.333323,0.333332,0.333337,0.333338,0.333338,0.333339,0.333340,0.333349,0.333351,0.333352,0.333353,0.333386,0.333395,0.333403,0.333416,0.775693,
0.236383,0.260136,0.261148,0.265210,0.273504,0.278463,0.283038,0.294797,0.297493,0.312169,0.315352,0.318378,0.320282,0.321361,0.324700,0.326321,0.326350,0.327107,0.327888,0.327908,0.332716,0.333308,0.333308,0.333310,0.333315,0.333316,0.333316,0.333329,0.333334,0.333340,0.333340,0.333344,0.333344,0.333347,0.333351,0.333351,0.333355,0.333381,0.333405,0.776392,
0.244389,0.255155,0.265200,0.286072,0.296145,0.296158,0.296245,0.300151,0.303978,0.305227,0.323007,0.324689,0.327868,0.330751,0.333313,0.333314,0.333316,0.333321,0.333324,0.333327,0.333333,0.333336,0.333337,0.333337,0.333337,0.333338,0.333341,0.333342,0.333343,0.333346,0.333346,0.333347,0.333354,0.333360,0.333362,0.333362,0.333368,0.333372,0.333649,0.777274,
0.235808,0.244991,0.254240,0.265215,0.276734,0.291960,0.297527,0.300126,0.306408,0.306429,0.307604,0.321211,0.322998,0.323852,0.325535,0.327134,0.327874,0.330065,0.330757,0.333307,0.333307,0.333311,0.333324,0.333326,0.333328,0.333330,0.333330,0.333338,0.333338,0.333339,0.333339,0.333340,0.333342,0.333346,0.333348,0.333351,0.333353,0.333362,0.333384,0.775293,
0.242528,0.244363,0.248749,0.255194,0.268568,0.279859,0.281447,0.287560,0.303958,0.317398,0.319343,0.321209,0.323009,0.323856,0.327882,0.330079,0.333307,0.333308,0.333310,0.333316,0.333317,0.333320,0.333328,0.333335,0.333336,0.333336,0.333336,0.333337,0.333338,0.333338,0.333340,0.333347,0.333348,0.333350,0.333356,0.333368,0.333414,0.333493,0.333572,0.776974,
0.241790,0.263549,0.265165,0.273467,0.281595,0.283021,0.287544,0.306404,0.311053,0.325527,0.327103,0.327120,0.327126,0.327918,0.328647,0.331428,0.332723,0.333307,0.333316,0.333316,0.333320,0.333324,0.333329,0.333330,0.333332,0.333332,0.333334,0.333337,0.333337,0.333337,0.333339,0.333341,0.333342,0.333343,0.333361,0.333362,0.333365,0.333380,0.333386,0.775793,
0.235870,0.236371,0.236758,0.256832,0.263498,0.276736,0.284605,0.286079,0.286092,0.293371,0.297488,0.309942,0.315356,0.317394,0.323005,0.328637,0.329359,0.331414,0.332716,0.332738,0.333307,0.333307,0.333325,0.333325,0.333328,0.333330,0.333334,0.333335,0.333335,0.333337,0.333337,0.333338,0.333341,0.333342,0.333346,0.333346,0.333357,0.333363,0.333368,0.775654,
0.243014,0.247828,0.268560,0.276719,0.279901,0.281457,0.281468,0.281473,0.289034,0.290493,0.293477,0.312161,0.313237,0.314304,0.318367,0.320294,0.320297,0.320313,0.325512,0.327098,0.327111,0.333311,0.333326,0.333328,0.333332,0.333334,0.333336,0.333337,0.333337,0.333339,0.333339,0.333340,0.333342,0.333347,0.333356,0.333360,0.333361,0.333405,0.333412,0.776394,
0.236714,0.238400,0.260328,0.281446,0.294801,0.303968,0.308782,0.312209,0.319330,0.319351,0.322994,0.323015,0.327898,0.330062,0.333311,0.333313,0.333320,0.333321,0.333325,0.333328,0.333334,0.333334,0.333335,0.333336,0.333337,0.333337,0.333338,0.333340,0.333342,0.333342,0.333344,0.333346,0.333350,0.333353,0.333355,0.333358,0.333359,0.333361,0.333365,0.775882,
0.238655,0.240456,0.250336,0.268531,0.268545,0.275099,0.279894,0.281476,0.286053,0.294775,0.300133,0.302723,0.322991,0.326327,0.330054,0.330068,0.332712,0.332719,0.333311,0.333311,0.333311,0.333315,0.333324,0.333325,0.333326,0.333326,0.333334,0.333335,0.333339,0.333340,0.333341,0.333342,0.333352,0.333353,0.333359,0.333362,0.333371,0.333399,0.333402,0.777053,
0.250405,0.261849,0.271810,0.273465,0.273490,0.275064,0.287543,0.289069,0.291952,0.298801,0.298816,0.298841,0.307614,0.313256,0.314305,0.315364,0.315379,0.322099,0.325529,0.326329,0.330057,0.330085,0.332081,0.333310,0.333311,0.333312,0.333312,0.333326,0.333336,0.333338,0.333339,0.333350,0.333351,0.333352,0.333356,0.333362,0.333379,0.333449,0.333462,0.775658,
0.247300,0.260162,0.266932,0.271824,0.273465,0.275124,0.279914,0.283033,0.286064,0.290488,0.300120,0.301488,0.322137,0.326338,0.327888,0.327906,0.330092,0.331436,0.331450,0.333307,0.333310,0.333312,0.333315,0.333318,0.333329,0.333331,0.333337,0.333338,0.333339,0.333340,0.333344,0.333344,0.333347,0.333350,0.333351,0.333356,0.333362,0.333363,0.333363,0.776324,
0.247259,0.287594,0.297488,0.301445,0.302744,0.303990,0.303999,0.305209,0.313288,0.314325,0.327104,0.327119,0.327124,0.327877,0.332077,0.332082,0.333309,0.333309,0.333321,0.333328,0.333335,0.333335,0.333335,0.333336,0.333336,0.333337,0.333337,0.333338,0.333343,0.333346,0.333349,0.333350,0.333351,0.333358,0.333359,0.333360,0.333362,0.333372,0.333382,0.774993,
0.235866,0.236244,0.236250,0.253545,0.261816,0.263545,0.286085,0.290500,0.300155,0.306410,0.312141,0.312175,0.312184,0.315386,0.327103,0.327886,0.332085,0.332712,0.333306,0.333312,0.333326,0.333330,0.333331,0.333332,0.333334,0.333334,0.333335,0.333337,0.333337,0.333337,0.333337,0.333338,0.333345,0.333348,0.333349,0.333351,0.333353,0.333353,0.333383,0.777142,
0.240527,0.247340,0.248818,0.250372,0.251927,0.265241,0.273556,0.286098,0.289016,0.297517,0.301460,0.306407,0.309927,0.320293,0.322094,0.325528,0.325557,0.326317,0.328621,0.329351,0.330070,0.332723,0.332800,0.333307,0.333315,0.333330,0.333333,0.333333,0.333335,0.333336,0.333338,0.333339,0.333342,0.333344,0.333347,0.333350,0.333351,0.333357,0.333408,0.775330,
0.235919,0.239411,0.251950,0.255258,0.260185,0.284535,0.296128,0.296151,0.298829,0.302734,0.303965,0.303976,0.307638,0.318372,0.321222,0.323856,0.324709,0.325537,0.327912,0.330066,0.330761,0.333317,0.333321,0.333323,0.333324,0.333336,0.333336,0.333337,0.333337,0.333338,0.333341,0.333347,0.333356,0.333357,0.333359,0.333377,0.333382,0.333382,0.333391,0.775609,
0.235666,0.245733,0.256871,0.273471,0.290495,0.309940,0.314342,0.314343,0.315355,0.315370,0.318368,0.318373,0.322990,0.325525,0.327150,0.327882,0.329355,0.333307,0.333308,0.333313,0.333313,0.333326,0.333326,0.333331,0.333334,0.333335,0.333335,0.333337,0.333339,0.333340,0.333341,0.333342,0.333348,0.333349,0.333352,0.333357,0.333375,0.333396,0.333431,0.775306,
0.235967,0.238456,0.261878,0.261929,0.266895,0.276711,0.278297,0.284592,0.300148,0.301448,0.302712,0.305212,0.306454,0.307615,0.309927,0.312159,0.316387,0.330077,0.332079,0.333310,0.333312,0.333316,0.333319,0.333325,0.333328,0.333331,0.333332,0.333334,0.333338,0.333339,0.333340,0.333345,0.333346,0.333348,0.333361,0.333362,0.333363,0.333384,0.333418,0.775837,
0.244428,0.260169,0.266874,0.286106,0.294775,0.297509,0.297516,0.307599,0.308788,0.316398,0.316408,0.318394,0.319328,0.322089,0.324681,0.325538,0.328611,0.330068,0.330745,0.333322,0.333330,0.333334,0.333336,0.333337,0.333339,0.333340,0.333343,0.333344,0.333345,0.333346,0.333347,0.333348,0.333348,0.333349,0.333350,0.333361,0.333366,0.333370,0.333371,0.775593,
0.242980,0.242997,0.263533,0.268552,0.278316,0.290492,0.303959,0.303961,0.305208,0.306430,0.307585,0.312203,0.313252,0.318421,0.323003,0.332715,0.333307,0.333308,0.333308,0.333309,0.333313,0.333319,0.333320,0.333320,0.333323,0.333326,0.333335,0.333335,0.333336,0.333336,0.333336,0.333338,0.333338,0.333339,0.333343,0.333347,0.333352,0.333352,0.333357,0.776396,
0.255182,0.268552,0.270216,0.276716,0.278336,0.281454,0.289019,0.291977,0.293383,0.302710,0.305236,0.307629,0.308800,0.312149,0.313280,0.323846,0.327120,0.333312,0.333316,0.333328,0.333328,0.333331,0.333331,0.333332,0.333339,0.333339,0.333341,0.333343,0.333345,0.333347,0.333348,0.333348,0.333349,0.333349,0.333356,0.333360,0.333362,0.333366,0.333388,0.775390,
0.235620,0.240470,0.255174,0.261836,0.261838,0.278361,0.281450,0.281459,0.290507,0.298830,0.306417,0.309961,0.311046,0.312178,0.319337,0.319343,0.324708,0.330066,0.330773,0.331425,0.332733,0.333307,0.333308,0.333311,0.333319,0.333327,0.333334,0.333337,0.333337,0.333337,0.333338,0.333339,0.333339,0.333345,0.333347,0.333349,0.333358,0.333362,0.333366,0.775740,
0.236865,0.245785,0.260173,0.271827,0.276739,0.291972,0.294798,0.296138,0.303984,0.306414,0.311053,0.314322,0.316389,0.320322,0.325514,0.325524,0.326339,0.327879,0.333308,0.333312,0.333313,0.333319,0.333328,0.333334,0.333339,0.333339,0.333342,0.333346,0.333347,0.333350,0.333351,0.333354,0.333355,0.333360,0.333360,0.333361,0.333369,0.333391,0.333419,0.776294,
0.247338,0.251082,0.255217,0.261812,0.263542,0.287563,0.306402,0.307622,0.309912,0.312159,0.315369,0.316406,0.325517,0.328626,0.331426,0.331445,0.333309,0.333310,0.333310,0.333311,0.333312,0.333317,0.333321,0.333322,0.333328,0.333333,0.333337,0.333338,0.333339,0.333339,0.333341,0.333344,0.333347,0.333348,0.333352,0.333364,0.333371,0.333385,0.333408,0.776326,
0.238365,0.238368,0.240526,0.244375,0.244410,0.250376,0.256806,0.301423,0.301455,0.311074,0.312150,0.314319,0.316384,0.319569,0.320273,0.325532,0.326339,0.333306,0.333307,0.333320,0.333323,0.333327,0.333328,0.333333,0.333335,0.333336,0.333337,0.333341,0.333343,0.333345,0.333347,0.333347,0.333349,0.333350,0.333360,0.333368,0.333370,0.333375,0.333383,0.775913,
0.248791,0.255194,0.266886,0.284578,0.287543,0.291975,0.294772,0.294778,0.297501,0.305214,0.313250,0.314307,0.321198,0.322109,0.326316,0.329373,0.330756,0.332755,0.333306,0.333307,0.333321,0.333323,0.333323,0.333331,0.333334,0.333336,0.333338,0.333338,0.333339,0.333346,0.333349,0.333350,0.333357,0.333361,0.333380,0.333387,0.333392,0.333397,0.333398,0.775545,
0.236637,0.261836,0.275067,0.279900,0.287598,0.293372,0.296137,0.300149,0.303995,0.307616,0.309923,0.314319,0.317382,0.322116,0.323847,0.324696,0.329351,0.330757,0.331442,0.333308,0.333318,0.333318,0.333322,0.333329,0.333333,0.333335,0.333336,0.333340,0.333341,0.333344,0.333345,0.333353,0.333353,0.333356,0.333356,0.333356,0.333367,0.333375,0.333381,0.776730,
0.236723,0.238336,0.238447,0.250815,0.255175,0.263507,0.266854,0.270226,0.275128,0.281521,0.287582,0.289045,0.291938,0.294762,0.320287,0.321214,0.324687,0.327121,0.329353,0.332089,0.333306,0.333306,0.333308,0.333313,0.333323,0.333327,0.333333,0.333336,0.333337,0.333337,0.333339,0.333340,0.333346,0.333348,0.333352,0.333356,0.333359,0.333361,0.333369,0.775191,
0.235896,0.245802,0.251983,0.255201,0.257984,0.266885,0.281462,0.293343,0.308790,0.309909,0.311086,0.323000,0.324693,0.327100,0.329366,0.330745,0.331427,0.331442,0.332744,0.333313,0.333322,0.333323,0.333328,0.333330,0.333335,0.333337,0.333338,0.333339,0.333340,0.333340,0.333341,0.333355,0.333358,0.333359,0.333360,0.333375,0.333397,0.333399,0.333406,0.775833,
0.236036,0.236228,0.240459,0.241721,0.245792,0.247727,0.293365,0.294733,0.300168,0.309929,0.309948,0.311052,0.316379,0.317398,0.318418,0.319334,0.324692,0.324702,0.326318,0.331442,0.332824,0.332999,0.333311,0.333311,0.333312,0.333313,0.333327,0.333328,0.333330,0.333335,0.333335,0.333336,0.333336,0.333339,0.333341,0.333348,0.333359,0.333375,0.333377,0.775712,
0.250327,0.250345,0.255216,0.256882,0.261839,0.263571,0.275107,0.300148,0.308799,0.309930,0.315391,0.319335,0.322095,0.323843,0.323865,0.324691,0.324705,0.325520,0.330755,0.330757,0.333306,0.333307,0.333331,0.333334,0.333336,0.333336,0.333338,0.333338,0.333343,0.333346,0.333346,0.333348,0.333350,0.333351,0.333353,0.333353,0.333393,0.333409,0.333513,0.776360,
0.237456,0.238819,0.242993,0.250436,0.258534,0.275096,0.290491,0.298835,0.298844,0.303977,0.309960,0.312160,0.315386,0.315400,0.319355,0.322990,0.325550,0.328624,0.332713,0.332714,0.333313,0.333315,0.333322,0.333329,0.333330,0.333335,0.333335,0.333338,0.333339,0.333339,0.333340,0.333340,0.333343,0.333345,0.333347,0.333350,0.333359,0.333373,0.333378,0.775742,
0.236153,0.241810,0.258485,0.261245,0.273466,0.276739,0.291983,0.293451,0.300161,0.307717,0.315412,0.319323,0.319337,0.324708,0.327134,0.327905,0.328617,0.331430,0.332731,0.333307,0.333311,0.333313,0.333327,0.333328,0.333328,0.333328,0.333333,0.333334,0.333335,0.333337,0.333341,0.333342,0.333343,0.333343,0.333345,0.333351,0.333351,0.333355,0.333362,0.775248,
0.238382,0.239353,0.240599,0.256912,0.268522,0.275120,0.282991,0.286042,0.286064,0.287577,0.290499,0.292015,0.297501,0.298817,0.305206,0.313248,0.314323,0.316408,0.321199,0.322993,0.326338,0.326351,0.328641,0.328653,0.333309,0.333315,0.333324,0.333331,0.333334,0.333337,0.333340,0.333341,0.333342,0.333344,0.333350,0.333350,0.333355,0.333363,0.333640,0.776785,
0.237379,0.241689,0.251950,0.289044,0.293369,0.301467,0.306426,0.306430,0.312159,0.314303,0.316379,0.319360,0.320259,0.320332,0.322987,0.324718,0.325517,0.327111,0.327122,0.327892,0.330067,0.331435,0.332715,0.332782,0.333309,0.333318,0.333326,0.333327,0.333330,0.333335,0.333344,0.333351,0.333352,0.333352,0.333354,0.333358,0.333361,0.333366,0.333373,0.776141,
0.241676,0.270154,0.273491,0.281434,0.291936,0.294743,0.296131,0.297502,0.297532,0.301450,0.301463,0.309915,0.314311,0.314314,0.321209,0.322116,0.326330,0.326387,0.330116,0.331433,0.332713,0.333307,0.333311,0.333315,0.333316,0.333317,0.333323,0.333333,0.333334,0.333337,0.333337,0.333338,0.333339,0.333340,0.333341,0.333343,0.333345,0.333348,0.333350,0.775590,
0.236177,0.263577,0.266852,0.284575,0.290481,0.293352,0.300172,0.303984,0.303999,0.313250,0.318396,0.327109,0.327118,0.327881,0.327892,0.333309,0.333318,0.333325,0.333326,0.333327,0.333330,0.333332,0.333333,0.333333,0.333335,0.333336,0.333340,0.333341,0.333344,0.333346,0.333346,0.333349,0.333350,0.333351,0.333353,0.333353,0.333357,0.333359,0.333363,0.776264,
0.238470,0.248801,0.253552,0.279889,0.283015,0.286037,0.290515,0.297486,0.307684,0.321206,0.322105,0.322999,0.323876,0.325518,0.327118,0.328625,0.330757,0.330759,0.333308,0.333311,0.333326,0.333331,0.333332,0.333333,0.333334,0.333334,0.333336,0.333337,0.333337,0.333337,0.333338,0.333342,0.333344,0.333344,0.333348,0.333349,0.333354,0.333357,0.333367,0.776140,
0.236040,0.237428,0.243036,0.256801,0.261881,0.276700,0.278294,0.278314,0.286071,0.287552,0.291957,0.300158,0.301419,0.313254,0.314303,0.314311,0.315420,0.319342,0.321192,0.321207,0.325513,0.325548,0.330760,0.330761,0.331421,0.332717,0.333314,0.333325,0.333333,0.333334,0.333335,0.333335,0.333339,0.333340,0.333348,0.333351,0.333353,0.333355,0.333358,0.776420,
0.237543,0.263512,0.268544,0.271853,0.275107,0.281494,0.284555,0.297496,0.303970,0.307628,0.308776,0.311170,0.313235,0.319353,0.320279,0.320297,0.321212,0.322115,0.327134,0.328624,0.331432,0.333320,0.333329,0.333332,0.333333,0.333334,0.333335,0.333335,0.333335,0.333340,0.333341,0.333344,0.333344,0.333344,0.333350,0.333360,0.333370,0.333388,0.333430,0.775885,
0.235677,0.257972,0.289041,0.289049,0.289064,0.291976,0.302729,0.309912,0.312161,0.312175,0.316409,0.317411,0.319344,0.324697,0.327881,0.331418,0.333307,0.333307,0.333324,0.333326,0.333326,0.333331,0.333332,0.333333,0.333334,0.333334,0.333335,0.333337,0.333340,0.333341,0.333342,0.333344,0.333345,0.333347,0.333358,0.333359,0.333363,0.333368,0.333402,0.776276,
0.250373,0.258502,0.265223,0.268511,0.283096,0.297472,0.298843,0.303958,0.308786,0.320273,0.322113,0.325517,0.327109,0.327873,0.327889,0.330769,0.332079,0.333307,0.333312,0.333323,0.333326,0.333330,0.333332,0.333333,0.333334,0.333335,0.333337,0.333338,0.333338,0.333340,0.333343,0.333345,0.333345,0.333354,0.333355,0.333356,0.333356,0.333361,0.333606,0.774930,
0.254674,0.255222,0.265157,0.287557,0.291943,0.296133,0.302702,0.306433,0.309951,0.311055,0.322101,0.323883,0.324711,0.324716,0.328625,0.329334,0.330077,0.332081,0.332110,0.332718,0.333313,0.333314,0.333332,0.333334,0.333334,0.333335,0.333335,0.333336,0.333336,0.333336,0.333337,0.333339,0.333340,0.333340,0.333341,0.333349,0.333356,0.333366,0.333379,0.776530,
