0.000000,0.000000,0.000000,0.000000,0.000000,0.000000,0.000000,0.000000,0.000000,0.000000,0.000000,0.000000,0.000000,0.000000,0.000000,0.000000,0.000000,0.000000,0.000000,0.000000,0.000000,0.000000,0.000000,0.000000,0.000000,0.000000,0.000000,0.000000,0.000000,0.000000,0.000000,0.000000,0.000000,0.000000,0.000000,0.000000,0.000000,0.000000,0.000000,0.000000,
0.000000,0.239417,0.244144,0.256404,0.263185,0.274854,0.282880,0.294839,0.294886,0.296365,0.303113,0.309398,0.315317,0.316288,0.325500,0.328156,0.330362,0.330563,0.330690,0.332293,0.332493,0.335709,0.775039,0.775770,0.775777,0.775927,0.775948,0.775983,0.776125,0.776231,0.776426,0.776435,0.776593,0.776793,0.776854,0.776896,0.776947,0.777372,0.777635,0.777716,
0.236134,0.243291,0.249876,0.252942,0.273470,0.273512,0.283026,0.293129,0.294757,0.302699,0.315358,0.315372,0.317417,0.318384,0.318529,0.319921,0.321212,0.321336,0.327119,0.333334,0.333337,0.333337,0.333340,0.333343,0.333345,0.333348,0.333371,0.333374,0.774653,0.775409,0.775540,0.775781,0.775914,0.775915,0.776083,0.776150,0.776273,0.776535,0.776625,0.776643,
0.239445,0.242967,0.260182,0.273473,0.284111,0.284567,0.296142,0.302789,0.312171,0.313249,0.317394,0.320268,0.327115,0.330060,0.332082,0.333306,0.333307,0.333320,0.333324,0.333330,0.333338,0.333341,0.333343,0.333343,0.333349,0.333357,0.333363,0.333364,0.333484,0.334510,0.774614,0.774637,0.775181,0.775334,0.775527,0.775623,0.775654,0.776014,0.776361,0.776671,
0.235793,0.255218,0.260155,0.272947,0.273482,0.283036,0.284522,0.289042,0.290508,0.297473,0.306413,0.306427,0.308804,0.316390,0.320271,0.320273,0.323648,0.324692,0.330063,0.332078,0.332240,0.332722,0.333329,0.333329,0.333334,0.333336,0.333340,0.333342,0.333356,0.333357,0.333358,0.333359,0.333371,0.333396,0.774642,0.775434,0.775681,0.775745,0.775941,0.776072,
0.236558,0.241475,0.266859,0.279855,0.298830,0.302722,0.309949,0.311078,0.311218,0.313252,0.313253,0.314578,0.315818,0.316389,0.317867,0.320286,0.321214,0.322096,0.327874,0.327887,0.330060,0.332088,0.333307,0.333312,0.333333,0.333334,0.333335,0.333337,0.333339,0.333342,0.333346,0.333348,0.333349,0.333349,0.333351,0.333357,0.333363,0.333374,0.333412,0.776257,
0.242950,0.251914,0.265247,0.270192,0.283044,0.284557,0.290502,0.293369,0.296139,0.297504,0.307585,0.307603,0.311049,0.311061,0.314312,0.318398,0.322121,0.325540,0.330068,0.332078,0.332715,0.333306,0.333307,0.333309,0.333319,0.333320,0.333321,0.333334,0.333334,0.333336,0.333337,0.333340,0.333344,0.333344,0.333352,0.333357,0.333360,0.333392,0.333439,0.775218,
0.238438,0.245784,0.266933,0.276743,0.278307,0.291932,0.306430,0.309916,0.313240,0.317389,0.318374,0.322987,0.323856,0.325550,0.326331,0.327131,0.327894,0.328621,0.329360,0.332092,0.332102,0.333309,0.333311,0.333323,0.333323,0.333330,0.333333,0.333337,0.333340,0.333341,0.333342,0.333342,0.333344,0.333346,0.333346,0.333352,0.333354,0.333358,0.333376,0.775598,
0.240547,0.250919,0.256833,0.268529,0.278338,0.284559,0.286036,0.290527,0.291932,0.300164,0.301459,0.302731,0.308827,0.309932,0.314302,0.317376,0.324682,0.325528,0.329357,0.332083,0.332734,0.333321,0.333323,0.333326,0.333327,0.333333,0.333335,0.333335,0.333336,0.333337,0.333337,0.333337,0.333339,0.333342,0.333342,0.333351,0.333361,0.333362,0.333400,0.776678,
0.235992,0.247812,0.258479,0.275091,0.294733,0.316373,0.316388,0.319334,0.323853,0.324711,0.327113,0.328612,0.331440,0.331441,0.333310,0.333329,0.333329,0.333330,0.333331,0.333332,0.333334,0.333334,0.333336,0.333337,0.333338,0.333339,0.333339,0.333340,0.333342,0.333344,0.333346,0.333349,0.333349,0.333350,0.333360,0.333366,0.333374,0.333392,0.333537,0.775637,
0.241737,0.254476,0.279905,0.298851,0.300173,0.305209,0.307601,0.311034,0.314326,0.316387,0.321209,0.322090,0.330750,0.330756,0.331428,0.333306,0.333308,0.333309,0.333310,0.333311,0.333319,0.333325,0.333328,0.333329,0.333331,0.333331,0.333334,0.333335,0.333336,0.333339,0.333339,0.333342,0.333343,0.333351,0.333353,0.333362,0.333372,0.333432,0.333504,0.775521,
0.235867,0.236179,0.238396,0.248845,0.251955,0.261880,0.289079,0.298855,0.298875,0.300141,0.301485,0.303954,0.303981,0.306424,0.306435,0.307617,0.313234,0.317420,0.319362,0.320286,0.322992,0.323001,0.323855,0.333310,0.333321,0.333324,0.333328,0.333328,0.333335,0.333335,0.333335,0.333336,0.333337,0.333339,0.333341,0.333344,0.333351,0.333358,0.333575,0.775238,
0.235624,0.261835,0.262564,0.275093,0.278332,0.284543,0.284567,0.286136,0.287578,0.296115,0.305223,0.308776,0.312134,0.314316,0.318370,0.318383,0.319409,0.327112,0.327145,0.327927,0.330753,0.333310,0.333317,0.333332,0.333332,0.333336,0.333337,0.333337,0.333337,0.333339,0.333340,0.333343,0.333344,0.333348,0.333350,0.333350,0.333350,0.333357,0.333412,0.775786,
0.236519,0.236755,0.262180,0.271866,0.275035,0.276729,0.287565,0.300143,0.301448,0.308771,0.311072,0.315387,0.317381,0.319335,0.327125,0.330063,0.330755,0.333306,0.333317,0.333317,0.333319,0.333327,0.333334,0.333335,0.333335,0.333335,0.333336,0.333337,0.333341,0.333342,0.333343,0.333345,0.333345,0.333347,0.333351,0.333355,0.333358,0.333361,0.333418,0.776603,
0.235578,0.256878,0.265219,0.287538,0.289048,0.289053,0.307594,0.308789,0.312185,0.322993,0.323849,0.323864,0.323975,0.324726,0.325553,0.327102,0.332082,0.332094,0.332716,0.333310,0.333314,0.333322,0.333324,0.333325,0.333326,0.333328,0.333330,0.333330,0.333334,0.333337,0.333338,0.333339,0.333341,0.333344,0.333350,0.333358,0.333361,0.333370,0.333436,0.776245,
0.245837,0.251901,0.260184,0.263562,0.268522,0.278303,0.284547,0.287565,0.294755,0.294788,0.297489,0.305226,0.305269,0.308787,0.312190,0.313246,0.322122,0.332084,0.332089,0.333307,0.333310,0.333310,0.333317,0.333321,0.333324,0.333326,0.333336,0.333337,0.333338,0.333339,0.333339,0.333339,0.333339,0.333339,0.333339,0.333340,0.333342,0.333345,0.333356,0.777167,
0.236167,0.236819,0.237409,0.256888,0.258484,0.260187,0.270204,0.271844,0.276711,0.281494,0.286112,0.302719,0.303975,0.306424,0.307607,0.309966,0.315382,0.318373,0.319320,0.330059,0.330759,0.333323,0.333328,0.333328,0.333328,0.333329,0.333335,0.333336,0.333340,0.333345,0.333345,0.333348,0.333352,0.333353,0.333357,0.333358,0.333370,0.333371,0.333384,0.774833,
0.235555,0.247162,0.247266,0.260200,0.261845,0.271844,0.287566,0.289032,0.294771,0.297490,0.300204,0.305209,0.314320,0.314327,0.318364,0.321185,0.321201,0.324711,0.330837,0.332073,0.332086,0.333307,0.333322,0.333327,0.333337,0.333338,0.333338,0.333338,0.333341,0.333342,0.333346,0.333347,0.333347,0.333348,0.333357,0.333360,0.333371,0.333371,0.333401,0.775789,
0.238539,0.268516,0.268549,0.271856,0.276719,0.279901,0.301432,0.309920,0.311056,0.314321,0.327112,0.330762,0.330765,0.331427,0.332090,0.333306,0.333307,0.333310,0.333310,0.333317,0.333319,0.333320,0.333321,0.333325,0.333326,0.333335,0.333335,0.333339,0.333342,0.333343,0.333344,0.333348,0.333351,0.333353,0.333356,0.333356,0.333370,0.333381,0.333425,0.775787,
0.251984,0.261870,0.266883,0.268560,0.268610,0.275159,0.284563,0.291969,0.297483,0.298844,0.308790,0.320273,0.320283,0.322093,0.322996,0.328622,0.329376,0.332082,0.333306,0.333315,0.333320,0.333328,0.333332,0.333335,0.333336,0.333337,0.333337,0.333338,0.333343,0.333343,0.333345,0.333345,0.333346,0.333350,0.333360,0.333363,0.333365,0.333366,0.333457,0.773299,
0.236689,0.238682,0.241767,0.244361,0.244804,0.260183,0.270210,0.273469,0.298830,0.315355,0.315364,0.317388,0.320297,0.323859,0.324680,0.329389,0.330058,0.331433,0.333307,0.333311,0.333322,0.333325,0.333331,0.333334,0.333334,0.333336,0.333337,0.333337,0.333337,0.333340,0.333343,0.333346,0.333351,0.333357,0.333362,0.333366,0.333367,0.333367,0.333377,0.775750,
0.235581,0.265183,0.265216,0.268577,0.278316,0.286078,0.289064,0.296174,0.297519,0.302716,0.302879,0.303994,0.308767,0.313244,0.315368,0.316397,0.319332,0.319337,0.323966,0.328625,0.328634,0.329365,0.333308,0.333308,0.333317,0.333331,0.333332,0.333334,0.333334,0.333335,0.333338,0.333340,0.333343,0.333344,0.333353,0.333363,0.333371,0.333390,0.333452,0.775260,
0.235961,0.247313,0.260169,0.263508,0.275093,0.290504,0.298844,0.307626,0.313246,0.317426,0.319335,0.321300,0.322127,0.325517,0.328649,0.333306,0.333308,0.333309,0.333325,0.333327,0.333333,0.333334,0.333335,0.333336,0.333336,0.333337,0.333342,0.333342,0.333344,0.333345,0.333345,0.333349,0.333349,0.333352,0.333352,0.333357,0.333361,0.333367,0.333369,0.775203,
0.238412,0.241673,0.242416,0.265195,0.268586,0.278296,0.278320,0.296122,0.297553,0.302735,0.303980,0.306432,0.308763,0.308775,0.309947,0.311047,0.312178,0.320303,0.323004,0.327114,0.327978,0.330748,0.332716,0.333307,0.333317,0.333319,0.333324,0.333325,0.333326,0.333331,0.333334,0.333335,0.333340,0.333344,0.333346,0.333351,0.333352,0.333354,0.333371,0.775434,
0.235635,0.236789,0.266883,0.268578,0.275236,0.283006,0.286070,0.287566,0.294766,0.297513,0.298830,0.298848,0.311070,0.315354,0.324701,0.325514,0.327110,0.332086,0.333323,0.333327,0.333334,0.333337,0.333338,0.333338,0.333339,0.333339,0.333344,0.333345,0.333345,0.333345,0.333347,0.333347,0.333349,0.333351,0.333352,0.333355,0.333360,0.333366,0.333390,0.775322,
0.248754,0.253556,0.260193,0.286103,0.287575,0.297490,0.307625,0.319320,0.319336,0.321199,0.327119,0.327873,0.330087,0.333308,0.333317,0.333318,0.333320,0.333321,0.333322,0.333322,0.333329,0.333330,0.333334,0.333336,0.333338,0.333338,0.333338,0.333338,0.333340,0.333346,0.333351,0.333351,0.333356,0.333357,0.333358,0.333362,0.333367,0.333403,0.333423,0.776081,
0.236806,0.237454,0.245792,0.273488,0.284531,0.290522,0.298859,0.298894,0.302737,0.306440,0.311035,0.314332,0.315341,0.315373,0.316367,0.316377,0.324710,0.327114,0.327150,0.329352,0.331423,0.333309,0.333311,0.333312,0.333317,0.333317,0.333319,0.333325,0.333335,0.333336,0.333336,0.333336,0.333340,0.333342,0.333342,0.333344,0.333345,0.333356,0.333376,0.775074,
0.237383,0.248795,0.263597,0.268561,0.275116,0.281497,0.303981,0.303990,0.303997,0.312135,0.313247,0.316387,0.319333,0.328605,0.330081,0.332099,0.332722,0.333326,0.333335,0.333336,0.333336,0.333337,0.333337,0.333338,0.333339,0.333339,0.333339,0.333343,0.333343,0.333344,0.333345,0.333346,0.333349,0.333350,0.333350,0.333354,0.333357,0.333359,0.333405,0.775671,
0.240305,0.240526,0.243013,0.265235,0.279906,0.283028,0.297502,0.301483,0.305208,0.306384,0.306428,0.316377,0.316382,0.324700,0.331433,0.333313,0.333315,0.333317,0.333321,0.333322,0.333324,0.333324,0.333329,0.333331,0.333334,0.333336,0.333336,0.333338,0.333339,0.333339,0.333339,0.333349,0.333349,0.333349,0.333359,0.333363,0.333366,0.333368,0.333447,0.775617,
0.240529,0.242957,0.244867,0.253597,0.275115,0.286109,0.301457,0.302714,0.304003,0.313304,0.322099,0.324695,0.327882,0.328619,0.328642,0.330744,0.333306,0.333308,0.333311,0.333311,0.333312,0.333317,0.333319,0.333319,0.333324,0.333325,0.333334,0.333336,0.333339,0.333342,0.333343,0.333346,0.333347,0.333348,0.333349,0.333351,0.333358,0.333392,0.333462,0.775077,
0.275072,0.275123,0.291927,0.298853,0.302747,0.318423,0.319332,0.323016,0.324693,0.324700,0.326334,0.326338,0.327294,0.327876,0.329370,0.330068,0.330069,0.333316,0.333320,0.333336,0.333336,0.333336,0.333337,0.333338,0.333338,0.333339,0.333340,0.333343,0.333345,0.333349,0.333349,0.333349,0.333354,0.333355,0.333355,0.333356,0.333364,0.333376,0.333388,0.776252,
0.254524,0.278318,0.290514,0.298831,0.307622,0.307635,0.315347,0.316407,0.320279,0.321213,0.325528,0.326328,0.327870,0.330068,0.330083,0.332076,0.332081,0.333306,0.333308,0.333313,0.333319,0.333322,0.333324,0.333327,0.333330,0.333331,0.333331,0.333335,0.333336,0.333336,0.333337,0.333338,0.333338,0.333338,0.333338,0.333339,0.333341,0.333342,0.333355,0.776345,
0.240484,0.241707,0.244395,0.286047,0.289060,0.291944,0.298841,0.302721,0.305207,0.311055,0.316378,0.319318,0.324701,0.325531,0.327112,0.330748,0.333325,0.333329,0.333330,0.333331,0.333332,0.333334,0.333335,0.333336,0.333337,0.333338,0.333338,0.333338,0.333339,0.333340,0.333341,0.333343,0.333347,0.333348,0.333354,0.333359,0.333361,0.333362,0.333554,0.774974,
0.247956,0.253570,0.270225,0.275114,0.276711,0.279933,0.300149,0.302732,0.314305,0.317404,0.318389,0.319325,0.319346,0.321214,0.323861,0.328619,0.329358,0.332716,0.333320,0.333329,0.333330,0.333331,0.333334,0.333335,0.333336,0.333336,0.333338,0.333339,0.333339,0.333339,0.333342,0.333343,0.333345,0.333348,0.333350,0.333353,0.333356,0.333384,0.333389,0.776220,
0.235707,0.239430,0.254881,0.260182,0.260329,0.282987,0.287583,0.289049,0.293368,0.294783,0.294788,0.298850,0.301433,0.301447,0.306417,0.307609,0.316367,0.316421,0.317392,0.319325,0.319337,0.319346,0.320285,0.322101,0.327132,0.327875,0.330067,0.332082,0.333306,0.333318,0.333322,0.333328,0.333334,0.333336,0.333337,0.333342,0.333349,0.333361,0.333376,0.775776,
0.235644,0.237571,0.283001,0.284580,0.296351,0.300169,0.303991,0.306451,0.311037,0.315370,0.320293,0.323000,0.324686,0.325537,0.327132,0.328621,0.328635,0.329357,0.330066,0.330094,0.332733,0.333311,0.333319,0.333337,0.333340,0.333340,0.333341,0.333342,0.333343,0.333343,0.333348,0.333350,0.333350,0.333353,0.333353,0.333359,0.333371,0.333395,0.333419,0.775071,
0.238449,0.250364,0.258494,0.270229,0.273478,0.281455,0.284634,0.287546,0.287557,0.297484,0.300174,0.302744,0.303963,0.307605,0.308781,0.312145,0.314304,0.315373,0.317399,0.320280,0.322974,0.325518,0.329355,0.332716,0.332735,0.333309,0.333318,0.333318,0.333320,0.333325,0.333327,0.333335,0.333336,0.333337,0.333339,0.333348,0.333349,0.333350,0.333424,0.775195,
0.235682,0.242252,0.268592,0.302742,0.303983,0.304028,0.307618,0.309939,0.311046,0.311134,0.320293,0.323863,0.323868,0.326311,0.330770,0.332087,0.332728,0.333319,0.333320,0.333328,0.333330,0.333334,0.333339,0.333340,0.333341,0.333342,0.333344,0.333344,0.333344,0.333345,0.333347,0.333350,0.333356,0.333357,0.333360,0.333364,0.333366,0.333372,0.333379,0.775881,
0.243074,0.256864,0.258519,0.278333,0.283017,0.286051,0.293355,0.294757,0.301462,0.302710,0.307608,0.311043,0.312152,0.324711,0.328615,0.329380,0.330063,0.330233,0.331430,0.333309,0.333322,0.333324,0.333325,0.333326,0.333333,0.333335,0.333335,0.333336,0.333338,0.333340,0.333340,0.333342,0.333344,0.333345,0.333346,0.333346,0.333348,0.333349,0.333415,0.775506,
0.242405,0.258476,0.260160,0.273467,0.273485,0.279879,0.283023,0.284565,0.291954,0.297482,0.297523,0.302737,0.303977,0.307594,0.313250,0.314295,0.314329,0.316399,0.321224,0.322985,0.323847,0.325517,0.333321,0.333327,0.333332,0.333332,0.333335,0.333337,0.333338,0.333338,0.333341,0.333345,0.333349,0.333353,0.333357,0.333358,0.333360,0.333374,0.333389,0.775650,
0.248805,0.250370,0.255174,0.270184,0.273504,0.275093,0.287559,0.290504,0.293367,0.298810,0.300146,0.301448,0.302715,0.306419,0.306451,0.317372,0.324700,0.330072,0.330098,0.330748,0.332087,0.333306,0.333312,0.333315,0.333322,0.333329,0.333334,0.333337,0.333339,0.333340,0.333343,0.333343,0.333349,0.333352,0.333353,0.333357,0.333359,0.333362,0.333482,0.775366,
0.235903,0.235950,0.237519,0.247274,0.253609,0.265185,0.268516,0.268556,0.268562,0.271842,0.283032,0.287590,0.287598,0.291946,0.293392,0.294786,0.313246,0.315371,0.315375,0.316387,0.317373,0.319354,0.320314,0.326366,0.330750,0.332076,0.332077,0.332727,0.333324,0.333335,0.333335,0.333341,0.333342,0.333349,0.333350,0.333355,0.333355,0.333361,0.333381,0.776640,
0.244306,0.271865,0.281470,0.283036,0.287579,0.297534,0.300164,0.305177,0.306455,0.313257,0.313350,0.316393,0.316394,0.318364,0.319343,0.320284,0.323002,0.324703,0.325524,0.330084,0.333314,0.333318,0.333332,0.333334,0.333334,0.333335,0.333335,0.333337,0.333339,0.333340,0.333343,0.333354,0.333354,0.333356,0.333357,0.333366,0.333381,0.333401,0.333430,0.776276,
0.245762,0.253523,0.283034,0.283042,0.286070,0.286112,0.291924,0.294753,0.294758,0.294769,0.294791,0.298852,0.300166,0.313264,0.314326,0.317390,0.318357,0.323864,0.327110,0.332714,0.332774,0.333306,0.333308,0.333312,0.333313,0.333314,0.333320,0.333330,0.333331,0.333332,0.333334,0.333335,0.333342,0.333343,0.333343,0.333344,0.333347,0.333356,0.333359,0.775186,
0.235729,0.253586,0.265162,0.276762,0.281549,0.289038,0.298826,0.298864,0.305199,0.305199,0.311084,0.314303,0.314315,0.318375,0.323862,0.323878,0.323900,0.327108,0.327116,0.327124,0.328634,0.332089,0.333313,0.333320,0.333323,0.333332,0.333334,0.333334,0.333334,0.333335,0.333342,0.333349,0.333350,0.333352,0.333356,0.333356,0.333357,0.333358,0.333361,0.775767,
0.235798,0.238407,0.239343,0.242952,0.261831,0.265210,0.275140,0.286065,0.287573,0.290491,0.293375,0.294747,0.297465,0.297501,0.298813,0.305196,0.311044,0.311055,0.318381,0.333313,0.333313,0.333316,0.333318,0.333332,0.333333,0.333334,0.333335,0.333337,0.333337,0.333338,0.333341,0.333343,0.333344,0.333348,0.333348,0.333355,0.333362,0.333368,0.333412,0.775464,
0.236213,0.241728,0.261903,0.266846,0.268493,0.306432,0.307624,0.313235,0.314304,0.315358,0.319360,0.323862,0.326313,0.326355,0.327089,0.327109,0.330767,0.331415,0.331439,0.333308,0.333324,0.333329,0.333330,0.333333,0.333334,0.333338,0.333345,0.333346,0.333352,0.333352,0.333352,0.333354,0.333355,0.333356,0.333363,0.333389,0.333396,0.333398,0.333413,0.774801,
0.250426,0.256867,0.270204,0.270240,0.275160,0.283035,0.287565,0.302701,0.305209,0.307606,0.313289,0.314318,0.318380,0.323836,0.327111,0.327118,0.327166,0.330062,0.332076,0.332087,0.333312,0.333313,0.333314,0.333315,0.333316,0.333322,0.333332,0.333334,0.333335,0.333336,0.333337,0.333337,0.333338,0.333343,0.333345,0.333348,0.333366,0.333369,0.333409,0.775284,
0.255174,0.268539,0.281453,0.289069,0.297508,0.298837,0.300140,0.311063,0.314323,0.316380,0.318372,0.319349,0.320290,0.320300,0.322115,0.327107,0.328619,0.328627,0.330082,0.330752,0.332108,0.333307,0.333314,0.333330,0.333330,0.333330,0.333334,0.333335,0.333337,0.333337,0.333341,0.333342,0.333346,0.333349,0.333349,0.333356,0.333362,0.333364,0.333379,0.776252,
0.235820,0.236158,0.265224,0.281486,0.281488,0.286113,0.289076,0.297521,0.298848,0.300157,0.308773,0.313249,0.315351,0.318370,0.325515,0.332095,0.332716,0.332719,0.333307,0.333308,0.333313,0.333319,0.333321,0.333326,0.333330,0.333333,0.333333,0.333334,0.333335,0.333336,0.333337,0.333341,0.333341,0.333342,0.333343,0.333350,0.333358,0.333366,0.333374,0.775433,
0.237472,0.253551,0.255234,0.257994,0.260175,0.287555,0.287563,0.305216,0.306424,0.309910,0.311069,0.313269,0.316468,0.319343,0.323866,0.328649,0.331436,0.332085,0.332090,0.332096,0.332724,0.332728,0.333307,0.333307,0.333312,0.333318,0.333325,0.333332,0.333332,0.333332,0.333334,0.333334,0.333342,0.333342,0.333350,0.333351,0.333357,0.333367,0.333414,0.774506,
0.240304,0.242490,0.260156,0.275356,0.278341,0.287567,0.287660,0.293359,0.294786,0.301454,0.305202,0.309935,0.315359,0.316372,0.317402,0.317421,0.322103,0.325524,0.333307,0.333317,0.333317,0.333333,0.333334,0.333334,0.333336,0.333339,0.333344,0.333345,0.333347,0.333348,0.333348,0.333350,0.333354,0.333356,0.333356,0.333358,0.333370,0.333374,0.333376,0.776811,
0.247255,0.258522,0.263513,0.278429,0.284540,0.284574,0.291933,0.291959,0.294769,0.298811,0.314326,0.320274,0.320281,0.322133,0.323850,0.324701,0.325513,0.325522,0.332735,0.333306,0.333308,0.333313,0.333321,0.333323,0.333328,0.333333,0.333333,0.333338,0.333338,0.333340,0.333343,0.333344,0.333345,0.333346,0.333347,0.333354,0.333354,0.333355,0.333482,0.775659,
0.235708,0.241720,0.242964,0.265215,0.266845,0.289021,0.293390,0.302694,0.307621,0.308781,0.308797,0.313230,0.313252,0.314328,0.320290,0.330076,0.330089,0.330761,0.333315,0.333315,0.333320,0.333329,0.333329,0.333332,0.333334,0.333334,0.333337,0.333338,0.333339,0.333339,0.333340,0.333340,0.333341,0.333341,0.333344,0.333357,0.333357,0.333361,0.333369,0.776476,
0.242975,0.266883,0.279921,0.287558,0.291973,0.293399,0.302724,0.303966,0.308795,0.318373,0.319325,0.319337,0.319345,0.319352,0.323843,0.327112,0.327876,0.327883,0.331432,0.332187,0.333310,0.333313,0.333324,0.333328,0.333333,0.333334,0.333335,0.333336,0.333336,0.333343,0.333344,0.333344,0.333346,0.333347,0.333354,0.333367,0.333368,0.333388,0.333391,0.776570,
0.235937,0.236671,0.244375,0.258496,0.283016,0.291905,0.298827,0.298839,0.302732,0.305207,0.311057,0.316410,0.318360,0.318376,0.318385,0.320288,0.322112,0.325548,0.326323,0.327870,0.329347,0.330068,0.333309,0.333321,0.333332,0.333333,0.333333,0.333334,0.333337,0.333337,0.333338,0.333339,0.333340,0.333341,0.333346,0.333351,0.333355,0.333359,0.333387,0.775715,
0.239418,0.266893,0.271843,0.273487,0.278346,0.283056,0.294793,0.316393,0.329458,0.331424,0.332096,0.333311,0.333314,0.333315,0.333321,0.333326,0.333328,0.333334,0.333334,0.333336,0.333336,0.333336,0.333337,0.333339,0.333339,0.333341,0.333341,0.333342,0.333343,0.333345,0.333348,0.333349,0.333350,0.333354,0.333358,0.333362,0.333372,0.333387,0.333436,0.775473,
0.238350,0.240455,0.241788,0.242963,0.268558,0.278338,0.281455,0.290515,0.302734,0.303969,0.312158,0.316407,0.317416,0.328656,0.331493,0.332073,0.332713,0.333306,0.333308,0.333312,0.333315,0.333318,0.333320,0.333322,0.333324,0.333325,0.333326,0.333328,0.333329,0.333334,0.333335,0.333337,0.333338,0.333339,0.333342,0.333346,0.333351,0.333352,0.333358,0.775585,
0.236473,0.238861,0.240468,0.260157,0.266879,0.271829,0.283018,0.300156,0.301456,0.308780,0.312165,0.315415,0.318370,0.322119,0.325525,0.326335,0.327119,0.327899,0.328615,0.330747,0.330765,0.333309,0.333332,0.333334,0.333334,0.333335,0.333336,0.333339,0.333339,0.333343,0.333343,0.333348,0.333358,0.333360,0.333361,0.333365,0.333390,0.333393,0.333399,0.776059,
0.235759,0.237611,0.243646,0.244342,0.248819,0.273493,0.284573,0.287581,0.289018,0.290492,0.294777,0.296139,0.306418,0.308766,0.312166,0.316379,0.321221,0.321268,0.322091,0.323853,0.324840,0.332729,0.333308,0.333309,0.333309,0.333310,0.333324,0.333326,0.333331,0.333332,0.333332,0.333336,0.333337,0.333338,0.333344,0.333362,0.333364,0.333367,0.333437,0.776024,
0.241746,0.286079,0.291984,0.293351,0.294787,0.303953,0.305201,0.305223,0.307621,0.308782,0.318401,0.322981,0.323851,0.327129,0.330093,0.332159,0.333307,0.333308,0.333322,0.333324,0.333325,0.333333,0.333334,0.333339,0.333339,0.333339,0.333340,0.333341,0.333344,0.333345,0.333347,0.333348,0.333351,0.333352,0.333354,0.333354,0.333356,0.333362,0.333362,0.775888,
0.236251,0.247696,0.278291,0.278313,0.286046,0.289013,0.290517,0.291916,0.305197,0.308761,0.317391,0.317394,0.323871,0.327174,0.328621,0.330061,0.330762,0.333313,0.333315,0.333316,0.333321,0.333323,0.333330,0.333333,0.333335,0.333336,0.333338,0.333338,0.333339,0.333340,0.333340,0.333342,0.333349,0.333353,0.333354,0.333355,0.333356,0.333356,0.333361,0.776927,
0.245772,0.245780,0.247248,0.268535,0.275086,0.276732,0.294759,0.311063,0.312375,0.318396,0.319334,0.322108,0.326318,0.326322,0.327876,0.330753,0.332076,0.333308,0.333315,0.333322,0.333324,0.333325,0.333326,0.333334,0.333335,0.333336,0.333337,0.333337,0.333340,0.333342,0.333346,0.333347,0.333347,0.333354,0.333355,0.333357,0.333360,0.333361,0.333408,0.776157,
0.247292,0.247811,0.250352,0.253583,0.254719,0.263569,0.268539,0.303976,0.307602,0.312210,0.313266,0.330779,0.332082,0.333310,0.333310,0.333313,0.333315,0.333315,0.333320,0.333322,0.333325,0.333325,0.333330,0.333330,0.333332,0.333333,0.333334,0.333335,0.333337,0.333338,0.333339,0.333341,0.333341,0.333344,0.333352,0.333361,0.333362,0.333383,0.333384,0.775981,
0.235612,0.241758,0.252045,0.265183,0.271813,0.279955,0.282992,0.284539,0.287563,0.293388,0.300149,0.301471,0.302747,0.309942,0.316381,0.318367,0.318414,0.321444,0.322128,0.327112,0.328650,0.330065,0.331471,0.332721,0.333309,0.333316,0.333326,0.333330,0.333334,0.333334,0.333335,0.333336,0.333339,0.333342,0.333344,0.333348,0.333349,0.333361,0.333515,0.775522,
0.239327,0.258502,0.262942,0.263605,0.273485,0.275126,0.279887,0.293335,0.296094,0.298821,0.300176,0.305213,0.305234,0.307615,0.312159,0.316400,0.320275,0.327105,0.327111,0.327915,0.330761,0.331486,0.332097,0.333319,0.333324,0.333324,0.333334,0.333336,0.333336,0.333338,0.333339,0.333340,0.333341,0.333345,0.333350,0.333356,0.333360,0.333363,0.333368,0.776112,
0.235799,0.236726,0.268563,0.271877,0.281492,0.283036,0.293356,0.302720,0.309922,0.311069,0.327882,0.330061,0.330750,0.330766,0.333308,0.333309,0.333310,0.333313,0.333327,0.333331,0.333334,0.333334,0.333335,0.333336,0.333337,0.333337,0.333337,0.333346,0.333347,0.333350,0.333352,0.333352,0.333360,0.333363,0.333363,0.333368,0.333372,0.333395,0.333696,0.776162,
0.236834,0.247223,0.250920,0.271874,0.286092,0.293359,0.293367,0.296143,0.302696,0.305214,0.311061,0.314392,0.323867,0.326331,0.327110,0.332078,0.332096,0.333306,0.333307,0.333308,0.333310,0.333317,0.333317,0.333320,0.333321,0.333326,0.333329,0.333332,0.333333,0.333335,0.333335,0.333338,0.333346,0.333349,0.333350,0.333355,0.333359,0.333366,0.333413,0.777124,
0.236857,0.238806,0.241712,0.244414,0.251135,0.271864,0.276794,0.293373,0.305234,0.308796,0.311054,0.312165,0.313238,0.316392,0.322999,0.323877,0.323882,0.324078,0.329361,0.330059,0.332097,0.333315,0.333322,0.333330,0.333334,0.333334,0.333336,0.333337,0.333337,0.333338,0.333338,0.333340,0.333344,0.333348,0.333350,0.333353,0.333355,0.333356,0.333362,0.776528,
0.250463,0.258484,0.261877,0.263491,0.271845,0.275144,0.281488,0.281518,0.289039,0.297493,0.303967,0.306435,0.308792,0.312194,0.313265,0.313272,0.317609,0.319383,0.326325,0.329346,0.329347,0.330069,0.332716,0.333310,0.333320,0.333328,0.333329,0.333333,0.333335,0.333335,0.333336,0.333339,0.333339,0.333339,0.333339,0.333344,0.333346,0.333347,0.333361,0.776216,
0.255204,0.258526,0.275068,0.281477,0.286066,0.287582,0.302739,0.303991,0.307632,0.317394,0.321203,0.322108,0.322998,0.325554,0.326317,0.326368,0.327869,0.327875,0.330764,0.330778,0.332713,0.333310,0.333321,0.333324,0.333328,0.333334,0.333335,0.333336,0.333336,0.333338,0.333343,0.333345,0.333345,0.333345,0.333352,0.333359,0.333359,0.333362,0.333370,0.777030,
0.237356,0.239314,0.239359,0.239386,0.244356,0.258128,0.261842,0.268537,0.290532,0.293376,0.309937,0.314305,0.314345,0.316393,0.317386,0.321201,0.323848,0.327875,0.332746,0.333309,0.333311,0.333311,0.333321,0.333325,0.333329,0.333331,0.333333,0.333333,0.333335,0.333337,0.333338,0.333338,0.333343,0.333347,0.333348,0.333350,0.333357,0.333358,0.333372,0.775958,
0.000067,0.241823,0.244431,0.251923,0.256809,0.268538,0.278295,0.278337,0.289029,0.294744,0.313248,0.314311,0.316395,0.318384,0.320304,0.322101,0.322102,0.324131,0.329353,0.331424,0.331429,0.332712,0.333305,0.333313,0.333320,0.333330,0.333333,0.333335,0.333337,0.333339,0.333342,0.333345,0.333346,0.333351,0.333352,0.333386,0.333395,0.333396,0.333443,0.774990,
0.240316,0.279931,0.294753,0.297495,0.298849,0.302748,0.306401,0.307603,0.308789,0.312216,0.319323,0.321213,0.322105,0.323847,0.323852,0.329376,0.332096,0.332121,0.333307,0.333310,0.333322,0.333323,0.333334,0.333334,0.333335,0.333336,0.333337,0.333338,0.333340,0.333342,0.333342,0.333343,0.333343,0.333344,0.333348,0.333365,0.333374,0.333390,0.776327,0.777147,
0.238325,0.240225,0.242421,0.256816,0.271874,0.284555,0.298818,0.301454,0.302708,0.305208,0.305230,0.311050,0.315380,0.320283,0.322984,0.328622,0.329636,0.330758,0.330765,0.331440,0.332739,0.333307,0.333308,0.333309,0.333321,0.333324,0.333326,0.333327,0.333334,0.333336,0.333339,0.333339,0.333341,0.333347,0.333347,0.333352,0.333353,0.333361,0.333362,0.776429,
0.235521,0.248804,0.250304,0.256849,0.263527,0.263557,0.291895,0.291921,0.306436,0.312154,0.313256,0.315384,0.322110,0.322995,0.323846,0.324764,0.327274,0.330061,0.333320,0.333322,0.333329,0.333331,0.333334,0.333335,0.333336,0.333336,0.333337,0.333338,0.333339,0.333341,0.333342,0.333343,0.333346,0.333349,0.333350,0.333354,0.333358,0.333361,0.333473,0.775400,
0.241763,0.243028,0.247269,0.248800,0.248833,0.290513,0.294752,0.297510,0.298842,0.301413,0.303963,0.303972,0.303977,0.303990,0.305198,0.307611,0.313249,0.313258,0.321223,0.322098,0.329348,0.332082,0.333318,0.333324,0.333332,0.333335,0.333335,0.333337,0.333338,0.333339,0.333339,0.333340,0.333344,0.333345,0.333348,0.333353,0.333380,0.333380,0.333424,0.776083,
0.235759,0.255222,0.256845,0.258526,0.290509,0.291930,0.296123,0.297520,0.302727,0.309895,0.309929,0.312172,0.314323,0.322098,0.322989,0.326336,0.327876,0.330069,0.332714,0.332716,0.333306,0.333307,0.333315,0.333323,0.333328,0.333329,0.333340,0.333341,0.333343,0.333344,0.333344,0.333347,0.333348,0.333349,0.333352,0.333380,0.333381,0.333388,0.333389,0.775273,
0.235612,0.236775,0.239311,0.240507,0.247304,0.255173,0.265243,0.271853,0.279915,0.284537,0.297509,0.300125,0.309955,0.319330,0.322096,0.324785,0.331423,0.331432,0.331432,0.332090,0.332726,0.333306,0.333319,0.333320,0.333327,0.333334,0.333335,0.333337,0.333337,0.333338,0.333338,0.333341,0.333344,0.333344,0.333347,0.333352,0.333355,0.333372,0.333375,0.775884,
0.244370,0.270205,0.271877,0.287578,0.289134,0.293381,0.297492,0.300149,0.305232,0.307613,0.307651,0.308770,0.327141,0.327881,0.333314,0.333318,0.333329,0.333330,0.333333,0.333334,0.333334,0.333334,0.333335,0.333335,0.333335,0.333336,0.333338,0.333339,0.333339,0.333341,0.333344,0.333350,0.333352,0.333358,0.333364,0.333384,0.333393,0.333395,0.333404,0.774579,
0.258530,0.276723,0.276738,0.294757,0.294771,0.298831,0.308768,0.308784,0.315349,0.318387,0.327878,0.327883,0.330060,0.330805,0.332726,0.332727,0.333309,0.333309,0.333310,0.333313,0.333313,0.333323,0.333326,0.333328,0.333329,0.333332,0.333333,0.333333,0.333336,0.333338,0.333344,0.333347,0.333347,0.333350,0.333353,0.333356,0.333357,0.333364,0.333365,0.775644,
0.239405,0.244880,0.255182,0.263510,0.296163,0.301485,0.303979,0.311054,0.311058,0.312154,0.313258,0.315365,0.316380,0.319347,0.320281,0.321202,0.323000,0.323846,0.326358,0.327115,0.327897,0.329382,0.332716,0.333309,0.333313,0.333318,0.333334,0.333335,0.333338,0.333339,0.333341,0.333341,0.333344,0.333346,0.333347,0.333351,0.333353,0.333361,0.333362,0.774353,
0.248784,0.253638,0.256823,0.260176,0.263515,0.263532,0.293353,0.317384,0.317404,0.320270,0.325526,0.329359,0.331437,0.333310,0.333317,0.333320,0.333324,0.333325,0.333328,0.333330,0.333335,0.333335,0.333336,0.333336,0.333337,0.333338,0.333338,0.333338,0.333340,0.333341,0.333342,0.333343,0.333345,0.333345,0.333348,0.333349,0.333374,0.333395,0.333495,0.776766,
0.237520,0.240352,0.243410,0.252012,0.278326,0.289084,0.293383,0.302748,0.303958,0.307615,0.309936,0.311080,0.312225,0.315365,0.327112,0.329355,0.330050,0.330753,0.332077,0.333309,0.333310,0.333310,0.333323,0.333324,0.333326,0.333329,0.333330,0.333331,0.333333,0.333339,0.333339,0.333340,0.333342,0.333343,0.333345,0.333352,0.333354,0.333368,0.333380,0.775643,
0.237476,0.244370,0.250361,0.258448,0.271838,0.273527,0.293356,0.302717,0.310002,0.311058,0.313247,0.314314,0.318385,0.320276,0.321213,0.321214,0.324724,0.332111,0.332724,0.333307,0.333324,0.333333,0.333334,0.333335,0.333335,0.333336,0.333337,0.333337,0.333339,0.333339,0.333340,0.333345,0.333346,0.333348,0.333353,0.333361,0.333378,0.333467,0.334114,0.775322,
0.245852,0.248832,0.256876,0.265211,0.266832,0.270189,0.273473,0.276739,0.278325,0.284543,0.290528,0.291931,0.294728,0.300159,0.302714,0.308793,0.314313,0.320271,0.320275,0.322993,0.324700,0.329349,0.330793,0.331431,0.333315,0.333322,0.333325,0.333327,0.333333,0.333334,0.333334,0.333335,0.333337,0.333343,0.333346,0.333355,0.333363,0.333371,0.333403,0.775428,
0.238365,0.244921,0.245770,0.247254,0.250351,0.255172,0.260153,0.268502,0.275110,0.291952,0.306434,0.308813,0.309972,0.313292,0.323010,0.325526,0.328634,0.328649,0.331445,0.333307,0.333308,0.333312,0.333323,0.333324,0.333326,0.333332,0.333335,0.333338,0.333339,0.333339,0.333341,0.333341,0.333346,0.333346,0.333349,0.333353,0.333354,0.333361,0.333368,0.775808,
0.236757,0.241709,0.242523,0.245816,0.245885,0.256907,0.289047,0.291914,0.297530,0.305201,0.311062,0.312192,0.313295,0.324718,0.327105,0.327111,0.330067,0.330751,0.330765,0.333307,0.333307,0.333310,0.333315,0.333318,0.333327,0.333328,0.333328,0.333339,0.333339,0.333339,0.333340,0.333340,0.333347,0.333354,0.333357,0.333361,0.333362,0.333384,0.333397,0.775086,
0.236021,0.237464,0.256830,0.265181,0.265205,0.287550,0.302755,0.303998,0.308787,0.311055,0.315339,0.318372,0.321197,0.323022,0.323875,0.324748,0.327097,0.327098,0.327112,0.329352,0.330077,0.330743,0.331509,0.332248,0.332722,0.332723,0.333307,0.333315,0.333336,0.333336,0.333337,0.333337,0.333344,0.333345,0.333347,0.333351,0.333351,0.333354,0.333385,0.777502,
0.236555,0.241670,0.245806,0.266867,0.266890,0.270175,0.275075,0.284547,0.293348,0.293362,0.301514,0.307611,0.312167,0.313237,0.313273,0.314327,0.315378,0.316392,0.319319,0.324698,0.325514,0.325529,0.328621,0.329355,0.331426,0.332717,0.332830,0.333317,0.333322,0.333323,0.333336,0.333336,0.333337,0.333337,0.333339,0.333344,0.333348,0.333361,0.333373,0.775934,
0.238764,0.247328,0.248790,0.250392,0.260202,0.270171,0.283068,0.291946,0.293343,0.297531,0.312153,0.312167,0.316380,0.317408,0.317438,0.320270,0.321187,0.321218,0.322105,0.331424,0.331427,0.332714,0.333306,0.333329,0.333332,0.333334,0.333336,0.333341,0.333343,0.333343,0.333344,0.333344,0.333352,0.333353,0.333358,0.333361,0.333364,0.333366,0.333439,0.776751,
0.235697,0.235833,0.237470,0.239391,0.247263,0.260171,0.265187,0.275132,0.281475,0.284551,0.290542,0.292059,0.296135,0.300162,0.303984,0.305243,0.307594,0.311055,0.311087,0.315359,0.327116,0.331431,0.332088,0.332716,0.333308,0.333310,0.333312,0.333315,0.333316,0.333323,0.333330,0.333334,0.333336,0.333340,0.333342,0.333343,0.333345,0.333357,0.333365,0.775317,
0.236754,0.241769,0.254129,0.268525,0.270192,0.284554,0.286136,0.290567,0.291964,0.301465,0.305202,0.311043,0.316406,0.321218,0.321219,0.323846,0.325508,0.326339,0.328615,0.328649,0.332733,0.333326,0.333334,0.333335,0.333337,0.333337,0.333344,0.333346,0.333346,0.333349,0.333349,0.333351,0.333352,0.333353,0.333353,0.333355,0.333363,0.333371,0.333382,0.775108,
0.248832,0.254539,0.265240,0.276710,0.279888,0.296118,0.297487,0.298843,0.298877,0.300159,0.306410,0.306441,0.319328,0.327113,0.329373,0.331432,0.333306,0.333306,0.333306,0.333309,0.333315,0.333316,0.333318,0.333319,0.333332,0.333333,0.333336,0.333337,0.333338,0.333338,0.333338,0.333341,0.333341,0.333343,0.333350,0.333355,0.333366,0.333366,0.333556,0.775448,
0.242482,0.248759,0.256849,0.260144,0.263555,0.265242,0.275117,0.276719,0.276737,0.293367,0.297462,0.297507,0.298823,0.298834,0.308778,0.318371,0.318383,0.318399,0.324696,0.326349,0.328619,0.328624,0.329348,0.333324,0.333326,0.333327,0.333331,0.333333,0.333335,0.333336,0.333338,0.333346,0.333347,0.333348,0.333352,0.333357,0.333357,0.333360,0.333574,0.776156,
0.235552,0.237446,0.251050,0.255203,0.258501,0.261795,0.271875,0.279925,0.291963,0.301583,0.302705,0.306440,0.307628,0.307645,0.312180,0.318381,0.318382,0.323867,0.326333,0.328644,0.331422,0.332111,0.332725,0.333331,0.333333,0.333333,0.333334,0.333335,0.333336,0.333337,0.333338,0.333338,0.333338,0.333340,0.333342,0.333342,0.333342,0.333363,0.333372,0.775009,
0.256865,0.261530,0.265198,0.279898,0.286064,0.290500,0.294751,0.296145,0.296165,0.318365,0.318365,0.318373,0.321196,0.323015,0.323857,0.324703,0.325522,0.327108,0.327111,0.328628,0.329396,0.330059,0.333306,0.333326,0.333331,0.333333,0.333335,0.333337,0.333339,0.333341,0.333347,0.333348,0.333349,0.333361,0.333363,0.333373,0.333418,0.333448,0.333536,0.776191,
0.241754,0.262686,0.263548,0.275102,0.276703,0.286104,0.287580,0.289055,0.294737,0.297489,0.298812,0.298841,0.314338,0.322100,0.327111,0.329361,0.333310,0.333310,0.333317,0.333328,0.333336,0.333337,0.333337,0.333338,0.333339,0.333339,0.333341,0.333342,0.333343,0.333352,0.333353,0.333353,0.333355,0.333357,0.333357,0.333359,0.333367,0.333373,0.333786,0.775287,
0.236198,0.251904,0.251910,0.278402,0.284537,0.289057,0.318375,0.320278,0.324695,0.326337,0.326735,0.332077,0.332717,0.333306,0.333307,0.333312,0.333316,0.333316,0.333317,0.333325,0.333326,0.333330,0.333331,0.333333,0.333336,0.333337,0.333337,0.333341,0.333350,0.333351,0.333351,0.333352,0.333353,0.333353,0.333356,0.333357,0.333360,0.333362,0.333369,0.775145,
0.261897,0.265194,0.279913,0.284577,0.289021,0.291947,0.297495,0.301467,0.303988,0.306405,0.322109,0.322112,0.322112,0.322118,0.324683,0.325533,0.327880,0.328642,0.330751,0.332720,0.333306,0.333307,0.333312,0.333314,0.333316,0.333317,0.333331,0.333334,0.333335,0.333335,0.333336,0.333337,0.333337,0.333338,0.333339,0.333358,0.333361,0.333377,0.333378,0.776072,
