0.000000,0.000000,0.000000,0.000000,0.000000,0.000000,0.000000,0.000000,0.000000,0.000000,0.000000,0.000000,0.000000,0.000000,0.000000,0.000000,0.000000,0.000000,0.000000,0.000000,0.000000,0.000000,0.000000,0.000000,0.000000,0.000000,0.000000,0.000000,0.000000,0.000000,0.000000,0.000000,0.000000,0.000000,0.000000,0.000000,0.000000,0.000000,0.000000,0.000000,
0.000000,0.000000,5000.000000,5000.000000,5000.000000,5000.000000,5000.000000,5000.000000,5000.000000,5000.000000,5000.000000,5000.000000,5000.000000,5000.000000,5000.000000,5000.000000,5000.000000,5000.000000,5000.000000,5000.000000,5000.000000,5000.000000,5000.000000,5000.000000,5000.000000,5000.000000,5000.000000,5000.000000,5000.000000,5000.000000,5000.000000,5000.000000,5000.000000,5000.000000,5000.000000,5000.000000,5000.000000,5000.000000,5000.000000,5000.000000,
5000.000000,5000.000000,5000.000000,5000.000000,5000.000000,5000.000000,5000.000000,5000.000000,5000.000000,5000.000000,5000.000000,5000.000000,5000.000000,5000.000000,5000.000000,5000.000000,5000.000000,5000.000000,5000.000000,5000.000000,5000.000000,5000.000000,5000.000000,5000.000000,5000.000000,5000.000000,5000.000000,5000.000000,5000.000000,5000.000000,5000.000000,5000.000000,5000.000000,5000.000000,5000.000000,5000.000000,5000.000000,5000.000000,5000.000000,5000.000000,
5000.000000,5000.000000,5000.000000,5000.000000,5000.000000,5000.000000,5000.000000,5000.000000,5000.000000,5000.000000,5000.000000,5000.000000,5000.000000,5000.000000,5000.000000,5000.000000,5000.000000,5000.000000,5000.000000,5000.000000,5000.000000,5000.000000,5000.000000,5000.000000,5000.000000,5000.000000,5000.000000,5000.000000,5000.000000,5000.000000,5000.000000,5000.000000,5000.000000,5000.000000,5000.000000,5000.000000,5000.000000,5000.000000,5000.000000,5000.000000,
5000.000000,5000.000000,5000.000000,5000.000000,5000.000000,5000.000000,5000.000000,5000.000000,5000.000000,5000.000000,5000.000000,5000.000000,5000.000000,5000.000000,5000.000000,5000.000000,5000.000000,5000.000000,5000.000000,5000.000000,5000.000000,5000.000000,5000.000000,5000.000000,5000.000000,5000.000000,5000.000000,5000.000000,5000.000000,5000.000000,5000.000000,5000.000000,5000.000000,5000.000000,5000.000000,5000.000000,5000.000000,5000.000000,5000.000000,5000.000000,
5000.000000,5000.000000,5000.000000,5000.000000,5000.000000,5000.000000,5000.000000,5000.000000,5000.000000,5000.000000,5000.000000,5000.000000,5000.000000,5000.000000,5000.000000,5000.000000,5000.000000,5000.000000,5000.000000,5000.000000,5000.000000,5000.000000,5000.000000,5000.000000,5000.000000,5000.000000,5000.000000,5000.000000,5000.000000,5000.000000,5000.000000,5000.000000,5000.000000,5000.000000,5000.000000,5000.000000,5000.000000,5000.000000,5000.000000,5000.000000,
5000.000000,5000.000000,5000.000000,5000.000000,5000.000000,5000.000000,5000.000000,5000.000000,5000.000000,5000.000000,5000.000000,5000.000000,5000.000000,5000.000000,5000.000000,5000.000000,5000.000000,5000.000000,5000.000000,5000.000000,5000.000000,5000.000000,5000.000000,5000.000000,5000.000000,5000.000000,5000.000000,5000.000000,5000.000000,5000.000000,5000.000000,5000.000000,5000.000000,5000.000000,5000.000000,5000.000000,5000.000000,5000.000000,5000.000000,5000.000000,
5000.000000,5000.000000,5000.000000,5000.000000,5000.000000,5000.000000,5000.000000,5000.000000,5000.000000,5000.000000,5000.000000,5000.000000,5000.000000,5000.000000,5000.000000,5000.000000,5000.000000,5000.000000,5000.000000,5000.000000,5000.000000,5000.000000,5000.000000,5000.000000,5000.000000,5000.000000,5000.000000,5000.000000,5000.000000,5000.000000,5000.000000,5000.000000,5000.000000,5000.000000,5000.000000,5000.000000,5000.000000,5000.000000,5000.000000,5000.000000,
5000.000000,5000.000000,5000.000000,5000.000000,5000.000000,5000.000000,5000.000000,5000.000000,5000.000000,5000.000000,5000.000000,5000.000000,5000.000000,5000.000000,5000.000000,5000.000000,5000.000000,5000.000000,5000.000000,5000.000000,5000.000000,5000.000000,5000.000000,5000.000000,5000.000000,5000.000000,5000.000000,5000.000000,5000.000000,5000.000000,5000.000000,5000.000000,5000.000000,5000.000000,5000.000000,5000.000000,5000.000000,5000.000000,5000.000000,5000.000000,
1352.000000,5000.000000,5000.000000,5000.000000,5000.000000,5000.000000,5000.000000,5000.000000,5000.000000,5000.000000,5000.000000,5000.000000,5000.000000,5000.000000,5000.000000,5000.000000,5000.000000,5000.000000,5000.000000,5000.000000,5000.000000,5000.000000,5000.000000,5000.000000,5000.000000,5000.000000,5000.000000,5000.000000,5000.000000,5000.000000,5000.000000,5000.000000,5000.000000,5000.000000,5000.000000,5000.000000,5000.000000,5000.000000,5000.000000,5000.000000,
2001.000000,5000.000000,5000.000000,5000.000000,5000.000000,5000.000000,5000.000000,5000.000000,5000.000000,5000.000000,5000.000000,5000.000000,5000.000000,5000.000000,5000.000000,5000.000000,5000.000000,5000.000000,5000.000000,5000.000000,5000.000000,5000.000000,5000.000000,5000.000000,5000.000000,5000.000000,5000.000000,5000.000000,5000.000000,5000.000000,5000.000000,5000.000000,5000.000000,5000.000000,5000.000000,5000.000000,5000.000000,5000.000000,5000.000000,5000.000000,
5000.000000,5000.000000,5000.000000,5000.000000,5000.000000,5000.000000,5000.000000,5000.000000,5000.000000,5000.000000,5000.000000,5000.000000,5000.000000,5000.000000,5000.000000,5000.000000,5000.000000,5000.000000,5000.000000,5000.000000,5000.000000,5000.000000,5000.000000,5000.000000,5000.000000,5000.000000,5000.000000,5000.000000,5000.000000,5000.000000,5000.000000,5000.000000,5000.000000,5000.000000,5000.000000,5000.000000,5000.000000,5000.000000,5000.000000,5000.000000,
5000.000000,5000.000000,5000.000000,5000.000000,5000.000000,5000.000000,5000.000000,5000.000000,5000.000000,5000.000000,5000.000000,5000.000000,5000.000000,5000.000000,5000.000000,5000.000000,5000.000000,5000.000000,5000.000000,5000.000000,5000.000000,5000.000000,5000.000000,5000.000000,5000.000000,5000.000000,5000.000000,5000.000000,5000.000000,5000.000000,5000.000000,5000.000000,5000.000000,5000.000000,5000.000000,5000.000000,5000.000000,5000.000000,5000.000000,5000.000000,
5000.000000,5000.000000,5000.000000,5000.000000,5000.000000,5000.000000,5000.000000,5000.000000,5000.000000,5000.000000,5000.000000,5000.000000,5000.000000,5000.000000,5000.000000,5000.000000,5000.000000,5000.000000,5000.000000,5000.000000,5000.000000,5000.000000,5000.000000,5000.000000,5000.000000,5000.000000,5000.000000,5000.000000,5000.000000,5000.000000,5000.000000,5000.000000,5000.000000,5000.000000,5000.000000,5000.000000,5000.000000,5000.000000,5000.000000,5000.000000,
5000.000000,5000.000000,5000.000000,5000.000000,5000.000000,5000.000000,5000.000000,5000.000000,5000.000000,5000.000000,5000.000000,5000.000000,5000.000000,5000.000000,5000.000000,5000.000000,5000.000000,5000.000000,5000.000000,5000.000000,5000.000000,5000.000000,5000.000000,5000.000000,5000.000000,5000.000000,5000.000000,5000.000000,5000.000000,5000.000000,5000.000000,5000.000000,5000.000000,5000.000000,5000.000000,5000.000000,5000.000000,5000.000000,5000.000000,5000.000000,
5000.000000,5000.000000,5000.000000,5000.000000,5000.000000,5000.000000,5000.000000,5000.000000,5000.000000,5000.000000,5000.000000,5000.000000,5000.000000,5000.000000,5000.000000,5000.000000,5000.000000,5000.000000,5000.000000,5000.000000,5000.000000,5000.000000,5000.000000,5000.000000,5000.000000,5000.000000,5000.000000,5000.000000,5000.000000,5000.000000,5000.000000,5000.000000,5000.000000,5000.000000,5000.000000,5000.000000,5000.000000,5000.000000,5000.000000,5000.000000,
5000.000000,5000.000000,5000.000000,5000.000000,5000.000000,5000.000000,5000.000000,5000.000000,5000.000000,5000.000000,5000.000000,5000.000000,5000.000000,5000.000000,5000.000000,5000.000000,5000.000000,5000.000000,5000.000000,5000.000000,5000.000000,5000.000000,5000.000000,5000.000000,5000.000000,5000.000000,5000.000000,5000.000000,5000.000000,5000.000000,5000.000000,5000.000000,5000.000000,5000.000000,5000.000000,5000.000000,5000.000000,5000.000000,5000.000000,5000.000000,
5000.000000,5000.000000,5000.000000,5000.000000,5000.000000,5000.000000,5000.000000,5000.000000,5000.000000,5000.000000,5000.000000,5000.000000,5000.000000,5000.000000,5000.000000,5000.000000,5000.000000,5000.000000,5000.000000,5000.000000,5000.000000,5000.000000,5000.000000,5000.000000,5000.000000,5000.000000,5000.000000,5000.000000,5000.000000,5000.000000,5000.000000,5000.000000,5000.000000,5000.000000,5000.000000,5000.000000,5000.000000,5000.000000,5000.000000,5000.000000,
3336.000000,5000.000000,5000.000000,5000.000000,5000.000000,5000.000000,5000.000000,5000.000000,5000.000000,5000.000000,5000.000000,5000.000000,5000.000000,5000.000000,5000.000000,5000.000000,5000.000000,5000.000000,5000.000000,5000.000000,5000.000000,5000.000000,5000.000000,5000.000000,5000.000000,5000.000000,5000.000000,5000.000000,5000.000000,5000.000000,5000.000000,5000.000000,5000.000000,5000.000000,5000.000000,5000.000000,5000.000000,5000.000000,5000.000000,5000.000000,
2184.000000,2548.000000,3025.000000,5000.000000,5000.000000,5000.000000,5000.000000,5000.000000,5000.000000,5000.000000,5000.000000,5000.000000,5000.000000,5000.000000,5000.000000,5000.000000,5000.000000,5000.000000,5000.000000,5000.000000,5000.000000,5000.000000,5000.000000,5000.000000,5000.000000,5000.000000,5000.000000,5000.000000,5000.000000,5000.000000,5000.000000,5000.000000,5000.000000,5000.000000,5000.000000,5000.000000,5000.000000,5000.000000,5000.000000,5000.000000,
5000.000000,5000.000000,5000.000000,5000.000000,5000.000000,5000.000000,5000.000000,5000.000000,5000.000000,5000.000000,5000.000000,5000.000000,5000.000000,5000.000000,5000.000000,5000.000000,5000.000000,5000.000000,5000.000000,5000.000000,5000.000000,5000.000000,5000.000000,5000.000000,5000.000000,5000.000000,5000.000000,5000.000000,5000.000000,5000.000000,5000.000000,5000.000000,5000.000000,5000.000000,5000.000000,5000.000000,5000.000000,5000.000000,5000.000000,5000.000000,
4123.000000,4375.000000,5000.000000,5000.000000,5000.000000,5000.000000,5000.000000,5000.000000,5000.000000,5000.000000,5000.000000,5000.000000,5000.000000,5000.000000,5000.000000,5000.000000,5000.000000,5000.000000,5000.000000,5000.000000,5000.000000,5000.000000,5000.000000,5000.000000,5000.000000,5000.000000,5000.000000,5000.000000,5000.000000,5000.000000,5000.000000,5000.000000,5000.000000,5000.000000,5000.000000,5000.000000,5000.000000,5000.000000,5000.000000,5000.000000,
5000.000000,5000.000000,5000.000000,5000.000000,5000.000000,5000.000000,5000.000000,5000.000000,5000.000000,5000.000000,5000.000000,5000.000000,5000.000000,5000.000000,5000.000000,5000.000000,5000.000000,5000.000000,5000.000000,5000.000000,5000.000000,5000.000000,5000.000000,5000.000000,5000.000000,5000.000000,5000.000000,5000.000000,5000.000000,5000.000000,5000.000000,5000.000000,5000.000000,5000.000000,5000.000000,5000.000000,5000.000000,5000.000000,5000.000000,5000.000000,
5000.000000,5000.000000,5000.000000,5000.000000,5000.000000,5000.000000,5000.000000,5000.000000,5000.000000,5000.000000,5000.000000,5000.000000,5000.000000,5000.000000,5000.000000,5000.000000,5000.000000,5000.000000,5000.000000,5000.000000,5000.000000,5000.000000,5000.000000,5000.000000,5000.000000,5000.000000,5000.000000,5000.000000,5000.000000,5000.000000,5000.000000,5000.000000,5000.000000,5000.000000,5000.000000,5000.000000,5000.000000,5000.000000,5000.000000,5000.000000,
5000.000000,5000.000000,5000.000000,5000.000000,5000.000000,5000.000000,5000.000000,5000.000000,5000.000000,5000.000000,5000.000000,5000.000000,5000.000000,5000.000000,5000.000000,5000.000000,5000.000000,5000.000000,5000.000000,5000.000000,5000.000000,5000.000000,5000.000000,5000.000000,5000.000000,5000.000000,5000.000000,5000.000000,5000.000000,5000.000000,5000.000000,5000.000000,5000.000000,5000.000000,5000.000000,5000.000000,5000.000000,5000.000000,5000.000000,5000.000000,
5000.000000,5000.000000,5000.000000,5000.000000,5000.000000,5000.000000,5000.000000,5000.000000,5000.000000,5000.000000,5000.000000,5000.000000,5000.000000,5000.000000,5000.000000,5000.000000,5000.000000,5000.000000,5000.000000,5000.000000,5000.000000,5000.000000,5000.000000,5000.000000,5000.000000,5000.000000,5000.000000,5000.000000,5000.000000,5000.000000,5000.000000,5000.000000,5000.000000,5000.000000,5000.000000,5000.000000,5000.000000,5000.000000,5000.000000,5000.000000,
5000.000000,5000.000000,5000.000000,5000.000000,5000.000000,5000.000000,5000.000000,5000.000000,5000.000000,5000.000000,5000.000000,5000.000000,5000.000000,5000.000000,5000.000000,5000.000000,5000.000000,5000.000000,5000.000000,5000.000000,5000.000000,5000.000000,5000.000000,5000.000000,5000.000000,5000.000000,5000.000000,5000.000000,5000.000000,5000.000000,5000.000000,5000.000000,5000.000000,5000.000000,5000.000000,5000.000000,5000.000000,5000.000000,5000.000000,5000.000000,
5000.000000,5000.000000,5000.000000,5000.000000,5000.000000,5000.000000,5000.000000,5000.000000,5000.000000,5000.000000,5000.000000,5000.000000,5000.000000,5000.000000,5000.000000,5000.000000,5000.000000,5000.000000,5000.000000,5000.000000,5000.000000,5000.000000,5000.000000,5000.000000,5000.000000,5000.000000,5000.000000,5000.000000,5000.000000,5000.000000,5000.000000,5000.000000,5000.000000,5000.000000,5000.000000,5000.000000,5000.000000,5000.000000,5000.000000,5000.000000,
5000.000000,5000.000000,5000.000000,5000.000000,5000.000000,5000.000000,5000.000000,5000.000000,5000.000000,5000.000000,5000.000000,5000.000000,5000.000000,5000.000000,5000.000000,5000.000000,5000.000000,5000.000000,5000.000000,5000.000000,5000.000000,5000.000000,5000.000000,5000.000000,5000.000000,5000.000000,5000.000000,5000.000000,5000.000000,5000.000000,5000.000000,5000.000000,5000.000000,5000.000000,5000.000000,5000.000000,5000.000000,5000.000000,5000.000000,5000.000000,
2.000000,5000.000000,5000.000000,5000.000000,5000.000000,5000.000000,5000.000000,5000.000000,5000.000000,5000.000000,5000.000000,5000.000000,5000.000000,5000.000000,5000.000000,5000.000000,5000.000000,5000.000000,5000.000000,5000.000000,5000.000000,5000.000000,5000.000000,5000.000000,5000.000000,5000.000000,5000.000000,5000.000000,5000.000000,5000.000000,5000.000000,5000.000000,5000.000000,5000.000000,5000.000000,5000.000000,5000.000000,5000.000000,5000.000000,5000.000000,
5000.000000,5000.000000,5000.000000,5000.000000,5000.000000,5000.000000,5000.000000,5000.000000,5000.000000,5000.000000,5000.000000,5000.000000,5000.000000,5000.000000,5000.000000,5000.000000,5000.000000,5000.000000,5000.000000,5000.000000,5000.000000,5000.000000,5000.000000,5000.000000,5000.000000,5000.000000,5000.000000,5000.000000,5000.000000,5000.000000,5000.000000,5000.000000,5000.000000,5000.000000,5000.000000,5000.000000,5000.000000,5000.000000,5000.000000,5000.000000,
2.000000,5000.000000,5000.000000,5000.000000,5000.000000,5000.000000,5000.000000,5000.000000,5000.000000,5000.000000,5000.000000,5000.000000,5000.000000,5000.000000,5000.000000,5000.000000,5000.000000,5000.000000,5000.000000,5000.000000,5000.000000,5000.000000,5000.000000,5000.000000,5000.000000,5000.000000,5000.000000,5000.000000,5000.000000,5000.000000,5000.000000,5000.000000,5000.000000,5000.000000,5000.000000,5000.000000,5000.000000,5000.000000,5000.000000,5000.000000,
912.000000,5000.000000,5000.000000,5000.000000,5000.000000,5000.000000,5000.000000,5000.000000,5000.000000,5000.000000,5000.000000,5000.000000,5000.000000,5000.000000,5000.000000,5000.000000,5000.000000,5000.000000,5000.000000,5000.000000,5000.000000,5000.000000,5000.000000,5000.000000,5000.000000,5000.000000,5000.000000,5000.000000,5000.000000,5000.000000,5000.000000,5000.000000,5000.000000,5000.000000,5000.000000,5000.000000,5000.000000,5000.000000,5000.000000,5000.000000,
5000.000000,5000.000000,5000.000000,5000.000000,5000.000000,5000.000000,5000.000000,5000.000000,5000.000000,5000.000000,5000.000000,5000.000000,5000.000000,5000.000000,5000.000000,5000.000000,5000.000000,5000.000000,5000.000000,5000.000000,5000.000000,5000.000000,5000.000000,5000.000000,5000.000000,5000.000000,5000.000000,5000.000000,5000.000000,5000.000000,5000.000000,5000.000000,5000.000000,5000.000000,5000.000000,5000.000000,5000.000000,5000.000000,5000.000000,5000.000000,
5000.000000,5000.000000,5000.000000,5000.000000,5000.000000,5000.000000,5000.000000,5000.000000,5000.000000,5000.000000,5000.000000,5000.000000,5000.000000,5000.000000,5000.000000,5000.000000,5000.000000,5000.000000,5000.000000,5000.000000,5000.000000,5000.000000,5000.000000,5000.000000,5000.000000,5000.000000,5000.000000,5000.000000,5000.000000,5000.000000,5000.000000,5000.000000,5000.000000,5000.000000,5000.000000,5000.000000,5000.000000,5000.000000,5000.000000,5000.000000,
5000.000000,5000.000000,5000.000000,5000.000000,5000.000000,5000.000000,5000.000000,5000.000000,5000.000000,5000.000000,5000.000000,5000.000000,5000.000000,5000.000000,5000.000000,5000.000000,5000.000000,5000.000000,5000.000000,5000.000000,5000.000000,5000.000000,5000.000000,5000.000000,5000.000000,5000.000000,5000.000000,5000.000000,5000.000000,5000.000000,5000.000000,5000.000000,5000.000000,5000.000000,5000.000000,5000.000000,5000.000000,5000.000000,5000.000000,5000.000000,
5000.000000,5000.000000,5000.000000,5000.000000,5000.000000,5000.000000,5000.000000,5000.000000,5000.000000,5000.000000,5000.000000,5000.000000,5000.000000,5000.000000,5000.000000,5000.000000,5000.000000,5000.000000,5000.000000,5000.000000,5000.000000,5000.000000,5000.000000,5000.000000,5000.000000,5000.000000,5000.000000,5000.000000,5000.000000,5000.000000,5000.000000,5000.000000,5000.000000,5000.000000,5000.000000,5000.000000,5000.000000,5000.000000,5000.000000,5000.000000,
5000.000000,5000.000000,5000.000000,5000.000000,5000.000000,5000.000000,5000.000000,5000.000000,5000.000000,5000.000000,5000.000000,5000.000000,5000.000000,5000.000000,5000.000000,5000.000000,5000.000000,5000.000000,5000.000000,5000.000000,5000.000000,5000.000000,5000.000000,5000.000000,5000.000000,5000.000000,5000.000000,5000.000000,5000.000000,5000.000000,5000.000000,5000.000000,5000.000000,5000.000000,5000.000000,5000.000000,5000.000000,5000.000000,5000.000000,5000.000000,
5000.000000,5000.000000,5000.000000,5000.000000,5000.000000,5000.000000,5000.000000,5000.000000,5000.000000,5000.000000,5000.000000,5000.000000,5000.000000,5000.000000,5000.000000,5000.000000,5000.000000,5000.000000,5000.000000,5000.000000,5000.000000,5000.000000,5000.000000,5000.000000,5000.000000,5000.000000,5000.000000,5000.000000,5000.000000,5000.000000,5000.000000,5000.000000,5000.000000,5000.000000,5000.000000,5000.000000,5000.000000,5000.000000,5000.000000,5000.000000,
5000.000000,5000.000000,5000.000000,5000.000000,5000.000000,5000.000000,5000.000000,5000.000000,5000.000000,5000.000000,5000.000000,5000.000000,5000.000000,5000.000000,5000.000000,5000.000000,5000.000000,5000.000000,5000.000000,5000.000000,5000.000000,5000.000000,5000.000000,5000.000000,5000.000000,5000.000000,5000.000000,5000.000000,5000.000000,5000.000000,5000.000000,5000.000000,5000.000000,5000.000000,5000.000000,5000.000000,5000.000000,5000.000000,5000.000000,5000.000000,
4108.000000,5000.000000,5000.000000,5000.000000,5000.000000,5000.000000,5000.000000,5000.000000,5000.000000,5000.000000,5000.000000,5000.000000,5000.000000,5000.000000,5000.000000,5000.000000,5000.000000,5000.000000,5000.000000,5000.000000,5000.000000,5000.000000,5000.000000,5000.000000,5000.000000,5000.000000,5000.000000,5000.000000,5000.000000,5000.000000,5000.000000,5000.000000,5000.000000,5000.000000,5000.000000,5000.000000,5000.000000,5000.000000,5000.000000,5000.000000,
5000.000000,5000.000000,5000.000000,5000.000000,5000.000000,5000.000000,5000.000000,5000.000000,5000.000000,5000.000000,5000.000000,5000.000000,5000.000000,5000.000000,5000.000000,5000.000000,5000.000000,5000.000000,5000.000000,5000.000000,5000.000000,5000.000000,5000.000000,5000.000000,5000.000000,5000.000000,5000.000000,5000.000000,5000.000000,5000.000000,5000.000000,5000.000000,5000.000000,5000.000000,5000.000000,5000.000000,5000.000000,5000.000000,5000.000000,5000.000000,
1119.000000,5000.000000,5000.000000,5000.000000,5000.000000,5000.000000,5000.000000,5000.000000,5000.000000,5000.000000,5000.000000,5000.000000,5000.000000,5000.000000,5000.000000,5000.000000,5000.000000,5000.000000,5000.000000,5000.000000,5000.000000,5000.000000,5000.000000,5000.000000,5000.000000,5000.000000,5000.000000,5000.000000,5000.000000,5000.000000,5000.000000,5000.000000,5000.000000,5000.000000,5000.000000,5000.000000,5000.000000,5000.000000,5000.000000,5000.000000,
3088.000000,5000.000000,5000.000000,5000.000000,5000.000000,5000.000000,5000.000000,5000.000000,5000.000000,5000.000000,5000.000000,5000.000000,5000.000000,5000.000000,5000.000000,5000.000000,5000.000000,5000.000000,5000.000000,5000.000000,5000.000000,5000.000000,5000.000000,5000.000000,5000.000000,5000.000000,5000.000000,5000.000000,5000.000000,5000.000000,5000.000000,5000.000000,5000.000000,5000.000000,5000.000000,5000.000000,5000.000000,5000.000000,5000.000000,5000.000000,
5000.000000,5000.000000,5000.000000,5000.000000,5000.000000,5000.000000,5000.000000,5000.000000,5000.000000,5000.000000,5000.000000,5000.000000,5000.000000,5000.000000,5000.000000,5000.000000,5000.000000,5000.000000,5000.000000,5000.000000,5000.000000,5000.000000,5000.000000,5000.000000,5000.000000,5000.000000,5000.000000,5000.000000,5000.000000,5000.000000,5000.000000,5000.000000,5000.000000,5000.000000,5000.000000,5000.000000,5000.000000,5000.000000,5000.000000,5000.000000,
5000.000000,5000.000000,5000.000000,5000.000000,5000.000000,5000.000000,5000.000000,5000.000000,5000.000000,5000.000000,5000.000000,5000.000000,5000.000000,5000.000000,5000.000000,5000.000000,5000.000000,5000.000000,5000.000000,5000.000000,5000.000000,5000.000000,5000.000000,5000.000000,5000.000000,5000.000000,5000.000000,5000.000000,5000.000000,5000.000000,5000.000000,5000.000000,5000.000000,5000.000000,5000.000000,5000.000000,5000.000000,5000.000000,5000.000000,5000.000000,
5000.000000,5000.000000,5000.000000,5000.000000,5000.000000,5000.000000,5000.000000,5000.000000,5000.000000,5000.000000,5000.000000,5000.000000,5000.000000,5000.000000,5000.000000,5000.000000,5000.000000,5000.000000,5000.000000,5000.000000,5000.000000,5000.000000,5000.000000,5000.000000,5000.000000,5000.000000,5000.000000,5000.000000,5000.000000,5000.000000,5000.000000,5000.000000,5000.000000,5000.000000,5000.000000,5000.000000,5000.000000,5000.000000,5000.000000,5000.000000,
5000.000000,5000.000000,5000.000000,5000.000000,5000.000000,5000.000000,5000.000000,5000.000000,5000.000000,5000.000000,5000.000000,5000.000000,5000.000000,5000.000000,5000.000000,5000.000000,5000.000000,5000.000000,5000.000000,5000.000000,5000.000000,5000.000000,5000.000000,5000.000000,5000.000000,5000.000000,5000.000000,5000.000000,5000.000000,5000.000000,5000.000000,5000.000000,5000.000000,5000.000000,5000.000000,5000.000000,5000.000000,5000.000000,5000.000000,5000.000000,
5000.000000,5000.000000,5000.000000,5000.000000,5000.000000,5000.000000,5000.000000,5000.000000,5000.000000,5000.000000,5000.000000,5000.000000,5000.000000,5000.000000,5000.000000,5000.000000,5000.000000,5000.000000,5000.000000,5000.000000,5000.000000,5000.000000,5000.000000,5000.000000,5000.000000,5000.000000,5000.000000,5000.000000,5000.000000,5000.000000,5000.000000,5000.000000,5000.000000,5000.000000,5000.000000,5000.000000,5000.000000,5000.000000,5000.000000,5000.000000,
5000.000000,5000.000000,5000.000000,5000.000000,5000.000000,5000.000000,5000.000000,5000.000000,5000.000000,5000.000000,5000.000000,5000.000000,5000.000000,5000.000000,5000.000000,5000.000000,5000.000000,5000.000000,5000.000000,5000.000000,5000.000000,5000.000000,5000.000000,5000.000000,5000.000000,5000.000000,5000.000000,5000.000000,5000.000000,5000.000000,5000.000000,5000.000000,5000.000000,5000.000000,5000.000000,5000.000000,5000.000000,5000.000000,5000.000000,5000.000000,
5000.000000,5000.000000,5000.000000,5000.000000,5000.000000,5000.000000,5000.000000,5000.000000,5000.000000,5000.000000,5000.000000,5000.000000,5000.000000,5000.000000,5000.000000,5000.000000,5000.000000,5000.000000,5000.000000,5000.000000,5000.000000,5000.000000,5000.000000,5000.000000,5000.000000,5000.000000,5000.000000,5000.000000,5000.000000,5000.000000,5000.000000,5000.000000,5000.000000,5000.000000,5000.000000,5000.000000,5000.000000,5000.000000,5000.000000,5000.000000,
5000.000000,5000.000000,5000.000000,5000.000000,5000.000000,5000.000000,5000.000000,5000.000000,5000.000000,5000.000000,5000.000000,5000.000000,5000.000000,5000.000000,5000.000000,5000.000000,5000.000000,5000.000000,5000.000000,5000.000000,5000.000000,5000.000000,5000.000000,5000.000000,5000.000000,5000.000000,5000.000000,5000.000000,5000.000000,5000.000000,5000.000000,5000.000000,5000.000000,5000.000000,5000.000000,5000.000000,5000.000000,5000.000000,5000.000000,5000.000000,
5000.000000,5000.000000,5000.000000,5000.000000,5000.000000,5000.000000,5000.000000,5000.000000,5000.000000,5000.000000,5000.000000,5000.000000,5000.000000,5000.000000,5000.000000,5000.000000,5000.000000,5000.000000,5000.000000,5000.000000,5000.000000,5000.000000,5000.000000,5000.000000,5000.000000,5000.000000,5000.000000,5000.000000,5000.000000,5000.000000,5000.000000,5000.000000,5000.000000,5000.000000,5000.000000,5000.000000,5000.000000,5000.000000,5000.000000,5000.000000,
5000.000000,5000.000000,5000.000000,5000.000000,5000.000000,5000.000000,5000.000000,5000.000000,5000.000000,5000.000000,5000.000000,5000.000000,5000.000000,5000.000000,5000.000000,5000.000000,5000.000000,5000.000000,5000.000000,5000.000000,5000.000000,5000.000000,5000.000000,5000.000000,5000.000000,5000.000000,5000.000000,5000.000000,5000.000000,5000.000000,5000.000000,5000.000000,5000.000000,5000.000000,5000.000000,5000.000000,5000.000000,5000.000000,5000.000000,5000.000000,
5000.000000,5000.000000,5000.000000,5000.000000,5000.000000,5000.000000,5000.000000,5000.000000,5000.000000,5000.000000,5000.000000,5000.000000,5000.000000,5000.000000,5000.000000,5000.000000,5000.000000,5000.000000,5000.000000,5000.000000,5000.000000,5000.000000,5000.000000,5000.000000,5000.000000,5000.000000,5000.000000,5000.000000,5000.000000,5000.000000,5000.000000,5000.000000,5000.000000,5000.000000,5000.000000,5000.000000,5000.000000,5000.000000,5000.000000,5000.000000,
5000.000000,5000.000000,5000.000000,5000.000000,5000.000000,5000.000000,5000.000000,5000.000000,5000.000000,5000.000000,5000.000000,5000.000000,5000.000000,5000.000000,5000.000000,5000.000000,5000.000000,5000.000000,5000.000000,5000.000000,5000.000000,5000.000000,5000.000000,5000.000000,5000.000000,5000.000000,5000.000000,5000.000000,5000.000000,5000.000000,5000.000000,5000.000000,5000.000000,5000.000000,5000.000000,5000.000000,5000.000000,5000.000000,5000.000000,5000.000000,
5000.000000,5000.000000,5000.000000,5000.000000,5000.000000,5000.000000,5000.000000,5000.000000,5000.000000,5000.000000,5000.000000,5000.000000,5000.000000,5000.000000,5000.000000,5000.000000,5000.000000,5000.000000,5000.000000,5000.000000,5000.000000,5000.000000,5000.000000,5000.000000,5000.000000,5000.000000,5000.000000,5000.000000,5000.000000,5000.000000,5000.000000,5000.000000,5000.000000,5000.000000,5000.000000,5000.000000,5000.000000,5000.000000,5000.000000,5000.000000,
5000.000000,5000.000000,5000.000000,5000.000000,5000.000000,5000.000000,5000.000000,5000.000000,5000.000000,5000.000000,5000.000000,5000.000000,5000.000000,5000.000000,5000.000000,5000.000000,5000.000000,5000.000000,5000.000000,5000.000000,5000.000000,5000.000000,5000.000000,5000.000000,5000.000000,5000.000000,5000.000000,5000.000000,5000.000000,5000.000000,5000.000000,5000.000000,5000.000000,5000.000000,5000.000000,5000.000000,5000.000000,5000.000000,5000.000000,5000.000000,
5000.000000,5000.000000,5000.000000,5000.000000,5000.000000,5000.000000,5000.000000,5000.000000,5000.000000,5000.000000,5000.000000,5000.000000,5000.000000,5000.000000,5000.000000,5000.000000,5000.000000,5000.000000,5000.000000,5000.000000,5000.000000,5000.000000,5000.000000,5000.000000,5000.000000,5000.000000,5000.000000,5000.000000,5000.000000,5000.000000,5000.000000,5000.000000,5000.000000,5000.000000,5000.000000,5000.000000,5000.000000,5000.000000,5000.000000,5000.000000,
5000.000000,5000.000000,5000.000000,5000.000000,5000.000000,5000.000000,5000.000000,5000.000000,5000.000000,5000.000000,5000.000000,5000.000000,5000.000000,5000.000000,5000.000000,5000.000000,5000.000000,5000.000000,5000.000000,5000.000000,5000.000000,5000.000000,5000.000000,5000.000000,5000.000000,5000.000000,5000.000000,5000.000000,5000.000000,5000.000000,5000.000000,5000.000000,5000.000000,5000.000000,5000.000000,5000.000000,5000.000000,5000.000000,5000.000000,5000.000000,
5000.000000,5000.000000,5000.000000,5000.000000,5000.000000,5000.000000,5000.000000,5000.000000,5000.000000,5000.000000,5000.000000,5000.000000,5000.000000,5000.000000,5000.000000,5000.000000,5000.000000,5000.000000,5000.000000,5000.000000,5000.000000,5000.000000,5000.000000,5000.000000,5000.000000,5000.000000,5000.000000,5000.000000,5000.000000,5000.000000,5000.000000,5000.000000,5000.000000,5000.000000,5000.000000,5000.000000,5000.000000,5000.000000,5000.000000,5000.000000,
840.000000,5000.000000,5000.000000,5000.000000,5000.000000,5000.000000,5000.000000,5000.000000,5000.000000,5000.000000,5000.000000,5000.000000,5000.000000,5000.000000,5000.000000,5000.000000,5000.000000,5000.000000,5000.000000,5000.000000,5000.000000,5000.000000,5000.000000,5000.000000,5000.000000,5000.000000,5000.000000,5000.000000,5000.000000,5000.000000,5000.000000,5000.000000,5000.000000,5000.000000,5000.000000,5000.000000,5000.000000,5000.000000,5000.000000,5000.000000,
5000.000000,5000.000000,5000.000000,5000.000000,5000.000000,5000.000000,5000.000000,5000.000000,5000.000000,5000.000000,5000.000000,5000.000000,5000.000000,5000.000000,5000.000000,5000.000000,5000.000000,5000.000000,5000.000000,5000.000000,5000.000000,5000.000000,5000.000000,5000.000000,5000.000000,5000.000000,5000.000000,5000.000000,5000.000000,5000.000000,5000.000000,5000.000000,5000.000000,5000.000000,5000.000000,5000.000000,5000.000000,5000.000000,5000.000000,5000.000000,
5000.000000,5000.000000,5000.000000,5000.000000,5000.000000,5000.000000,5000.000000,5000.000000,5000.000000,5000.000000,5000.000000,5000.000000,5000.000000,5000.000000,5000.000000,5000.000000,5000.000000,5000.000000,5000.000000,5000.000000,5000.000000,5000.000000,5000.000000,5000.000000,5000.000000,5000.000000,5000.000000,5000.000000,5000.000000,5000.000000,5000.000000,5000.000000,5000.000000,5000.000000,5000.000000,5000.000000,5000.000000,5000.000000,5000.000000,5000.000000,
5000.000000,5000.000000,5000.000000,5000.000000,5000.000000,5000.000000,5000.000000,5000.000000,5000.000000,5000.000000,5000.000000,5000.000000,5000.000000,5000.000000,5000.000000,5000.000000,5000.000000,5000.000000,5000.000000,5000.000000,5000.000000,5000.000000,5000.000000,5000.000000,5000.000000,5000.000000,5000.000000,5000.000000,5000.000000,5000.000000,5000.000000,5000.000000,5000.000000,5000.000000,5000.000000,5000.000000,5000.000000,5000.000000,5000.000000,5000.000000,
4399.000000,5000.000000,5000.000000,5000.000000,5000.000000,5000.000000,5000.000000,5000.000000,5000.000000,5000.000000,5000.000000,5000.000000,5000.000000,5000.000000,5000.000000,5000.000000,5000.000000,5000.000000,5000.000000,5000.000000,5000.000000,5000.000000,5000.000000,5000.000000,5000.000000,5000.000000,5000.000000,5000.000000,5000.000000,5000.000000,5000.000000,5000.000000,5000.000000,5000.000000,5000.000000,5000.000000,5000.000000,5000.000000,5000.000000,5000.000000,
5000.000000,5000.000000,5000.000000,5000.000000,5000.000000,5000.000000,5000.000000,5000.000000,5000.000000,5000.000000,5000.000000,5000.000000,5000.000000,5000.000000,5000.000000,5000.000000,5000.000000,5000.000000,5000.000000,5000.000000,5000.000000,5000.000000,5000.000000,5000.000000,5000.000000,5000.000000,5000.000000,5000.000000,5000.000000,5000.000000,5000.000000,5000.000000,5000.000000,5000.000000,5000.000000,5000.000000,5000.000000,5000.000000,5000.000000,5000.000000,
5000.000000,5000.000000,5000.000000,5000.000000,5000.000000,5000.000000,5000.000000,5000.000000,5000.000000,5000.000000,5000.000000,5000.000000,5000.000000,5000.000000,5000.000000,5000.000000,5000.000000,5000.000000,5000.000000,5000.000000,5000.000000,5000.000000,5000.000000,5000.000000,5000.000000,5000.000000,5000.000000,5000.000000,5000.000000,5000.000000,5000.000000,5000.000000,5000.000000,5000.000000,5000.000000,5000.000000,5000.000000,5000.000000,5000.000000,5000.000000,
5000.000000,5000.000000,5000.000000,5000.000000,5000.000000,5000.000000,5000.000000,5000.000000,5000.000000,5000.000000,5000.000000,5000.000000,5000.000000,5000.000000,5000.000000,5000.000000,5000.000000,5000.000000,5000.000000,5000.000000,5000.000000,5000.000000,5000.000000,5000.000000,5000.000000,5000.000000,5000.000000,5000.000000,5000.000000,5000.000000,5000.000000,5000.000000,5000.000000,5000.000000,5000.000000,5000.000000,5000.000000,5000.000000,5000.000000,5000.000000,
5000.000000,5000.000000,5000.000000,5000.000000,5000.000000,5000.000000,5000.000000,5000.000000,5000.000000,5000.000000,5000.000000,5000.000000,5000.000000,5000.000000,5000.000000,5000.000000,5000.000000,5000.000000,5000.000000,5000.000000,5000.000000,5000.000000,5000.000000,5000.000000,5000.000000,5000.000000,5000.000000,5000.000000,5000.000000,5000.000000,5000.000000,5000.000000,5000.000000,5000.000000,5000.000000,5000.000000,5000.000000,5000.000000,5000.000000,5000.000000,
3160.000000,5000.000000,5000.000000,5000.000000,5000.000000,5000.000000,5000.000000,5000.000000,5000.000000,5000.000000,5000.000000,5000.000000,5000.000000,5000.000000,5000.000000,5000.000000,5000.000000,5000.000000,5000.000000,5000.000000,5000.000000,5000.000000,5000.000000,5000.000000,5000.000000,5000.000000,5000.000000,5000.000000,5000.000000,5000.000000,5000.000000,5000.000000,5000.000000,5000.000000,5000.000000,5000.000000,5000.000000,5000.000000,5000.000000,5000.000000,
5000.000000,5000.000000,5000.000000,5000.000000,5000.000000,5000.000000,5000.000000,5000.000000,5000.000000,5000.000000,5000.000000,5000.000000,5000.000000,5000.000000,5000.000000,5000.000000,5000.000000,5000.000000,5000.000000,5000.000000,5000.000000,5000.000000,5000.000000,5000.000000,5000.000000,5000.000000,5000.000000,5000.000000,5000.000000,5000.000000,5000.000000,5000.000000,5000.000000,5000.000000,5000.000000,5000.000000,5000.000000,5000.000000,5000.000000,5000.000000,
2.000000,5000.000000,5000.000000,5000.000000,5000.000000,5000.000000,5000.000000,5000.000000,5000.000000,5000.000000,5000.000000,5000.000000,5000.000000,5000.000000,5000.000000,5000.000000,5000.000000,5000.000000,5000.000000,5000.000000,5000.000000,5000.000000,5000.000000,5000.000000,5000.000000,5000.000000,5000.000000,5000.000000,5000.000000,5000.000000,5000.000000,5000.000000,5000.000000,5000.000000,5000.000000,5000.000000,5000.000000,5000.000000,5000.000000,5000.000000,
5000.000000,5000.000000,5000.000000,5000.000000,5000.000000,5000.000000,5000.000000,5000.000000,5000.000000,5000.000000,5000.000000,5000.000000,5000.000000,5000.000000,5000.000000,5000.000000,5000.000000,5000.000000,5000.000000,5000.000000,5000.000000,5000.000000,5000.000000,5000.000000,5000.000000,5000.000000,5000.000000,5000.000000,5000.000000,5000.000000,5000.000000,5000.000000,5000.000000,5000.000000,5000.000000,5000.000000,5000.000000,5000.000000,5000.000000,5000.000000,
5000.000000,5000.000000,5000.000000,5000.000000,5000.000000,5000.000000,5000.000000,5000.000000,5000.000000,5000.000000,5000.000000,5000.000000,5000.000000,5000.000000,5000.000000,5000.000000,5000.000000,5000.000000,5000.000000,5000.000000,5000.000000,5000.000000,5000.000000,5000.000000,5000.000000,5000.000000,5000.000000,5000.000000,5000.000000,5000.000000,5000.000000,5000.000000,5000.000000,5000.000000,5000.000000,5000.000000,5000.000000,5000.000000,5000.000000,5000.000000,
765.000000,5000.000000,5000.000000,5000.000000,5000.000000,5000.000000,5000.000000,5000.000000,5000.000000,5000.000000,5000.000000,5000.000000,5000.000000,5000.000000,5000.000000,5000.000000,5000.000000,5000.000000,5000.000000,5000.000000,5000.000000,5000.000000,5000.000000,5000.000000,5000.000000,5000.000000,5000.000000,5000.000000,5000.000000,5000.000000,5000.000000,5000.000000,5000.000000,5000.000000,5000.000000,5000.000000,5000.000000,5000.000000,5000.000000,5000.000000,
3466.000000,5000.000000,5000.000000,5000.000000,5000.000000,5000.000000,5000.000000,5000.000000,5000.000000,5000.000000,5000.000000,5000.000000,5000.000000,5000.000000,5000.000000,5000.000000,5000.000000,5000.000000,5000.000000,5000.000000,5000.000000,5000.000000,5000.000000,5000.000000,5000.000000,5000.000000,5000.000000,5000.000000,5000.000000,5000.000000,5000.000000,5000.000000,5000.000000,5000.000000,5000.000000,5000.000000,5000.000000,5000.000000,5000.000000,5000.000000,
5000.000000,5000.000000,5000.000000,5000.000000,5000.000000,5000.000000,5000.000000,5000.000000,5000.000000,5000.000000,5000.000000,5000.000000,5000.000000,5000.000000,5000.000000,5000.000000,5000.000000,5000.000000,5000.000000,5000.000000,5000.000000,5000.000000,5000.000000,5000.000000,5000.000000,5000.000000,5000.000000,5000.000000,5000.000000,5000.000000,5000.000000,5000.000000,5000.000000,5000.000000,5000.000000,5000.000000,5000.000000,5000.000000,5000.000000,5000.000000,
5000.000000,5000.000000,5000.000000,5000.000000,5000.000000,5000.000000,5000.000000,5000.000000,5000.000000,5000.000000,5000.000000,5000.000000,5000.000000,5000.000000,5000.000000,5000.000000,5000.000000,5000.000000,5000.000000,5000.000000,5000.000000,5000.000000,5000.000000,5000.000000,5000.000000,5000.000000,5000.000000,5000.000000,5000.000000,5000.000000,5000.000000,5000.000000,5000.000000,5000.000000,5000.000000,5000.000000,5000.000000,5000.000000,5000.000000,5000.000000,
5000.000000,5000.000000,5000.000000,5000.000000,5000.000000,5000.000000,5000.000000,5000.000000,5000.000000,5000.000000,5000.000000,5000.000000,5000.000000,5000.000000,5000.000000,5000.000000,5000.000000,5000.000000,5000.000000,5000.000000,5000.000000,5000.000000,5000.000000,5000.000000,5000.000000,5000.000000,5000.000000,5000.000000,5000.000000,5000.000000,5000.000000,5000.000000,5000.000000,5000.000000,5000.000000,5000.000000,5000.000000,5000.000000,5000.000000,5000.000000,
5000.000000,5000.000000,5000.000000,5000.000000,5000.000000,5000.000000,5000.000000,5000.000000,5000.000000,5000.000000,5000.000000,5000.000000,5000.000000,5000.000000,5000.000000,5000.000000,5000.000000,5000.000000,5000.000000,5000.000000,5000.000000,5000.000000,5000.000000,5000.000000,5000.000000,5000.000000,5000.000000,5000.000000,5000.000000,5000.000000,5000.000000,5000.000000,5000.000000,5000.000000,5000.000000,5000.000000,5000.000000,5000.000000,5000.000000,5000.000000,
5000.000000,5000.000000,5000.000000,5000.000000,5000.000000,5000.000000,5000.000000,5000.000000,5000.000000,5000.000000,5000.000000,5000.000000,5000.000000,5000.000000,5000.000000,5000.000000,5000.000000,5000.000000,5000.000000,5000.000000,5000.000000,5000.000000,5000.000000,5000.000000,5000.000000,5000.000000,5000.000000,5000.000000,5000.000000,5000.000000,5000.000000,5000.000000,5000.000000,5000.000000,5000.000000,5000.000000,5000.000000,5000.000000,5000.000000,5000.000000,
5000.000000,5000.000000,5000.000000,5000.000000,5000.000000,5000.000000,5000.000000,5000.000000,5000.000000,5000.000000,5000.000000,5000.000000,5000.000000,5000.000000,5000.000000,5000.000000,5000.000000,5000.000000,5000.000000,5000.000000,5000.000000,5000.000000,5000.000000,5000.000000,5000.000000,5000.000000,5000.000000,5000.000000,5000.000000,5000.000000,5000.000000,5000.000000,5000.000000,5000.000000,5000.000000,5000.000000,5000.000000,5000.000000,5000.000000,5000.000000,
5000.000000,5000.000000,5000.000000,5000.000000,5000.000000,5000.000000,5000.000000,5000.000000,5000.000000,5000.000000,5000.000000,5000.000000,5000.000000,5000.000000,5000.000000,5000.000000,5000.000000,5000.000000,5000.000000,5000.000000,5000.000000,5000.000000,5000.000000,5000.000000,5000.000000,5000.000000,5000.000000,5000.000000,5000.000000,5000.000000,5000.000000,5000.000000,5000.000000,5000.000000,5000.000000,5000.000000,5000.000000,5000.000000,5000.000000,5000.000000,
5000.000000,5000.000000,5000.000000,5000.000000,5000.000000,5000.000000,5000.000000,5000.000000,5000.000000,5000.000000,5000.000000,5000.000000,5000.000000,5000.000000,5000.000000,5000.000000,5000.000000,5000.000000,5000.000000,5000.000000,5000.000000,5000.000000,5000.000000,5000.000000,5000.000000,5000.000000,5000.000000,5000.000000,5000.000000,5000.000000,5000.000000,5000.000000,5000.000000,5000.000000,5000.000000,5000.000000,5000.000000,5000.000000,5000.000000,5000.000000,
5000.000000,5000.000000,5000.000000,5000.000000,5000.000000,5000.000000,5000.000000,5000.000000,5000.000000,5000.000000,5000.000000,5000.000000,5000.000000,5000.000000,5000.000000,5000.000000,5000.000000,5000.000000,5000.000000,5000.000000,5000.000000,5000.000000,5000.000000,5000.000000,5000.000000,5000.000000,5000.000000,5000.000000,5000.000000,5000.000000,5000.000000,5000.000000,5000.000000,5000.000000,5000.000000,5000.000000,5000.000000,5000.000000,5000.000000,5000.000000,
5000.000000,5000.000000,5000.000000,5000.000000,5000.000000,5000.000000,5000.000000,5000.000000,5000.000000,5000.000000,5000.000000,5000.000000,5000.000000,5000.000000,5000.000000,5000.000000,5000.000000,5000.000000,5000.000000,5000.000000,5000.000000,5000.000000,5000.000000,5000.000000,5000.000000,5000.000000,5000.000000,5000.000000,5000.000000,5000.000000,5000.000000,5000.000000,5000.000000,5000.000000,5000.000000,5000.000000,5000.000000,5000.000000,5000.000000,5000.000000,
5000.000000,5000.000000,5000.000000,5000.000000,5000.000000,5000.000000,5000.000000,5000.000000,5000.000000,5000.000000,5000.000000,5000.000000,5000.000000,5000.000000,5000.000000,5000.000000,5000.000000,5000.000000,5000.000000,5000.000000,5000.000000,5000.000000,5000.000000,5000.000000,5000.000000,5000.000000,5000.000000,5000.000000,5000.000000,5000.000000,5000.000000,5000.000000,5000.000000,5000.000000,5000.000000,5000.000000,5000.000000,5000.000000,5000.000000,5000.000000,
5000.000000,5000.000000,5000.000000,5000.000000,5000.000000,5000.000000,5000.000000,5000.000000,5000.000000,5000.000000,5000.000000,5000.000000,5000.000000,5000.000000,5000.000000,5000.000000,5000.000000,5000.000000,5000.000000,5000.000000,5000.000000,5000.000000,5000.000000,5000.000000,5000.000000,5000.000000,5000.000000,5000.000000,5000.000000,5000.000000,5000.000000,5000.000000,5000.000000,5000.000000,5000.000000,5000.000000,5000.000000,5000.000000,5000.000000,5000.000000,
5000.000000,5000.000000,5000.000000,5000.000000,5000.000000,5000.000000,5000.000000,5000.000000,5000.000000,5000.000000,5000.000000,5000.000000,5000.000000,5000.000000,5000.000000,5000.000000,5000.000000,5000.000000,5000.000000,5000.000000,5000.000000,5000.000000,5000.000000,5000.000000,5000.000000,5000.000000,5000.000000,5000.000000,5000.000000,5000.000000,5000.000000,5000.000000,5000.000000,5000.000000,5000.000000,5000.000000,5000.000000,5000.000000,5000.000000,5000.000000,
5000.000000,5000.000000,5000.000000,5000.000000,5000.000000,5000.000000,5000.000000,5000.000000,5000.000000,5000.000000,5000.000000,5000.000000,5000.000000,5000.000000,5000.000000,5000.000000,5000.000000,5000.000000,5000.000000,5000.000000,5000.000000,5000.000000,5000.000000,5000.000000,5000.000000,5000.000000,5000.000000,5000.000000,5000.000000,5000.000000,5000.000000,5000.000000,5000.000000,5000.000000,5000.000000,5000.000000,5000.000000,5000.000000,5000.000000,5000.000000,
5000.000000,5000.000000,5000.000000,5000.000000,5000.000000,5000.000000,5000.000000,5000.000000,5000.000000,5000.000000,5000.000000,5000.000000,5000.000000,5000.000000,5000.000000,5000.000000,5000.000000,5000.000000,5000.000000,5000.000000,5000.000000,5000.000000,5000.000000,5000.000000,5000.000000,5000.000000,5000.000000,5000.000000,5000.000000,5000.000000,5000.000000,5000.000000,5000.000000,5000.000000,5000.000000,5000.000000,5000.000000,5000.000000,5000.000000,5000.000000,
5000.000000,5000.000000,5000.000000,5000.000000,5000.000000,5000.000000,5000.000000,5000.000000,5000.000000,5000.000000,5000.000000,5000.000000,5000.000000,5000.000000,5000.000000,5000.000000,5000.000000,5000.000000,5000.000000,5000.000000,5000.000000,5000.000000,5000.000000,5000.000000,5000.000000,5000.000000,5000.000000,5000.000000,5000.000000,5000.000000,5000.000000,5000.000000,5000.000000,5000.000000,5000.000000,5000.000000,5000.000000,5000.000000,5000.000000,5000.000000,
5000.000000,5000.000000,5000.000000,5000.000000,5000.000000,5000.000000,5000.000000,5000.000000,5000.000000,5000.000000,5000.000000,5000.000000,5000.000000,5000.000000,5000.000000,5000.000000,5000.000000,5000.000000,5000.000000,5000.000000,5000.000000,5000.000000,5000.000000,5000.000000,5000.000000,5000.000000,5000.000000,5000.000000,5000.000000,5000.000000,5000.000000,5000.000000,5000.000000,5000.000000,5000.000000,5000.000000,5000.000000,5000.000000,5000.000000,5000.000000,
3690.000000,5000.000000,5000.000000,5000.000000,5000.000000,5000.000000,5000.000000,5000.000000,5000.000000,5000.000000,5000.000000,5000.000000,5000.000000,5000.000000,5000.000000,5000.000000,5000.000000,5000.000000,5000.000000,5000.000000,5000.000000,5000.000000,5000.000000,5000.000000,5000.000000,5000.000000,5000.000000,5000.000000,5000.000000,5000.000000,5000.000000,5000.000000,5000.000000,5000.000000,5000.000000,5000.000000,5000.000000,5000.000000,5000.000000,5000.000000,
5000.000000,5000.000000,5000.000000,5000.000000,5000.000000,5000.000000,5000.000000,5000.000000,5000.000000,5000.000000,5000.000000,5000.000000,5000.000000,5000.000000,5000.000000,5000.000000,5000.000000,5000.000000,5000.000000,5000.000000,5000.000000,5000.000000,5000.000000,5000.000000,5000.000000,5000.000000,5000.000000,5000.000000,5000.000000,5000.000000,5000.000000,5000.000000,5000.000000,5000.000000,5000.000000,5000.000000,5000.000000,5000.000000,5000.000000,5000.000000,
5000.000000,5000.000000,5000.000000,5000.000000,5000.000000,5000.000000,5000.000000,5000.000000,5000.000000,5000.000000,5000.000000,5000.000000,5000.000000,5000.000000,5000.000000,5000.000000,5000.000000,5000.000000,5000.000000,5000.000000,5000.000000,5000.000000,5000.000000,5000.000000,5000.000000,5000.000000,5000.000000,5000.000000,5000.000000,5000.000000,5000.000000,5000.000000,5000.000000,5000.000000,5000.000000,5000.000000,5000.000000,5000.000000,5000.000000,5000.000000,
3783.000000,5000.000000,5000.000000,5000.000000,5000.000000,5000.000000,5000.000000,5000.000000,5000.000000,5000.000000,5000.000000,5000.000000,5000.000000,5000.000000,5000.000000,5000.000000,5000.000000,5000.000000,5000.000000,5000.000000,5000.000000,5000.000000,5000.000000,5000.000000,5000.000000,5000.000000,5000.000000,5000.000000,5000.000000,5000.000000,5000.000000,5000.000000,5000.000000,5000.000000,5000.000000,5000.000000,5000.000000,5000.000000,5000.000000,5000.000000,
5000.000000,5000.000000,5000.000000,5000.000000,5000.000000,5000.000000,5000.000000,5000.000000,5000.000000,5000.000000,5000.000000,5000.000000,5000.000000,5000.000000,5000.000000,5000.000000,5000.000000,5000.000000,5000.000000,5000.000000,5000.000000,5000.000000,5000.000000,5000.000000,5000.000000,5000.000000,5000.000000,5000.000000,5000.000000,5000.000000,5000.000000,5000.000000,5000.000000,5000.000000,5000.000000,5000.000000,5000.000000,5000.000000,5000.000000,5000.000000,
5000.000000,5000.000000,5000.000000,5000.000000,5000.000000,5000.000000,5000.000000,5000.000000,5000.000000,5000.000000,5000.000000,5000.000000,5000.000000,5000.000000,5000.000000,5000.000000,5000.000000,5000.000000,5000.000000,5000.000000,5000.000000,5000.000000,5000.000000,5000.000000,5000.000000,5000.000000,5000.000000,5000.000000,5000.000000,5000.000000,5000.000000,5000.000000,5000.000000,5000.000000,5000.000000,5000.000000,5000.000000,5000.000000,5000.000000,5000.000000,
