0.000000,0.000000,0.000000,0.000000,0.000000,0.000000,0.000000,0.000000,0.000000,0.000000,0.000000,0.000000,0.000000,0.000000,0.000000,0.000000,0.000000,0.000000,0.000000,0.000000,0.000000,0.000000,0.000000,0.000000,0.000000,0.000000,0.000000,0.000000,0.000000,0.000000,0.000000,0.000000,0.000000,0.000000,0.000000,0.000000,0.000000,0.000000,0.000000,0.000000,
0.000000,5000.000000,5000.000000,5000.000000,5000.000000,5000.000000,5000.000000,5000.000000,5000.000000,5000.000000,5000.000000,5000.000000,5000.000000,5000.000000,5000.000000,5000.000000,5000.000000,5000.000000,5000.000000,5000.000000,5000.000000,5000.000000,5000.000000,5000.000000,5000.000000,5000.000000,5000.000000,5000.000000,5000.000000,5000.000000,5000.000000,5000.000000,5000.000000,5000.000000,5000.000000,5000.000000,5000.000000,5000.000000,5000.000000,5000.000000,
5000.000000,5000.000000,5000.000000,5000.000000,5000.000000,5000.000000,5000.000000,5000.000000,5000.000000,5000.000000,5000.000000,5000.000000,5000.000000,5000.000000,5000.000000,5000.000000,5000.000000,5000.000000,5000.000000,5000.000000,5000.000000,5000.000000,5000.000000,5000.000000,5000.000000,5000.000000,5000.000000,5000.000000,5000.000000,5000.000000,5000.000000,5000.000000,5000.000000,5000.000000,5000.000000,5000.000000,5000.000000,5000.000000,5000.000000,5000.000000,
5000.000000,5000.000000,5000.000000,5000.000000,5000.000000,5000.000000,5000.000000,5000.000000,5000.000000,5000.000000,5000.000000,5000.000000,5000.000000,5000.000000,5000.000000,5000.000000,5000.000000,5000.000000,5000.000000,5000.000000,5000.000000,5000.000000,5000.000000,5000.000000,5000.000000,5000.000000,5000.000000,5000.000000,5000.000000,5000.000000,5000.000000,5000.000000,5000.000000,5000.000000,5000.000000,5000.000000,5000.000000,5000.000000,5000.000000,5000.000000,
5000.000000,5000.000000,5000.000000,5000.000000,5000.000000,5000.000000,5000.000000,5000.000000,5000.000000,5000.000000,5000.000000,5000.000000,5000.000000,5000.000000,5000.000000,5000.000000,5000.000000,5000.000000,5000.000000,5000.000000,5000.000000,5000.000000,5000.000000,5000.000000,5000.000000,5000.000000,5000.000000,5000.000000,5000.000000,5000.000000,5000.000000,5000.000000,5000.000000,5000.000000,5000.000000,5000.000000,5000.000000,5000.000000,5000.000000,5000.000000,
2773.000000,5000.000000,5000.000000,5000.000000,5000.000000,5000.000000,5000.000000,5000.000000,5000.000000,5000.000000,5000.000000,5000.000000,5000.000000,5000.000000,5000.000000,5000.000000,5000.000000,5000.000000,5000.000000,5000.000000,5000.000000,5000.000000,5000.000000,5000.000000,5000.000000,5000.000000,5000.000000,5000.000000,5000.000000,5000.000000,5000.000000,5000.000000,5000.000000,5000.000000,5000.000000,5000.000000,5000.000000,5000.000000,5000.000000,5000.000000,
5000.000000,5000.000000,5000.000000,5000.000000,5000.000000,5000.000000,5000.000000,5000.000000,5000.000000,5000.000000,5000.000000,5000.000000,5000.000000,5000.000000,5000.000000,5000.000000,5000.000000,5000.000000,5000.000000,5000.000000,5000.000000,5000.000000,5000.000000,5000.000000,5000.000000,5000.000000,5000.000000,5000.000000,5000.000000,5000.000000,5000.000000,5000.000000,5000.000000,5000.000000,5000.000000,5000.000000,5000.000000,5000.000000,5000.000000,5000.000000,
5000.000000,5000.000000,5000.000000,5000.000000,5000.000000,5000.000000,5000.000000,5000.000000,5000.000000,5000.000000,5000.000000,5000.000000,5000.000000,5000.000000,5000.000000,5000.000000,5000.000000,5000.000000,5000.000000,5000.000000,5000.000000,5000.000000,5000.000000,5000.000000,5000.000000,5000.000000,5000.000000,5000.000000,5000.000000,5000.000000,5000.000000,5000.000000,5000.000000,5000.000000,5000.000000,5000.000000,5000.000000,5000.000000,5000.000000,5000.000000,
5000.000000,5000.000000,5000.000000,5000.000000,5000.000000,5000.000000,5000.000000,5000.000000,5000.000000,5000.000000,5000.000000,5000.000000,5000.000000,5000.000000,5000.000000,5000.000000,5000.000000,5000.000000,5000.000000,5000.000000,5000.000000,5000.000000,5000.000000,5000.000000,5000.000000,5000.000000,5000.000000,5000.000000,5000.000000,5000.000000,5000.000000,5000.000000,5000.000000,5000.000000,5000.000000,5000.000000,5000.000000,5000.000000,5000.000000,5000.000000,
5000.000000,5000.000000,5000.000000,5000.000000,5000.000000,5000.000000,5000.000000,5000.000000,5000.000000,5000.000000,5000.000000,5000.000000,5000.000000,5000.000000,5000.000000,5000.000000,5000.000000,5000.000000,5000.000000,5000.000000,5000.000000,5000.000000,5000.000000,5000.000000,5000.000000,5000.000000,5000.000000,5000.000000,5000.000000,5000.000000,5000.000000,5000.000000,5000.000000,5000.000000,5000.000000,5000.000000,5000.000000,5000.000000,5000.000000,5000.000000,
5000.000000,5000.000000,5000.000000,5000.000000,5000.000000,5000.000000,5000.000000,5000.000000,5000.000000,5000.000000,5000.000000,5000.000000,5000.000000,5000.000000,5000.000000,5000.000000,5000.000000,5000.000000,5000.000000,5000.000000,5000.000000,5000.000000,5000.000000,5000.000000,5000.000000,5000.000000,5000.000000,5000.000000,5000.000000,5000.000000,5000.000000,5000.000000,5000.000000,5000.000000,5000.000000,5000.000000,5000.000000,5000.000000,5000.000000,5000.000000,
5000.000000,5000.000000,5000.000000,5000.000000,5000.000000,5000.000000,5000.000000,5000.000000,5000.000000,5000.000000,5000.000000,5000.000000,5000.000000,5000.000000,5000.000000,5000.000000,5000.000000,5000.000000,5000.000000,5000.000000,5000.000000,5000.000000,5000.000000,5000.000000,5000.000000,5000.000000,5000.000000,5000.000000,5000.000000,5000.000000,5000.000000,5000.000000,5000.000000,5000.000000,5000.000000,5000.000000,5000.000000,5000.000000,5000.000000,5000.000000,
2781.000000,5000.000000,5000.000000,5000.000000,5000.000000,5000.000000,5000.000000,5000.000000,5000.000000,5000.000000,5000.000000,5000.000000,5000.000000,5000.000000,5000.000000,5000.000000,5000.000000,5000.000000,5000.000000,5000.000000,5000.000000,5000.000000,5000.000000,5000.000000,5000.000000,5000.000000,5000.000000,5000.000000,5000.000000,5000.000000,5000.000000,5000.000000,5000.000000,5000.000000,5000.000000,5000.000000,5000.000000,5000.000000,5000.000000,5000.000000,
5000.000000,5000.000000,5000.000000,5000.000000,5000.000000,5000.000000,5000.000000,5000.000000,5000.000000,5000.000000,5000.000000,5000.000000,5000.000000,5000.000000,5000.000000,5000.000000,5000.000000,5000.000000,5000.000000,5000.000000,5000.000000,5000.000000,5000.000000,5000.000000,5000.000000,5000.000000,5000.000000,5000.000000,5000.000000,5000.000000,5000.000000,5000.000000,5000.000000,5000.000000,5000.000000,5000.000000,5000.000000,5000.000000,5000.000000,5000.000000,
5000.000000,5000.000000,5000.000000,5000.000000,5000.000000,5000.000000,5000.000000,5000.000000,5000.000000,5000.000000,5000.000000,5000.000000,5000.000000,5000.000000,5000.000000,5000.000000,5000.000000,5000.000000,5000.000000,5000.000000,5000.000000,5000.000000,5000.000000,5000.000000,5000.000000,5000.000000,5000.000000,5000.000000,5000.000000,5000.000000,5000.000000,5000.000000,5000.000000,5000.000000,5000.000000,5000.000000,5000.000000,5000.000000,5000.000000,5000.000000,
5000.000000,5000.000000,5000.000000,5000.000000,5000.000000,5000.000000,5000.000000,5000.000000,5000.000000,5000.000000,5000.000000,5000.000000,5000.000000,5000.000000,5000.000000,5000.000000,5000.000000,5000.000000,5000.000000,5000.000000,5000.000000,5000.000000,5000.000000,5000.000000,5000.000000,5000.000000,5000.000000,5000.000000,5000.000000,5000.000000,5000.000000,5000.000000,5000.000000,5000.000000,5000.000000,5000.000000,5000.000000,5000.000000,5000.000000,5000.000000,
5000.000000,5000.000000,5000.000000,5000.000000,5000.000000,5000.000000,5000.000000,5000.000000,5000.000000,5000.000000,5000.000000,5000.000000,5000.000000,5000.000000,5000.000000,5000.000000,5000.000000,5000.000000,5000.000000,5000.000000,5000.000000,5000.000000,5000.000000,5000.000000,5000.000000,5000.000000,5000.000000,5000.000000,5000.000000,5000.000000,5000.000000,5000.000000,5000.000000,5000.000000,5000.000000,5000.000000,5000.000000,5000.000000,5000.000000,5000.000000,
5000.000000,5000.000000,5000.000000,5000.000000,5000.000000,5000.000000,5000.000000,5000.000000,5000.000000,5000.000000,5000.000000,5000.000000,5000.000000,5000.000000,5000.000000,5000.000000,5000.000000,5000.000000,5000.000000,5000.000000,5000.000000,5000.000000,5000.000000,5000.000000,5000.000000,5000.000000,5000.000000,5000.000000,5000.000000,5000.000000,5000.000000,5000.000000,5000.000000,5000.000000,5000.000000,5000.000000,5000.000000,5000.000000,5000.000000,5000.000000,
2217.000000,5000.000000,5000.000000,5000.000000,5000.000000,5000.000000,5000.000000,5000.000000,5000.000000,5000.000000,5000.000000,5000.000000,5000.000000,5000.000000,5000.000000,5000.000000,5000.000000,5000.000000,5000.000000,5000.000000,5000.000000,5000.000000,5000.000000,5000.000000,5000.000000,5000.000000,5000.000000,5000.000000,5000.000000,5000.000000,5000.000000,5000.000000,5000.000000,5000.000000,5000.000000,5000.000000,5000.000000,5000.000000,5000.000000,5000.000000,
5000.000000,5000.000000,5000.000000,5000.000000,5000.000000,5000.000000,5000.000000,5000.000000,5000.000000,5000.000000,5000.000000,5000.000000,5000.000000,5000.000000,5000.000000,5000.000000,5000.000000,5000.000000,5000.000000,5000.000000,5000.000000,5000.000000,5000.000000,5000.000000,5000.000000,5000.000000,5000.000000,5000.000000,5000.000000,5000.000000,5000.000000,5000.000000,5000.000000,5000.000000,5000.000000,5000.000000,5000.000000,5000.000000,5000.000000,5000.000000,
5000.000000,5000.000000,5000.000000,5000.000000,5000.000000,5000.000000,5000.000000,5000.000000,5000.000000,5000.000000,5000.000000,5000.000000,5000.000000,5000.000000,5000.000000,5000.000000,5000.000000,5000.000000,5000.000000,5000.000000,5000.000000,5000.000000,5000.000000,5000.000000,5000.000000,5000.000000,5000.000000,5000.000000,5000.000000,5000.000000,5000.000000,5000.000000,5000.000000,5000.000000,5000.000000,5000.000000,5000.000000,5000.000000,5000.000000,5000.000000,
5000.000000,5000.000000,5000.000000,5000.000000,5000.000000,5000.000000,5000.000000,5000.000000,5000.000000,5000.000000,5000.000000,5000.000000,5000.000000,5000.000000,5000.000000,5000.000000,5000.000000,5000.000000,5000.000000,5000.000000,5000.000000,5000.000000,5000.000000,5000.000000,5000.000000,5000.000000,5000.000000,5000.000000,5000.000000,5000.000000,5000.000000,5000.000000,5000.000000,5000.000000,5000.000000,5000.000000,5000.000000,5000.000000,5000.000000,5000.000000,
5000.000000,5000.000000,5000.000000,5000.000000,5000.000000,5000.000000,5000.000000,5000.000000,5000.000000,5000.000000,5000.000000,5000.000000,5000.000000,5000.000000,5000.000000,5000.000000,5000.000000,5000.000000,5000.000000,5000.000000,5000.000000,5000.000000,5000.000000,5000.000000,5000.000000,5000.000000,5000.000000,5000.000000,5000.000000,5000.000000,5000.000000,5000.000000,5000.000000,5000.000000,5000.000000,5000.000000,5000.000000,5000.000000,5000.000000,5000.000000,
5000.000000,5000.000000,5000.000000,5000.000000,5000.000000,5000.000000,5000.000000,5000.000000,5000.000000,5000.000000,5000.000000,5000.000000,5000.000000,5000.000000,5000.000000,5000.000000,5000.000000,5000.000000,5000.000000,5000.000000,5000.000000,5000.000000,5000.000000,5000.000000,5000.000000,5000.000000,5000.000000,5000.000000,5000.000000,5000.000000,5000.000000,5000.000000,5000.000000,5000.000000,5000.000000,5000.000000,5000.000000,5000.000000,5000.000000,5000.000000,
5000.000000,5000.000000,5000.000000,5000.000000,5000.000000,5000.000000,5000.000000,5000.000000,5000.000000,5000.000000,5000.000000,5000.000000,5000.000000,5000.000000,5000.000000,5000.000000,5000.000000,5000.000000,5000.000000,5000.000000,5000.000000,5000.000000,5000.000000,5000.000000,5000.000000,5000.000000,5000.000000,5000.000000,5000.000000,5000.000000,5000.000000,5000.000000,5000.000000,5000.000000,5000.000000,5000.000000,5000.000000,5000.000000,5000.000000,5000.000000,
3448.000000,3637.000000,5000.000000,5000.000000,5000.000000,5000.000000,5000.000000,5000.000000,5000.000000,5000.000000,5000.000000,5000.000000,5000.000000,5000.000000,5000.000000,5000.000000,5000.000000,5000.000000,5000.000000,5000.000000,5000.000000,5000.000000,5000.000000,5000.000000,5000.000000,5000.000000,5000.000000,5000.000000,5000.000000,5000.000000,5000.000000,5000.000000,5000.000000,5000.000000,5000.000000,5000.000000,5000.000000,5000.000000,5000.000000,5000.000000,
5000.000000,5000.000000,5000.000000,5000.000000,5000.000000,5000.000000,5000.000000,5000.000000,5000.000000,5000.000000,5000.000000,5000.000000,5000.000000,5000.000000,5000.000000,5000.000000,5000.000000,5000.000000,5000.000000,5000.000000,5000.000000,5000.000000,5000.000000,5000.000000,5000.000000,5000.000000,5000.000000,5000.000000,5000.000000,5000.000000,5000.000000,5000.000000,5000.000000,5000.000000,5000.000000,5000.000000,5000.000000,5000.000000,5000.000000,5000.000000,
2.000000,5000.000000,5000.000000,5000.000000,5000.000000,5000.000000,5000.000000,5000.000000,5000.000000,5000.000000,5000.000000,5000.000000,5000.000000,5000.000000,5000.000000,5000.000000,5000.000000,5000.000000,5000.000000,5000.000000,5000.000000,5000.000000,5000.000000,5000.000000,5000.000000,5000.000000,5000.000000,5000.000000,5000.000000,5000.000000,5000.000000,5000.000000,5000.000000,5000.000000,5000.000000,5000.000000,5000.000000,5000.000000,5000.000000,5000.000000,
5000.000000,5000.000000,5000.000000,5000.000000,5000.000000,5000.000000,5000.000000,5000.000000,5000.000000,5000.000000,5000.000000,5000.000000,5000.000000,5000.000000,5000.000000,5000.000000,5000.000000,5000.000000,5000.000000,5000.000000,5000.000000,5000.000000,5000.000000,5000.000000,5000.000000,5000.000000,5000.000000,5000.000000,5000.000000,5000.000000,5000.000000,5000.000000,5000.000000,5000.000000,5000.000000,5000.000000,5000.000000,5000.000000,5000.000000,5000.000000,
5000.000000,5000.000000,5000.000000,5000.000000,5000.000000,5000.000000,5000.000000,5000.000000,5000.000000,5000.000000,5000.000000,5000.000000,5000.000000,5000.000000,5000.000000,5000.000000,5000.000000,5000.000000,5000.000000,5000.000000,5000.000000,5000.000000,5000.000000,5000.000000,5000.000000,5000.000000,5000.000000,5000.000000,5000.000000,5000.000000,5000.000000,5000.000000,5000.000000,5000.000000,5000.000000,5000.000000,5000.000000,5000.000000,5000.000000,5000.000000,
153.000000,5000.000000,5000.000000,5000.000000,5000.000000,5000.000000,5000.000000,5000.000000,5000.000000,5000.000000,5000.000000,5000.000000,5000.000000,5000.000000,5000.000000,5000.000000,5000.000000,5000.000000,5000.000000,5000.000000,5000.000000,5000.000000,5000.000000,5000.000000,5000.000000,5000.000000,5000.000000,5000.000000,5000.000000,5000.000000,5000.000000,5000.000000,5000.000000,5000.000000,5000.000000,5000.000000,5000.000000,5000.000000,5000.000000,5000.000000,
5000.000000,5000.000000,5000.000000,5000.000000,5000.000000,5000.000000,5000.000000,5000.000000,5000.000000,5000.000000,5000.000000,5000.000000,5000.000000,5000.000000,5000.000000,5000.000000,5000.000000,5000.000000,5000.000000,5000.000000,5000.000000,5000.000000,5000.000000,5000.000000,5000.000000,5000.000000,5000.000000,5000.000000,5000.000000,5000.000000,5000.000000,5000.000000,5000.000000,5000.000000,5000.000000,5000.000000,5000.000000,5000.000000,5000.000000,5000.000000,
5000.000000,5000.000000,5000.000000,5000.000000,5000.000000,5000.000000,5000.000000,5000.000000,5000.000000,5000.000000,5000.000000,5000.000000,5000.000000,5000.000000,5000.000000,5000.000000,5000.000000,5000.000000,5000.000000,5000.000000,5000.000000,5000.000000,5000.000000,5000.000000,5000.000000,5000.000000,5000.000000,5000.000000,5000.000000,5000.000000,5000.000000,5000.000000,5000.000000,5000.000000,5000.000000,5000.000000,5000.000000,5000.000000,5000.000000,5000.000000,
2.000000,5000.000000,5000.000000,5000.000000,5000.000000,5000.000000,5000.000000,5000.000000,5000.000000,5000.000000,5000.000000,5000.000000,5000.000000,5000.000000,5000.000000,5000.000000,5000.000000,5000.000000,5000.000000,5000.000000,5000.000000,5000.000000,5000.000000,5000.000000,5000.000000,5000.000000,5000.000000,5000.000000,5000.000000,5000.000000,5000.000000,5000.000000,5000.000000,5000.000000,5000.000000,5000.000000,5000.000000,5000.000000,5000.000000,5000.000000,
3312.000000,5000.000000,5000.000000,5000.000000,5000.000000,5000.000000,5000.000000,5000.000000,5000.000000,5000.000000,5000.000000,5000.000000,5000.000000,5000.000000,5000.000000,5000.000000,5000.000000,5000.000000,5000.000000,5000.000000,5000.000000,5000.000000,5000.000000,5000.000000,5000.000000,5000.000000,5000.000000,5000.000000,5000.000000,5000.000000,5000.000000,5000.000000,5000.000000,5000.000000,5000.000000,5000.000000,5000.000000,5000.000000,5000.000000,5000.000000,
5000.000000,5000.000000,5000.000000,5000.000000,5000.000000,5000.000000,5000.000000,5000.000000,5000.000000,5000.000000,5000.000000,5000.000000,5000.000000,5000.000000,5000.000000,5000.000000,5000.000000,5000.000000,5000.000000,5000.000000,5000.000000,5000.000000,5000.000000,5000.000000,5000.000000,5000.000000,5000.000000,5000.000000,5000.000000,5000.000000,5000.000000,5000.000000,5000.000000,5000.000000,5000.000000,5000.000000,5000.000000,5000.000000,5000.000000,5000.000000,
3781.000000,4652.000000,5000.000000,5000.000000,5000.000000,5000.000000,5000.000000,5000.000000,5000.000000,5000.000000,5000.000000,5000.000000,5000.000000,5000.000000,5000.000000,5000.000000,5000.000000,5000.000000,5000.000000,5000.000000,5000.000000,5000.000000,5000.000000,5000.000000,5000.000000,5000.000000,5000.000000,5000.000000,5000.000000,5000.000000,5000.000000,5000.000000,5000.000000,5000.000000,5000.000000,5000.000000,5000.000000,5000.000000,5000.000000,5000.000000,
5000.000000,5000.000000,5000.000000,5000.000000,5000.000000,5000.000000,5000.000000,5000.000000,5000.000000,5000.000000,5000.000000,5000.000000,5000.000000,5000.000000,5000.000000,5000.000000,5000.000000,5000.000000,5000.000000,5000.000000,5000.000000,5000.000000,5000.000000,5000.000000,5000.000000,5000.000000,5000.000000,5000.000000,5000.000000,5000.000000,5000.000000,5000.000000,5000.000000,5000.000000,5000.000000,5000.000000,5000.000000,5000.000000,5000.000000,5000.000000,
5000.000000,5000.000000,5000.000000,5000.000000,5000.000000,5000.000000,5000.000000,5000.000000,5000.000000,5000.000000,5000.000000,5000.000000,5000.000000,5000.000000,5000.000000,5000.000000,5000.000000,5000.000000,5000.000000,5000.000000,5000.000000,5000.000000,5000.000000,5000.000000,5000.000000,5000.000000,5000.000000,5000.000000,5000.000000,5000.000000,5000.000000,5000.000000,5000.000000,5000.000000,5000.000000,5000.000000,5000.000000,5000.000000,5000.000000,5000.000000,
5000.000000,5000.000000,5000.000000,5000.000000,5000.000000,5000.000000,5000.000000,5000.000000,5000.000000,5000.000000,5000.000000,5000.000000,5000.000000,5000.000000,5000.000000,5000.000000,5000.000000,5000.000000,5000.000000,5000.000000,5000.000000,5000.000000,5000.000000,5000.000000,5000.000000,5000.000000,5000.000000,5000.000000,5000.000000,5000.000000,5000.000000,5000.000000,5000.000000,5000.000000,5000.000000,5000.000000,5000.000000,5000.000000,5000.000000,5000.000000,
2753.000000,5000.000000,5000.000000,5000.000000,5000.000000,5000.000000,5000.000000,5000.000000,5000.000000,5000.000000,5000.000000,5000.000000,5000.000000,5000.000000,5000.000000,5000.000000,5000.000000,5000.000000,5000.000000,5000.000000,5000.000000,5000.000000,5000.000000,5000.000000,5000.000000,5000.000000,5000.000000,5000.000000,5000.000000,5000.000000,5000.000000,5000.000000,5000.000000,5000.000000,5000.000000,5000.000000,5000.000000,5000.000000,5000.000000,5000.000000,
5000.000000,5000.000000,5000.000000,5000.000000,5000.000000,5000.000000,5000.000000,5000.000000,5000.000000,5000.000000,5000.000000,5000.000000,5000.000000,5000.000000,5000.000000,5000.000000,5000.000000,5000.000000,5000.000000,5000.000000,5000.000000,5000.000000,5000.000000,5000.000000,5000.000000,5000.000000,5000.000000,5000.000000,5000.000000,5000.000000,5000.000000,5000.000000,5000.000000,5000.000000,5000.000000,5000.000000,5000.000000,5000.000000,5000.000000,5000.000000,
5000.000000,5000.000000,5000.000000,5000.000000,5000.000000,5000.000000,5000.000000,5000.000000,5000.000000,5000.000000,5000.000000,5000.000000,5000.000000,5000.000000,5000.000000,5000.000000,5000.000000,5000.000000,5000.000000,5000.000000,5000.000000,5000.000000,5000.000000,5000.000000,5000.000000,5000.000000,5000.000000,5000.000000,5000.000000,5000.000000,5000.000000,5000.000000,5000.000000,5000.000000,5000.000000,5000.000000,5000.000000,5000.000000,5000.000000,5000.000000,
5000.000000,5000.000000,5000.000000,5000.000000,5000.000000,5000.000000,5000.000000,5000.000000,5000.000000,5000.000000,5000.000000,5000.000000,5000.000000,5000.000000,5000.000000,5000.000000,5000.000000,5000.000000,5000.000000,5000.000000,5000.000000,5000.000000,5000.000000,5000.000000,5000.000000,5000.000000,5000.000000,5000.000000,5000.000000,5000.000000,5000.000000,5000.000000,5000.000000,5000.000000,5000.000000,5000.000000,5000.000000,5000.000000,5000.000000,5000.000000,
5000.000000,5000.000000,5000.000000,5000.000000,5000.000000,5000.000000,5000.000000,5000.000000,5000.000000,5000.000000,5000.000000,5000.000000,5000.000000,5000.000000,5000.000000,5000.000000,5000.000000,5000.000000,5000.000000,5000.000000,5000.000000,5000.000000,5000.000000,5000.000000,5000.000000,5000.000000,5000.000000,5000.000000,5000.000000,5000.000000,5000.000000,5000.000000,5000.000000,5000.000000,5000.000000,5000.000000,5000.000000,5000.000000,5000.000000,5000.000000,
5000.000000,5000.000000,5000.000000,5000.000000,5000.000000,5000.000000,5000.000000,5000.000000,5000.000000,5000.000000,5000.000000,5000.000000,5000.000000,5000.000000,5000.000000,5000.000000,5000.000000,5000.000000,5000.000000,5000.000000,5000.000000,5000.000000,5000.000000,5000.000000,5000.000000,5000.000000,5000.000000,5000.000000,5000.000000,5000.000000,5000.000000,5000.000000,5000.000000,5000.000000,5000.000000,5000.000000,5000.000000,5000.000000,5000.000000,5000.000000,
5000.000000,5000.000000,5000.000000,5000.000000,5000.000000,5000.000000,5000.000000,5000.000000,5000.000000,5000.000000,5000.000000,5000.000000,5000.000000,5000.000000,5000.000000,5000.000000,5000.000000,5000.000000,5000.000000,5000.000000,5000.000000,5000.000000,5000.000000,5000.000000,5000.000000,5000.000000,5000.000000,5000.000000,5000.000000,5000.000000,5000.000000,5000.000000,5000.000000,5000.000000,5000.000000,5000.000000,5000.000000,5000.000000,5000.000000,5000.000000,
5000.000000,5000.000000,5000.000000,5000.000000,5000.000000,5000.000000,5000.000000,5000.000000,5000.000000,5000.000000,5000.000000,5000.000000,5000.000000,5000.000000,5000.000000,5000.000000,5000.000000,5000.000000,5000.000000,5000.000000,5000.000000,5000.000000,5000.000000,5000.000000,5000.000000,5000.000000,5000.000000,5000.000000,5000.000000,5000.000000,5000.000000,5000.000000,5000.000000,5000.000000,5000.000000,5000.000000,5000.000000,5000.000000,5000.000000,5000.000000,
5000.000000,5000.000000,5000.000000,5000.000000,5000.000000,5000.000000,5000.000000,5000.000000,5000.000000,5000.000000,5000.000000,5000.000000,5000.000000,5000.000000,5000.000000,5000.000000,5000.000000,5000.000000,5000.000000,5000.000000,5000.000000,5000.000000,5000.000000,5000.000000,5000.000000,5000.000000,5000.000000,5000.000000,5000.000000,5000.000000,5000.000000,5000.000000,5000.000000,5000.000000,5000.000000,5000.000000,5000.000000,5000.000000,5000.000000,5000.000000,
5000.000000,5000.000000,5000.000000,5000.000000,5000.000000,5000.000000,5000.000000,5000.000000,5000.000000,5000.000000,5000.000000,5000.000000,5000.000000,5000.000000,5000.000000,5000.000000,5000.000000,5000.000000,5000.000000,5000.000000,5000.000000,5000.000000,5000.000000,5000.000000,5000.000000,5000.000000,5000.000000,5000.000000,5000.000000,5000.000000,5000.000000,5000.000000,5000.000000,5000.000000,5000.000000,5000.000000,5000.000000,5000.000000,5000.000000,5000.000000,
5000.000000,5000.000000,5000.000000,5000.000000,5000.000000,5000.000000,5000.000000,5000.000000,5000.000000,5000.000000,5000.000000,5000.000000,5000.000000,5000.000000,5000.000000,5000.000000,5000.000000,5000.000000,5000.000000,5000.000000,5000.000000,5000.000000,5000.000000,5000.000000,5000.000000,5000.000000,5000.000000,5000.000000,5000.000000,5000.000000,5000.000000,5000.000000,5000.000000,5000.000000,5000.000000,5000.000000,5000.000000,5000.000000,5000.000000,5000.000000,
2535.000000,2980.000000,5000.000000,5000.000000,5000.000000,5000.000000,5000.000000,5000.000000,5000.000000,5000.000000,5000.000000,5000.000000,5000.000000,5000.000000,5000.000000,5000.000000,5000.000000,5000.000000,5000.000000,5000.000000,5000.000000,5000.000000,5000.000000,5000.000000,5000.000000,5000.000000,5000.000000,5000.000000,5000.000000,5000.000000,5000.000000,5000.000000,5000.000000,5000.000000,5000.000000,5000.000000,5000.000000,5000.000000,5000.000000,5000.000000,
5000.000000,5000.000000,5000.000000,5000.000000,5000.000000,5000.000000,5000.000000,5000.000000,5000.000000,5000.000000,5000.000000,5000.000000,5000.000000,5000.000000,5000.000000,5000.000000,5000.000000,5000.000000,5000.000000,5000.000000,5000.000000,5000.000000,5000.000000,5000.000000,5000.000000,5000.000000,5000.000000,5000.000000,5000.000000,5000.000000,5000.000000,5000.000000,5000.000000,5000.000000,5000.000000,5000.000000,5000.000000,5000.000000,5000.000000,5000.000000,
5000.000000,5000.000000,5000.000000,5000.000000,5000.000000,5000.000000,5000.000000,5000.000000,5000.000000,5000.000000,5000.000000,5000.000000,5000.000000,5000.000000,5000.000000,5000.000000,5000.000000,5000.000000,5000.000000,5000.000000,5000.000000,5000.000000,5000.000000,5000.000000,5000.000000,5000.000000,5000.000000,5000.000000,5000.000000,5000.000000,5000.000000,5000.000000,5000.000000,5000.000000,5000.000000,5000.000000,5000.000000,5000.000000,5000.000000,5000.000000,
5000.000000,5000.000000,5000.000000,5000.000000,5000.000000,5000.000000,5000.000000,5000.000000,5000.000000,5000.000000,5000.000000,5000.000000,5000.000000,5000.000000,5000.000000,5000.000000,5000.000000,5000.000000,5000.000000,5000.000000,5000.000000,5000.000000,5000.000000,5000.000000,5000.000000,5000.000000,5000.000000,5000.000000,5000.000000,5000.000000,5000.000000,5000.000000,5000.000000,5000.000000,5000.000000,5000.000000,5000.000000,5000.000000,5000.000000,5000.000000,
5000.000000,5000.000000,5000.000000,5000.000000,5000.000000,5000.000000,5000.000000,5000.000000,5000.000000,5000.000000,5000.000000,5000.000000,5000.000000,5000.000000,5000.000000,5000.000000,5000.000000,5000.000000,5000.000000,5000.000000,5000.000000,5000.000000,5000.000000,5000.000000,5000.000000,5000.000000,5000.000000,5000.000000,5000.000000,5000.000000,5000.000000,5000.000000,5000.000000,5000.000000,5000.000000,5000.000000,5000.000000,5000.000000,5000.000000,5000.000000,
5000.000000,5000.000000,5000.000000,5000.000000,5000.000000,5000.000000,5000.000000,5000.000000,5000.000000,5000.000000,5000.000000,5000.000000,5000.000000,5000.000000,5000.000000,5000.000000,5000.000000,5000.000000,5000.000000,5000.000000,5000.000000,5000.000000,5000.000000,5000.000000,5000.000000,5000.000000,5000.000000,5000.000000,5000.000000,5000.000000,5000.000000,5000.000000,5000.000000,5000.000000,5000.000000,5000.000000,5000.000000,5000.000000,5000.000000,5000.000000,
5000.000000,5000.000000,5000.000000,5000.000000,5000.000000,5000.000000,5000.000000,5000.000000,5000.000000,5000.000000,5000.000000,5000.000000,5000.000000,5000.000000,5000.000000,5000.000000,5000.000000,5000.000000,5000.000000,5000.000000,5000.000000,5000.000000,5000.000000,5000.000000,5000.000000,5000.000000,5000.000000,5000.000000,5000.000000,5000.000000,5000.000000,5000.000000,5000.000000,5000.000000,5000.000000,5000.000000,5000.000000,5000.000000,5000.000000,5000.000000,
5000.000000,5000.000000,5000.000000,5000.000000,5000.000000,5000.000000,5000.000000,5000.000000,5000.000000,5000.000000,5000.000000,5000.000000,5000.000000,5000.000000,5000.000000,5000.000000,5000.000000,5000.000000,5000.000000,5000.000000,5000.000000,5000.000000,5000.000000,5000.000000,5000.000000,5000.000000,5000.000000,5000.000000,5000.000000,5000.000000,5000.000000,5000.000000,5000.000000,5000.000000,5000.000000,5000.000000,5000.000000,5000.000000,5000.000000,5000.000000,
5000.000000,5000.000000,5000.000000,5000.000000,5000.000000,5000.000000,5000.000000,5000.000000,5000.000000,5000.000000,5000.000000,5000.000000,5000.000000,5000.000000,5000.000000,5000.000000,5000.000000,5000.000000,5000.000000,5000.000000,5000.000000,5000.000000,5000.000000,5000.000000,5000.000000,5000.000000,5000.000000,5000.000000,5000.000000,5000.000000,5000.000000,5000.000000,5000.000000,5000.000000,5000.000000,5000.000000,5000.000000,5000.000000,5000.000000,5000.000000,
5000.000000,5000.000000,5000.000000,5000.000000,5000.000000,5000.000000,5000.000000,5000.000000,5000.000000,5000.000000,5000.000000,5000.000000,5000.000000,5000.000000,5000.000000,5000.000000,5000.000000,5000.000000,5000.000000,5000.000000,5000.000000,5000.000000,5000.000000,5000.000000,5000.000000,5000.000000,5000.000000,5000.000000,5000.000000,5000.000000,5000.000000,5000.000000,5000.000000,5000.000000,5000.000000,5000.000000,5000.000000,5000.000000,5000.000000,5000.000000,
5000.000000,5000.000000,5000.000000,5000.000000,5000.000000,5000.000000,5000.000000,5000.000000,5000.000000,5000.000000,5000.000000,5000.000000,5000.000000,5000.000000,5000.000000,5000.000000,5000.000000,5000.000000,5000.000000,5000.000000,5000.000000,5000.000000,5000.000000,5000.000000,5000.000000,5000.000000,5000.000000,5000.000000,5000.000000,5000.000000,5000.000000,5000.000000,5000.000000,5000.000000,5000.000000,5000.000000,5000.000000,5000.000000,5000.000000,5000.000000,
143.000000,5000.000000,5000.000000,5000.000000,5000.000000,5000.000000,5000.000000,5000.000000,5000.000000,5000.000000,5000.000000,5000.000000,5000.000000,5000.000000,5000.000000,5000.000000,5000.000000,5000.000000,5000.000000,5000.000000,5000.000000,5000.000000,5000.000000,5000.000000,5000.000000,5000.000000,5000.000000,5000.000000,5000.000000,5000.000000,5000.000000,5000.000000,5000.000000,5000.000000,5000.000000,5000.000000,5000.000000,5000.000000,5000.000000,5000.000000,
5000.000000,5000.000000,5000.000000,5000.000000,5000.000000,5000.000000,5000.000000,5000.000000,5000.000000,5000.000000,5000.000000,5000.000000,5000.000000,5000.000000,5000.000000,5000.000000,5000.000000,5000.000000,5000.000000,5000.000000,5000.000000,5000.000000,5000.000000,5000.000000,5000.000000,5000.000000,5000.000000,5000.000000,5000.000000,5000.000000,5000.000000,5000.000000,5000.000000,5000.000000,5000.000000,5000.000000,5000.000000,5000.000000,5000.000000,5000.000000,
4107.000000,5000.000000,5000.000000,5000.000000,5000.000000,5000.000000,5000.000000,5000.000000,5000.000000,5000.000000,5000.000000,5000.000000,5000.000000,5000.000000,5000.000000,5000.000000,5000.000000,5000.000000,5000.000000,5000.000000,5000.000000,5000.000000,5000.000000,5000.000000,5000.000000,5000.000000,5000.000000,5000.000000,5000.000000,5000.000000,5000.000000,5000.000000,5000.000000,5000.000000,5000.000000,5000.000000,5000.000000,5000.000000,5000.000000,5000.000000,
5000.000000,5000.000000,5000.000000,5000.000000,5000.000000,5000.000000,5000.000000,5000.000000,5000.000000,5000.000000,5000.000000,5000.000000,5000.000000,5000.000000,5000.000000,5000.000000,5000.000000,5000.000000,5000.000000,5000.000000,5000.000000,5000.000000,5000.000000,5000.000000,5000.000000,5000.000000,5000.000000,5000.000000,5000.000000,5000.000000,5000.000000,5000.000000,5000.000000,5000.000000,5000.000000,5000.000000,5000.000000,5000.000000,5000.000000,5000.000000,
5000.000000,5000.000000,5000.000000,5000.000000,5000.000000,5000.000000,5000.000000,5000.000000,5000.000000,5000.000000,5000.000000,5000.000000,5000.000000,5000.000000,5000.000000,5000.000000,5000.000000,5000.000000,5000.000000,5000.000000,5000.000000,5000.000000,5000.000000,5000.000000,5000.000000,5000.000000,5000.000000,5000.000000,5000.000000,5000.000000,5000.000000,5000.000000,5000.000000,5000.000000,5000.000000,5000.000000,5000.000000,5000.000000,5000.000000,5000.000000,
1935.000000,5000.000000,5000.000000,5000.000000,5000.000000,5000.000000,5000.000000,5000.000000,5000.000000,5000.000000,5000.000000,5000.000000,5000.000000,5000.000000,5000.000000,5000.000000,5000.000000,5000.000000,5000.000000,5000.000000,5000.000000,5000.000000,5000.000000,5000.000000,5000.000000,5000.000000,5000.000000,5000.000000,5000.000000,5000.000000,5000.000000,5000.000000,5000.000000,5000.000000,5000.000000,5000.000000,5000.000000,5000.000000,5000.000000,5000.000000,
5000.000000,5000.000000,5000.000000,5000.000000,5000.000000,5000.000000,5000.000000,5000.000000,5000.000000,5000.000000,5000.000000,5000.000000,5000.000000,5000.000000,5000.000000,5000.000000,5000.000000,5000.000000,5000.000000,5000.000000,5000.000000,5000.000000,5000.000000,5000.000000,5000.000000,5000.000000,5000.000000,5000.000000,5000.000000,5000.000000,5000.000000,5000.000000,5000.000000,5000.000000,5000.000000,5000.000000,5000.000000,5000.000000,5000.000000,5000.000000,
5000.000000,5000.000000,5000.000000,5000.000000,5000.000000,5000.000000,5000.000000,5000.000000,5000.000000,5000.000000,5000.000000,5000.000000,5000.000000,5000.000000,5000.000000,5000.000000,5000.000000,5000.000000,5000.000000,5000.000000,5000.000000,5000.000000,5000.000000,5000.000000,5000.000000,5000.000000,5000.000000,5000.000000,5000.000000,5000.000000,5000.000000,5000.000000,5000.000000,5000.000000,5000.000000,5000.000000,5000.000000,5000.000000,5000.000000,5000.000000,
5000.000000,5000.000000,5000.000000,5000.000000,5000.000000,5000.000000,5000.000000,5000.000000,5000.000000,5000.000000,5000.000000,5000.000000,5000.000000,5000.000000,5000.000000,5000.000000,5000.000000,5000.000000,5000.000000,5000.000000,5000.000000,5000.000000,5000.000000,5000.000000,5000.000000,5000.000000,5000.000000,5000.000000,5000.000000,5000.000000,5000.000000,5000.000000,5000.000000,5000.000000,5000.000000,5000.000000,5000.000000,5000.000000,5000.000000,5000.000000,
5000.000000,5000.000000,5000.000000,5000.000000,5000.000000,5000.000000,5000.000000,5000.000000,5000.000000,5000.000000,5000.000000,5000.000000,5000.000000,5000.000000,5000.000000,5000.000000,5000.000000,5000.000000,5000.000000,5000.000000,5000.000000,5000.000000,5000.000000,5000.000000,5000.000000,5000.000000,5000.000000,5000.000000,5000.000000,5000.000000,5000.000000,5000.000000,5000.000000,5000.000000,5000.000000,5000.000000,5000.000000,5000.000000,5000.000000,5000.000000,
5000.000000,5000.000000,5000.000000,5000.000000,5000.000000,5000.000000,5000.000000,5000.000000,5000.000000,5000.000000,5000.000000,5000.000000,5000.000000,5000.000000,5000.000000,5000.000000,5000.000000,5000.000000,5000.000000,5000.000000,5000.000000,5000.000000,5000.000000,5000.000000,5000.000000,5000.000000,5000.000000,5000.000000,5000.000000,5000.000000,5000.000000,5000.000000,5000.000000,5000.000000,5000.000000,5000.000000,5000.000000,5000.000000,5000.000000,5000.000000,
5000.000000,5000.000000,5000.000000,5000.000000,5000.000000,5000.000000,5000.000000,5000.000000,5000.000000,5000.000000,5000.000000,5000.000000,5000.000000,5000.000000,5000.000000,5000.000000,5000.000000,5000.000000,5000.000000,5000.000000,5000.000000,5000.000000,5000.000000,5000.000000,5000.000000,5000.000000,5000.000000,5000.000000,5000.000000,5000.000000,5000.000000,5000.000000,5000.000000,5000.000000,5000.000000,5000.000000,5000.000000,5000.000000,5000.000000,5000.000000,
4571.000000,5000.000000,5000.000000,5000.000000,5000.000000,5000.000000,5000.000000,5000.000000,5000.000000,5000.000000,5000.000000,5000.000000,5000.000000,5000.000000,5000.000000,5000.000000,5000.000000,5000.000000,5000.000000,5000.000000,5000.000000,5000.000000,5000.000000,5000.000000,5000.000000,5000.000000,5000.000000,5000.000000,5000.000000,5000.000000,5000.000000,5000.000000,5000.000000,5000.000000,5000.000000,5000.000000,5000.000000,5000.000000,5000.000000,5000.000000,
3093.000000,5000.000000,5000.000000,5000.000000,5000.000000,5000.000000,5000.000000,5000.000000,5000.000000,5000.000000,5000.000000,5000.000000,5000.000000,5000.000000,5000.000000,5000.000000,5000.000000,5000.000000,5000.000000,5000.000000,5000.000000,5000.000000,5000.000000,5000.000000,5000.000000,5000.000000,5000.000000,5000.000000,5000.000000,5000.000000,5000.000000,5000.000000,5000.000000,5000.000000,5000.000000,5000.000000,5000.000000,5000.000000,5000.000000,5000.000000,
5000.000000,5000.000000,5000.000000,5000.000000,5000.000000,5000.000000,5000.000000,5000.000000,5000.000000,5000.000000,5000.000000,5000.000000,5000.000000,5000.000000,5000.000000,5000.000000,5000.000000,5000.000000,5000.000000,5000.000000,5000.000000,5000.000000,5000.000000,5000.000000,5000.000000,5000.000000,5000.000000,5000.000000,5000.000000,5000.000000,5000.000000,5000.000000,5000.000000,5000.000000,5000.000000,5000.000000,5000.000000,5000.000000,5000.000000,5000.000000,
5000.000000,5000.000000,5000.000000,5000.000000,5000.000000,5000.000000,5000.000000,5000.000000,5000.000000,5000.000000,5000.000000,5000.000000,5000.000000,5000.000000,5000.000000,5000.000000,5000.000000,5000.000000,5000.000000,5000.000000,5000.000000,5000.000000,5000.000000,5000.000000,5000.000000,5000.000000,5000.000000,5000.000000,5000.000000,5000.000000,5000.000000,5000.000000,5000.000000,5000.000000,5000.000000,5000.000000,5000.000000,5000.000000,5000.000000,5000.000000,
5000.000000,5000.000000,5000.000000,5000.000000,5000.000000,5000.000000,5000.000000,5000.000000,5000.000000,5000.000000,5000.000000,5000.000000,5000.000000,5000.000000,5000.000000,5000.000000,5000.000000,5000.000000,5000.000000,5000.000000,5000.000000,5000.000000,5000.000000,5000.000000,5000.000000,5000.000000,5000.000000,5000.000000,5000.000000,5000.000000,5000.000000,5000.000000,5000.000000,5000.000000,5000.000000,5000.000000,5000.000000,5000.000000,5000.000000,5000.000000,
5000.000000,5000.000000,5000.000000,5000.000000,5000.000000,5000.000000,5000.000000,5000.000000,5000.000000,5000.000000,5000.000000,5000.000000,5000.000000,5000.000000,5000.000000,5000.000000,5000.000000,5000.000000,5000.000000,5000.000000,5000.000000,5000.000000,5000.000000,5000.000000,5000.000000,5000.000000,5000.000000,5000.000000,5000.000000,5000.000000,5000.000000,5000.000000,5000.000000,5000.000000,5000.000000,5000.000000,5000.000000,5000.000000,5000.000000,5000.000000,
5000.000000,5000.000000,5000.000000,5000.000000,5000.000000,5000.000000,5000.000000,5000.000000,5000.000000,5000.000000,5000.000000,5000.000000,5000.000000,5000.000000,5000.000000,5000.000000,5000.000000,5000.000000,5000.000000,5000.000000,5000.000000,5000.000000,5000.000000,5000.000000,5000.000000,5000.000000,5000.000000,5000.000000,5000.000000,5000.000000,5000.000000,5000.000000,5000.000000,5000.000000,5000.000000,5000.000000,5000.000000,5000.000000,5000.000000,5000.000000,
5000.000000,5000.000000,5000.000000,5000.000000,5000.000000,5000.000000,5000.000000,5000.000000,5000.000000,5000.000000,5000.000000,5000.000000,5000.000000,5000.000000,5000.000000,5000.000000,5000.000000,5000.000000,5000.000000,5000.000000,5000.000000,5000.000000,5000.000000,5000.000000,5000.000000,5000.000000,5000.000000,5000.000000,5000.000000,5000.000000,5000.000000,5000.000000,5000.000000,5000.000000,5000.000000,5000.000000,5000.000000,5000.000000,5000.000000,5000.000000,
5000.000000,5000.000000,5000.000000,5000.000000,5000.000000,5000.000000,5000.000000,5000.000000,5000.000000,5000.000000,5000.000000,5000.000000,5000.000000,5000.000000,5000.000000,5000.000000,5000.000000,5000.000000,5000.000000,5000.000000,5000.000000,5000.000000,5000.000000,5000.000000,5000.000000,5000.000000,5000.000000,5000.000000,5000.000000,5000.000000,5000.000000,5000.000000,5000.000000,5000.000000,5000.000000,5000.000000,5000.000000,5000.000000,5000.000000,5000.000000,
5000.000000,5000.000000,5000.000000,5000.000000,5000.000000,5000.000000,5000.000000,5000.000000,5000.000000,5000.000000,5000.000000,5000.000000,5000.000000,5000.000000,5000.000000,5000.000000,5000.000000,5000.000000,5000.000000,5000.000000,5000.000000,5000.000000,5000.000000,5000.000000,5000.000000,5000.000000,5000.000000,5000.000000,5000.000000,5000.000000,5000.000000,5000.000000,5000.000000,5000.000000,5000.000000,5000.000000,5000.000000,5000.000000,5000.000000,5000.000000,
5000.000000,5000.000000,5000.000000,5000.000000,5000.000000,5000.000000,5000.000000,5000.000000,5000.000000,5000.000000,5000.000000,5000.000000,5000.000000,5000.000000,5000.000000,5000.000000,5000.000000,5000.000000,5000.000000,5000.000000,5000.000000,5000.000000,5000.000000,5000.000000,5000.000000,5000.000000,5000.000000,5000.000000,5000.000000,5000.000000,5000.000000,5000.000000,5000.000000,5000.000000,5000.000000,5000.000000,5000.000000,5000.000000,5000.000000,5000.000000,
5000.000000,5000.000000,5000.000000,5000.000000,5000.000000,5000.000000,5000.000000,5000.000000,5000.000000,5000.000000,5000.000000,5000.000000,5000.000000,5000.000000,5000.000000,5000.000000,5000.000000,5000.000000,5000.000000,5000.000000,5000.000000,5000.000000,5000.000000,5000.000000,5000.000000,5000.000000,5000.000000,5000.000000,5000.000000,5000.000000,5000.000000,5000.000000,5000.000000,5000.000000,5000.000000,5000.000000,5000.000000,5000.000000,5000.000000,5000.000000,
5000.000000,5000.000000,5000.000000,5000.000000,5000.000000,5000.000000,5000.000000,5000.000000,5000.000000,5000.000000,5000.000000,5000.000000,5000.000000,5000.000000,5000.000000,5000.000000,5000.000000,5000.000000,5000.000000,5000.000000,5000.000000,5000.000000,5000.000000,5000.000000,5000.000000,5000.000000,5000.000000,5000.000000,5000.000000,5000.000000,5000.000000,5000.000000,5000.000000,5000.000000,5000.000000,5000.000000,5000.000000,5000.000000,5000.000000,5000.000000,
2302.000000,5000.000000,5000.000000,5000.000000,5000.000000,5000.000000,5000.000000,5000.000000,5000.000000,5000.000000,5000.000000,5000.000000,5000.000000,5000.000000,5000.000000,5000.000000,5000.000000,5000.000000,5000.000000,5000.000000,5000.000000,5000.000000,5000.000000,5000.000000,5000.000000,5000.000000,5000.000000,5000.000000,5000.000000,5000.000000,5000.000000,5000.000000,5000.000000,5000.000000,5000.000000,5000.000000,5000.000000,5000.000000,5000.000000,5000.000000,
5000.000000,5000.000000,5000.000000,5000.000000,5000.000000,5000.000000,5000.000000,5000.000000,5000.000000,5000.000000,5000.000000,5000.000000,5000.000000,5000.000000,5000.000000,5000.000000,5000.000000,5000.000000,5000.000000,5000.000000,5000.000000,5000.000000,5000.000000,5000.000000,5000.000000,5000.000000,5000.000000,5000.000000,5000.000000,5000.000000,5000.000000,5000.000000,5000.000000,5000.000000,5000.000000,5000.000000,5000.000000,5000.000000,5000.000000,5000.000000,
5000.000000,5000.000000,5000.000000,5000.000000,5000.000000,5000.000000,5000.000000,5000.000000,5000.000000,5000.000000,5000.000000,5000.000000,5000.000000,5000.000000,5000.000000,5000.000000,5000.000000,5000.000000,5000.000000,5000.000000,5000.000000,5000.000000,5000.000000,5000.000000,5000.000000,5000.000000,5000.000000,5000.000000,5000.000000,5000.000000,5000.000000,5000.000000,5000.000000,5000.000000,5000.000000,5000.000000,5000.000000,5000.000000,5000.000000,5000.000000,
5000.000000,5000.000000,5000.000000,5000.000000,5000.000000,5000.000000,5000.000000,5000.000000,5000.000000,5000.000000,5000.000000,5000.000000,5000.000000,5000.000000,5000.000000,5000.000000,5000.000000,5000.000000,5000.000000,5000.000000,5000.000000,5000.000000,5000.000000,5000.000000,5000.000000,5000.000000,5000.000000,5000.000000,5000.000000,5000.000000,5000.000000,5000.000000,5000.000000,5000.000000,5000.000000,5000.000000,5000.000000,5000.000000,5000.000000,5000.000000,
5000.000000,5000.000000,5000.000000,5000.000000,5000.000000,5000.000000,5000.000000,5000.000000,5000.000000,5000.000000,5000.000000,5000.000000,5000.000000,5000.000000,5000.000000,5000.000000,5000.000000,5000.000000,5000.000000,5000.000000,5000.000000,5000.000000,5000.000000,5000.000000,5000.000000,5000.000000,5000.000000,5000.000000,5000.000000,5000.000000,5000.000000,5000.000000,5000.000000,5000.000000,5000.000000,5000.000000,5000.000000,5000.000000,5000.000000,5000.000000,
5000.000000,5000.000000,5000.000000,5000.000000,5000.000000,5000.000000,5000.000000,5000.000000,5000.000000,5000.000000,5000.000000,5000.000000,5000.000000,5000.000000,5000.000000,5000.000000,5000.000000,5000.000000,5000.000000,5000.000000,5000.000000,5000.000000,5000.000000,5000.000000,5000.000000,5000.000000,5000.000000,5000.000000,5000.000000,5000.000000,5000.000000,5000.000000,5000.000000,5000.000000,5000.000000,5000.000000,5000.000000,5000.000000,5000.000000,5000.000000,
615.000000,5000.000000,5000.000000,5000.000000,5000.000000,5000.000000,5000.000000,5000.000000,5000.000000,5000.000000,5000.000000,5000.000000,5000.000000,5000.000000,5000.000000,5000.000000,5000.000000,5000.000000,5000.000000,5000.000000,5000.000000,5000.000000,5000.000000,5000.000000,5000.000000,5000.000000,5000.000000,5000.000000,5000.000000,5000.000000,5000.000000,5000.000000,5000.000000,5000.000000,5000.000000,5000.000000,5000.000000,5000.000000,5000.000000,5000.000000,
5000.000000,5000.000000,5000.000000,5000.000000,5000.000000,5000.000000,5000.000000,5000.000000,5000.000000,5000.000000,5000.000000,5000.000000,5000.000000,5000.000000,5000.000000,5000.000000,5000.000000,5000.000000,5000.000000,5000.000000,5000.000000,5000.000000,5000.000000,5000.000000,5000.000000,5000.000000,5000.000000,5000.000000,5000.000000,5000.000000,5000.000000,5000.000000,5000.000000,5000.000000,5000.000000,5000.000000,5000.000000,5000.000000,5000.000000,5000.000000,
5000.000000,5000.000000,5000.000000,5000.000000,5000.000000,5000.000000,5000.000000,5000.000000,5000.000000,5000.000000,5000.000000,5000.000000,5000.000000,5000.000000,5000.000000,5000.000000,5000.000000,5000.000000,5000.000000,5000.000000,5000.000000,5000.000000,5000.000000,5000.000000,5000.000000,5000.000000,5000.000000,5000.000000,5000.000000,5000.000000,5000.000000,5000.000000,5000.000000,5000.000000,5000.000000,5000.000000,5000.000000,5000.000000,5000.000000,5000.000000,
4477.000000,5000.000000,5000.000000,5000.000000,5000.000000,5000.000000,5000.000000,5000.000000,5000.000000,5000.000000,5000.000000,5000.000000,5000.000000,5000.000000,5000.000000,5000.000000,5000.000000,5000.000000,5000.000000,5000.000000,5000.000000,5000.000000,5000.000000,5000.000000,5000.000000,5000.000000,5000.000000,5000.000000,5000.000000,5000.000000,5000.000000,5000.000000,5000.000000,5000.000000,5000.000000,5000.000000,5000.000000,5000.000000,5000.000000,5000.000000,
5000.000000,5000.000000,5000.000000,5000.000000,5000.000000,5000.000000,5000.000000,5000.000000,5000.000000,5000.000000,5000.000000,5000.000000,5000.000000,5000.000000,5000.000000,5000.000000,5000.000000,5000.000000,5000.000000,5000.000000,5000.000000,5000.000000,5000.000000,5000.000000,5000.000000,5000.000000,5000.000000,5000.000000,5000.000000,5000.000000,5000.000000,5000.000000,5000.000000,5000.000000,5000.000000,5000.000000,5000.000000,5000.000000,5000.000000,5000.000000,
275.000000,2794.000000,5000.000000,5000.000000,5000.000000,5000.000000,5000.000000,5000.000000,5000.000000,5000.000000,5000.000000,5000.000000,5000.000000,5000.000000,5000.000000,5000.000000,5000.000000,5000.000000,5000.000000,5000.000000,5000.000000,5000.000000,5000.000000,5000.000000,5000.000000,5000.000000,5000.000000,5000.000000,5000.000000,5000.000000,5000.000000,5000.000000,5000.000000,5000.000000,5000.000000,5000.000000,5000.000000,5000.000000,5000.000000,5000.000000,
4998.000000,5000.000000,5000.000000,5000.000000,5000.000000,5000.000000,5000.000000,5000.000000,5000.000000,5000.000000,5000.000000,5000.000000,5000.000000,5000.000000,5000.000000,5000.000000,5000.000000,5000.000000,5000.000000,5000.000000,5000.000000,5000.000000,5000.000000,5000.000000,5000.000000,5000.000000,5000.000000,5000.000000,5000.000000,5000.000000,5000.000000,5000.000000,5000.000000,5000.000000,5000.000000,5000.000000,5000.000000,5000.000000,5000.000000,5000.000000,
