0.000000,0.000000,0.000000,0.000000,0.000000,0.000000,0.000000,0.000000,0.000000,0.000000,0.000000,0.000000,0.000000,0.000000,0.000000,0.000000,0.000000,0.000000,0.000000,0.000000,0.000000,0.000000,0.000000,0.000000,0.000000,0.000000,0.000000,0.000000,0.000000,0.000000,0.000000,0.000000,0.000000,0.000000,0.000000,0.000000,0.000000,0.000000,0.000000,0.000000,
0.000000,5000.000000,5000.000000,5000.000000,5000.000000,5000.000000,5000.000000,5000.000000,5000.000000,5000.000000,5000.000000,5000.000000,5000.000000,5000.000000,5000.000000,5000.000000,5000.000000,5000.000000,5000.000000,5000.000000,5000.000000,5000.000000,5000.000000,5000.000000,5000.000000,5000.000000,5000.000000,5000.000000,5000.000000,5000.000000,5000.000000,5000.000000,5000.000000,5000.000000,5000.000000,5000.000000,5000.000000,5000.000000,5000.000000,5000.000000,
3257.000000,5000.000000,5000.000000,5000.000000,5000.000000,5000.000000,5000.000000,5000.000000,5000.000000,5000.000000,5000.000000,5000.000000,5000.000000,5000.000000,5000.000000,5000.000000,5000.000000,5000.000000,5000.000000,5000.000000,5000.000000,5000.000000,5000.000000,5000.000000,5000.000000,5000.000000,5000.000000,5000.000000,5000.000000,5000.000000,5000.000000,5000.000000,5000.000000,5000.000000,5000.000000,5000.000000,5000.000000,5000.000000,5000.000000,5000.000000,
5000.000000,5000.000000,5000.000000,5000.000000,5000.000000,5000.000000,5000.000000,5000.000000,5000.000000,5000.000000,5000.000000,5000.000000,5000.000000,5000.000000,5000.000000,5000.000000,5000.000000,5000.000000,5000.000000,5000.000000,5000.000000,5000.000000,5000.000000,5000.000000,5000.000000,5000.000000,5000.000000,5000.000000,5000.000000,5000.000000,5000.000000,5000.000000,5000.000000,5000.000000,5000.000000,5000.000000,5000.000000,5000.000000,5000.000000,5000.000000,
5000.000000,5000.000000,5000.000000,5000.000000,5000.000000,5000.000000,5000.000000,5000.000000,5000.000000,5000.000000,5000.000000,5000.000000,5000.000000,5000.000000,5000.000000,5000.000000,5000.000000,5000.000000,5000.000000,5000.000000,5000.000000,5000.000000,5000.000000,5000.000000,5000.000000,5000.000000,5000.000000,5000.000000,5000.000000,5000.000000,5000.000000,5000.000000,5000.000000,5000.000000,5000.000000,5000.000000,5000.000000,5000.000000,5000.000000,5000.000000,
5000.000000,5000.000000,5000.000000,5000.000000,5000.000000,5000.000000,5000.000000,5000.000000,5000.000000,5000.000000,5000.000000,5000.000000,5000.000000,5000.000000,5000.000000,5000.000000,5000.000000,5000.000000,5000.000000,5000.000000,5000.000000,5000.000000,5000.000000,5000.000000,5000.000000,5000.000000,5000.000000,5000.000000,5000.000000,5000.000000,5000.000000,5000.000000,5000.000000,5000.000000,5000.000000,5000.000000,5000.000000,5000.000000,5000.000000,5000.000000,
5000.000000,5000.000000,5000.000000,5000.000000,5000.000000,5000.000000,5000.000000,5000.000000,5000.000000,5000.000000,5000.000000,5000.000000,5000.000000,5000.000000,5000.000000,5000.000000,5000.000000,5000.000000,5000.000000,5000.000000,5000.000000,5000.000000,5000.000000,5000.000000,5000.000000,5000.000000,5000.000000,5000.000000,5000.000000,5000.000000,5000.000000,5000.000000,5000.000000,5000.000000,5000.000000,5000.000000,5000.000000,5000.000000,5000.000000,5000.000000,
5000.000000,5000.000000,5000.000000,5000.000000,5000.000000,5000.000000,5000.000000,5000.000000,5000.000000,5000.000000,5000.000000,5000.000000,5000.000000,5000.000000,5000.000000,5000.000000,5000.000000,5000.000000,5000.000000,5000.000000,5000.000000,5000.000000,5000.000000,5000.000000,5000.000000,5000.000000,5000.000000,5000.000000,5000.000000,5000.000000,5000.000000,5000.000000,5000.000000,5000.000000,5000.000000,5000.000000,5000.000000,5000.000000,5000.000000,5000.000000,
5000.000000,5000.000000,5000.000000,5000.000000,5000.000000,5000.000000,5000.000000,5000.000000,5000.000000,5000.000000,5000.000000,5000.000000,5000.000000,5000.000000,5000.000000,5000.000000,5000.000000,5000.000000,5000.000000,5000.000000,5000.000000,5000.000000,5000.000000,5000.000000,5000.000000,5000.000000,5000.000000,5000.000000,5000.000000,5000.000000,5000.000000,5000.000000,5000.000000,5000.000000,5000.000000,5000.000000,5000.000000,5000.000000,5000.000000,5000.000000,
5000.000000,5000.000000,5000.000000,5000.000000,5000.000000,5000.000000,5000.000000,5000.000000,5000.000000,5000.000000,5000.000000,5000.000000,5000.000000,5000.000000,5000.000000,5000.000000,5000.000000,5000.000000,5000.000000,5000.000000,5000.000000,5000.000000,5000.000000,5000.000000,5000.000000,5000.000000,5000.000000,5000.000000,5000.000000,5000.000000,5000.000000,5000.000000,5000.000000,5000.000000,5000.000000,5000.000000,5000.000000,5000.000000,5000.000000,5000.000000,
5000.000000,5000.000000,5000.000000,5000.000000,5000.000000,5000.000000,5000.000000,5000.000000,5000.000000,5000.000000,5000.000000,5000.000000,5000.000000,5000.000000,5000.000000,5000.000000,5000.000000,5000.000000,5000.000000,5000.000000,5000.000000,5000.000000,5000.000000,5000.000000,5000.000000,5000.000000,5000.000000,5000.000000,5000.000000,5000.000000,5000.000000,5000.000000,5000.000000,5000.000000,5000.000000,5000.000000,5000.000000,5000.000000,5000.000000,5000.000000,
5000.000000,5000.000000,5000.000000,5000.000000,5000.000000,5000.000000,5000.000000,5000.000000,5000.000000,5000.000000,5000.000000,5000.000000,5000.000000,5000.000000,5000.000000,5000.000000,5000.000000,5000.000000,5000.000000,5000.000000,5000.000000,5000.000000,5000.000000,5000.000000,5000.000000,5000.000000,5000.000000,5000.000000,5000.000000,5000.000000,5000.000000,5000.000000,5000.000000,5000.000000,5000.000000,5000.000000,5000.000000,5000.000000,5000.000000,5000.000000,
5000.000000,5000.000000,5000.000000,5000.000000,5000.000000,5000.000000,5000.000000,5000.000000,5000.000000,5000.000000,5000.000000,5000.000000,5000.000000,5000.000000,5000.000000,5000.000000,5000.000000,5000.000000,5000.000000,5000.000000,5000.000000,5000.000000,5000.000000,5000.000000,5000.000000,5000.000000,5000.000000,5000.000000,5000.000000,5000.000000,5000.000000,5000.000000,5000.000000,5000.000000,5000.000000,5000.000000,5000.000000,5000.000000,5000.000000,5000.000000,
2040.000000,5000.000000,5000.000000,5000.000000,5000.000000,5000.000000,5000.000000,5000.000000,5000.000000,5000.000000,5000.000000,5000.000000,5000.000000,5000.000000,5000.000000,5000.000000,5000.000000,5000.000000,5000.000000,5000.000000,5000.000000,5000.000000,5000.000000,5000.000000,5000.000000,5000.000000,5000.000000,5000.000000,5000.000000,5000.000000,5000.000000,5000.000000,5000.000000,5000.000000,5000.000000,5000.000000,5000.000000,5000.000000,5000.000000,5000.000000,
2.000000,5000.000000,5000.000000,5000.000000,5000.000000,5000.000000,5000.000000,5000.000000,5000.000000,5000.000000,5000.000000,5000.000000,5000.000000,5000.000000,5000.000000,5000.000000,5000.000000,5000.000000,5000.000000,5000.000000,5000.000000,5000.000000,5000.000000,5000.000000,5000.000000,5000.000000,5000.000000,5000.000000,5000.000000,5000.000000,5000.000000,5000.000000,5000.000000,5000.000000,5000.000000,5000.000000,5000.000000,5000.000000,5000.000000,5000.000000,
5000.000000,5000.000000,5000.000000,5000.000000,5000.000000,5000.000000,5000.000000,5000.000000,5000.000000,5000.000000,5000.000000,5000.000000,5000.000000,5000.000000,5000.000000,5000.000000,5000.000000,5000.000000,5000.000000,5000.000000,5000.000000,5000.000000,5000.000000,5000.000000,5000.000000,5000.000000,5000.000000,5000.000000,5000.000000,5000.000000,5000.000000,5000.000000,5000.000000,5000.000000,5000.000000,5000.000000,5000.000000,5000.000000,5000.000000,5000.000000,
5000.000000,5000.000000,5000.000000,5000.000000,5000.000000,5000.000000,5000.000000,5000.000000,5000.000000,5000.000000,5000.000000,5000.000000,5000.000000,5000.000000,5000.000000,5000.000000,5000.000000,5000.000000,5000.000000,5000.000000,5000.000000,5000.000000,5000.000000,5000.000000,5000.000000,5000.000000,5000.000000,5000.000000,5000.000000,5000.000000,5000.000000,5000.000000,5000.000000,5000.000000,5000.000000,5000.000000,5000.000000,5000.000000,5000.000000,5000.000000,
2538.000000,5000.000000,5000.000000,5000.000000,5000.000000,5000.000000,5000.000000,5000.000000,5000.000000,5000.000000,5000.000000,5000.000000,5000.000000,5000.000000,5000.000000,5000.000000,5000.000000,5000.000000,5000.000000,5000.000000,5000.000000,5000.000000,5000.000000,5000.000000,5000.000000,5000.000000,5000.000000,5000.000000,5000.000000,5000.000000,5000.000000,5000.000000,5000.000000,5000.000000,5000.000000,5000.000000,5000.000000,5000.000000,5000.000000,5000.000000,
4381.000000,5000.000000,5000.000000,5000.000000,5000.000000,5000.000000,5000.000000,5000.000000,5000.000000,5000.000000,5000.000000,5000.000000,5000.000000,5000.000000,5000.000000,5000.000000,5000.000000,5000.000000,5000.000000,5000.000000,5000.000000,5000.000000,5000.000000,5000.000000,5000.000000,5000.000000,5000.000000,5000.000000,5000.000000,5000.000000,5000.000000,5000.000000,5000.000000,5000.000000,5000.000000,5000.000000,5000.000000,5000.000000,5000.000000,5000.000000,
5000.000000,5000.000000,5000.000000,5000.000000,5000.000000,5000.000000,5000.000000,5000.000000,5000.000000,5000.000000,5000.000000,5000.000000,5000.000000,5000.000000,5000.000000,5000.000000,5000.000000,5000.000000,5000.000000,5000.000000,5000.000000,5000.000000,5000.000000,5000.000000,5000.000000,5000.000000,5000.000000,5000.000000,5000.000000,5000.000000,5000.000000,5000.000000,5000.000000,5000.000000,5000.000000,5000.000000,5000.000000,5000.000000,5000.000000,5000.000000,
677.000000,5000.000000,5000.000000,5000.000000,5000.000000,5000.000000,5000.000000,5000.000000,5000.000000,5000.000000,5000.000000,5000.000000,5000.000000,5000.000000,5000.000000,5000.000000,5000.000000,5000.000000,5000.000000,5000.000000,5000.000000,5000.000000,5000.000000,5000.000000,5000.000000,5000.000000,5000.000000,5000.000000,5000.000000,5000.000000,5000.000000,5000.000000,5000.000000,5000.000000,5000.000000,5000.000000,5000.000000,5000.000000,5000.000000,5000.000000,
5000.000000,5000.000000,5000.000000,5000.000000,5000.000000,5000.000000,5000.000000,5000.000000,5000.000000,5000.000000,5000.000000,5000.000000,5000.000000,5000.000000,5000.000000,5000.000000,5000.000000,5000.000000,5000.000000,5000.000000,5000.000000,5000.000000,5000.000000,5000.000000,5000.000000,5000.000000,5000.000000,5000.000000,5000.000000,5000.000000,5000.000000,5000.000000,5000.000000,5000.000000,5000.000000,5000.000000,5000.000000,5000.000000,5000.000000,5000.000000,
5000.000000,5000.000000,5000.000000,5000.000000,5000.000000,5000.000000,5000.000000,5000.000000,5000.000000,5000.000000,5000.000000,5000.000000,5000.000000,5000.000000,5000.000000,5000.000000,5000.000000,5000.000000,5000.000000,5000.000000,5000.000000,5000.000000,5000.000000,5000.000000,5000.000000,5000.000000,5000.000000,5000.000000,5000.000000,5000.000000,5000.000000,5000.000000,5000.000000,5000.000000,5000.000000,5000.000000,5000.000000,5000.000000,5000.000000,5000.000000,
5000.000000,5000.000000,5000.000000,5000.000000,5000.000000,5000.000000,5000.000000,5000.000000,5000.000000,5000.000000,5000.000000,5000.000000,5000.000000,5000.000000,5000.000000,5000.000000,5000.000000,5000.000000,5000.000000,5000.000000,5000.000000,5000.000000,5000.000000,5000.000000,5000.000000,5000.000000,5000.000000,5000.000000,5000.000000,5000.000000,5000.000000,5000.000000,5000.000000,5000.000000,5000.000000,5000.000000,5000.000000,5000.000000,5000.000000,5000.000000,
5000.000000,5000.000000,5000.000000,5000.000000,5000.000000,5000.000000,5000.000000,5000.000000,5000.000000,5000.000000,5000.000000,5000.000000,5000.000000,5000.000000,5000.000000,5000.000000,5000.000000,5000.000000,5000.000000,5000.000000,5000.000000,5000.000000,5000.000000,5000.000000,5000.000000,5000.000000,5000.000000,5000.000000,5000.000000,5000.000000,5000.000000,5000.000000,5000.000000,5000.000000,5000.000000,5000.000000,5000.000000,5000.000000,5000.000000,5000.000000,
4385.000000,5000.000000,5000.000000,5000.000000,5000.000000,5000.000000,5000.000000,5000.000000,5000.000000,5000.000000,5000.000000,5000.000000,5000.000000,5000.000000,5000.000000,5000.000000,5000.000000,5000.000000,5000.000000,5000.000000,5000.000000,5000.000000,5000.000000,5000.000000,5000.000000,5000.000000,5000.000000,5000.000000,5000.000000,5000.000000,5000.000000,5000.000000,5000.000000,5000.000000,5000.000000,5000.000000,5000.000000,5000.000000,5000.000000,5000.000000,
5000.000000,5000.000000,5000.000000,5000.000000,5000.000000,5000.000000,5000.000000,5000.000000,5000.000000,5000.000000,5000.000000,5000.000000,5000.000000,5000.000000,5000.000000,5000.000000,5000.000000,5000.000000,5000.000000,5000.000000,5000.000000,5000.000000,5000.000000,5000.000000,5000.000000,5000.000000,5000.000000,5000.000000,5000.000000,5000.000000,5000.000000,5000.000000,5000.000000,5000.000000,5000.000000,5000.000000,5000.000000,5000.000000,5000.000000,5000.000000,
5000.000000,5000.000000,5000.000000,5000.000000,5000.000000,5000.000000,5000.000000,5000.000000,5000.000000,5000.000000,5000.000000,5000.000000,5000.000000,5000.000000,5000.000000,5000.000000,5000.000000,5000.000000,5000.000000,5000.000000,5000.000000,5000.000000,5000.000000,5000.000000,5000.000000,5000.000000,5000.000000,5000.000000,5000.000000,5000.000000,5000.000000,5000.000000,5000.000000,5000.000000,5000.000000,5000.000000,5000.000000,5000.000000,5000.000000,5000.000000,
5000.000000,5000.000000,5000.000000,5000.000000,5000.000000,5000.000000,5000.000000,5000.000000,5000.000000,5000.000000,5000.000000,5000.000000,5000.000000,5000.000000,5000.000000,5000.000000,5000.000000,5000.000000,5000.000000,5000.000000,5000.000000,5000.000000,5000.000000,5000.000000,5000.000000,5000.000000,5000.000000,5000.000000,5000.000000,5000.000000,5000.000000,5000.000000,5000.000000,5000.000000,5000.000000,5000.000000,5000.000000,5000.000000,5000.000000,5000.000000,
5000.000000,5000.000000,5000.000000,5000.000000,5000.000000,5000.000000,5000.000000,5000.000000,5000.000000,5000.000000,5000.000000,5000.000000,5000.000000,5000.000000,5000.000000,5000.000000,5000.000000,5000.000000,5000.000000,5000.000000,5000.000000,5000.000000,5000.000000,5000.000000,5000.000000,5000.000000,5000.000000,5000.000000,5000.000000,5000.000000,5000.000000,5000.000000,5000.000000,5000.000000,5000.000000,5000.000000,5000.000000,5000.000000,5000.000000,5000.000000,
5000.000000,5000.000000,5000.000000,5000.000000,5000.000000,5000.000000,5000.000000,5000.000000,5000.000000,5000.000000,5000.000000,5000.000000,5000.000000,5000.000000,5000.000000,5000.000000,5000.000000,5000.000000,5000.000000,5000.000000,5000.000000,5000.000000,5000.000000,5000.000000,5000.000000,5000.000000,5000.000000,5000.000000,5000.000000,5000.000000,5000.000000,5000.000000,5000.000000,5000.000000,5000.000000,5000.000000,5000.000000,5000.000000,5000.000000,5000.000000,
5000.000000,5000.000000,5000.000000,5000.000000,5000.000000,5000.000000,5000.000000,5000.000000,5000.000000,5000.000000,5000.000000,5000.000000,5000.000000,5000.000000,5000.000000,5000.000000,5000.000000,5000.000000,5000.000000,5000.000000,5000.000000,5000.000000,5000.000000,5000.000000,5000.000000,5000.000000,5000.000000,5000.000000,5000.000000,5000.000000,5000.000000,5000.000000,5000.000000,5000.000000,5000.000000,5000.000000,5000.000000,5000.000000,5000.000000,5000.000000,
5000.000000,5000.000000,5000.000000,5000.000000,5000.000000,5000.000000,5000.000000,5000.000000,5000.000000,5000.000000,5000.000000,5000.000000,5000.000000,5000.000000,5000.000000,5000.000000,5000.000000,5000.000000,5000.000000,5000.000000,5000.000000,5000.000000,5000.000000,5000.000000,5000.000000,5000.000000,5000.000000,5000.000000,5000.000000,5000.000000,5000.000000,5000.000000,5000.000000,5000.000000,5000.000000,5000.000000,5000.000000,5000.000000,5000.000000,5000.000000,
5000.000000,5000.000000,5000.000000,5000.000000,5000.000000,5000.000000,5000.000000,5000.000000,5000.000000,5000.000000,5000.000000,5000.000000,5000.000000,5000.000000,5000.000000,5000.000000,5000.000000,5000.000000,5000.000000,5000.000000,5000.000000,5000.000000,5000.000000,5000.000000,5000.000000,5000.000000,5000.000000,5000.000000,5000.000000,5000.000000,5000.000000,5000.000000,5000.000000,5000.000000,5000.000000,5000.000000,5000.000000,5000.000000,5000.000000,5000.000000,
5000.000000,5000.000000,5000.000000,5000.000000,5000.000000,5000.000000,5000.000000,5000.000000,5000.000000,5000.000000,5000.000000,5000.000000,5000.000000,5000.000000,5000.000000,5000.000000,5000.000000,5000.000000,5000.000000,5000.000000,5000.000000,5000.000000,5000.000000,5000.000000,5000.000000,5000.000000,5000.000000,5000.000000,5000.000000,5000.000000,5000.000000,5000.000000,5000.000000,5000.000000,5000.000000,5000.000000,5000.000000,5000.000000,5000.000000,5000.000000,
5000.000000,5000.000000,5000.000000,5000.000000,5000.000000,5000.000000,5000.000000,5000.000000,5000.000000,5000.000000,5000.000000,5000.000000,5000.000000,5000.000000,5000.000000,5000.000000,5000.000000,5000.000000,5000.000000,5000.000000,5000.000000,5000.000000,5000.000000,5000.000000,5000.000000,5000.000000,5000.000000,5000.000000,5000.000000,5000.000000,5000.000000,5000.000000,5000.000000,5000.000000,5000.000000,5000.000000,5000.000000,5000.000000,5000.000000,5000.000000,
5000.000000,5000.000000,5000.000000,5000.000000,5000.000000,5000.000000,5000.000000,5000.000000,5000.000000,5000.000000,5000.000000,5000.000000,5000.000000,5000.000000,5000.000000,5000.000000,5000.000000,5000.000000,5000.000000,5000.000000,5000.000000,5000.000000,5000.000000,5000.000000,5000.000000,5000.000000,5000.000000,5000.000000,5000.000000,5000.000000,5000.000000,5000.000000,5000.000000,5000.000000,5000.000000,5000.000000,5000.000000,5000.000000,5000.000000,5000.000000,
5000.000000,5000.000000,5000.000000,5000.000000,5000.000000,5000.000000,5000.000000,5000.000000,5000.000000,5000.000000,5000.000000,5000.000000,5000.000000,5000.000000,5000.000000,5000.000000,5000.000000,5000.000000,5000.000000,5000.000000,5000.000000,5000.000000,5000.000000,5000.000000,5000.000000,5000.000000,5000.000000,5000.000000,5000.000000,5000.000000,5000.000000,5000.000000,5000.000000,5000.000000,5000.000000,5000.000000,5000.000000,5000.000000,5000.000000,5000.000000,
5000.000000,5000.000000,5000.000000,5000.000000,5000.000000,5000.000000,5000.000000,5000.000000,5000.000000,5000.000000,5000.000000,5000.000000,5000.000000,5000.000000,5000.000000,5000.000000,5000.000000,5000.000000,5000.000000,5000.000000,5000.000000,5000.000000,5000.000000,5000.000000,5000.000000,5000.000000,5000.000000,5000.000000,5000.000000,5000.000000,5000.000000,5000.000000,5000.000000,5000.000000,5000.000000,5000.000000,5000.000000,5000.000000,5000.000000,5000.000000,
5000.000000,5000.000000,5000.000000,5000.000000,5000.000000,5000.000000,5000.000000,5000.000000,5000.000000,5000.000000,5000.000000,5000.000000,5000.000000,5000.000000,5000.000000,5000.000000,5000.000000,5000.000000,5000.000000,5000.000000,5000.000000,5000.000000,5000.000000,5000.000000,5000.000000,5000.000000,5000.000000,5000.000000,5000.000000,5000.000000,5000.000000,5000.000000,5000.000000,5000.000000,5000.000000,5000.000000,5000.000000,5000.000000,5000.000000,5000.000000,
5000.000000,5000.000000,5000.000000,5000.000000,5000.000000,5000.000000,5000.000000,5000.000000,5000.000000,5000.000000,5000.000000,5000.000000,5000.000000,5000.000000,5000.000000,5000.000000,5000.000000,5000.000000,5000.000000,5000.000000,5000.000000,5000.000000,5000.000000,5000.000000,5000.000000,5000.000000,5000.000000,5000.000000,5000.000000,5000.000000,5000.000000,5000.000000,5000.000000,5000.000000,5000.000000,5000.000000,5000.000000,5000.000000,5000.000000,5000.000000,
5000.000000,5000.000000,5000.000000,5000.000000,5000.000000,5000.000000,5000.000000,5000.000000,5000.000000,5000.000000,5000.000000,5000.000000,5000.000000,5000.000000,5000.000000,5000.000000,5000.000000,5000.000000,5000.000000,5000.000000,5000.000000,5000.000000,5000.000000,5000.000000,5000.000000,5000.000000,5000.000000,5000.000000,5000.000000,5000.000000,5000.000000,5000.000000,5000.000000,5000.000000,5000.000000,5000.000000,5000.000000,5000.000000,5000.000000,5000.000000,
2222.000000,5000.000000,5000.000000,5000.000000,5000.000000,5000.000000,5000.000000,5000.000000,5000.000000,5000.000000,5000.000000,5000.000000,5000.000000,5000.000000,5000.000000,5000.000000,5000.000000,5000.000000,5000.000000,5000.000000,5000.000000,5000.000000,5000.000000,5000.000000,5000.000000,5000.000000,5000.000000,5000.000000,5000.000000,5000.000000,5000.000000,5000.000000,5000.000000,5000.000000,5000.000000,5000.000000,5000.000000,5000.000000,5000.000000,5000.000000,
5000.000000,5000.000000,5000.000000,5000.000000,5000.000000,5000.000000,5000.000000,5000.000000,5000.000000,5000.000000,5000.000000,5000.000000,5000.000000,5000.000000,5000.000000,5000.000000,5000.000000,5000.000000,5000.000000,5000.000000,5000.000000,5000.000000,5000.000000,5000.000000,5000.000000,5000.000000,5000.000000,5000.000000,5000.000000,5000.000000,5000.000000,5000.000000,5000.000000,5000.000000,5000.000000,5000.000000,5000.000000,5000.000000,5000.000000,5000.000000,
5000.000000,5000.000000,5000.000000,5000.000000,5000.000000,5000.000000,5000.000000,5000.000000,5000.000000,5000.000000,5000.000000,5000.000000,5000.000000,5000.000000,5000.000000,5000.000000,5000.000000,5000.000000,5000.000000,5000.000000,5000.000000,5000.000000,5000.000000,5000.000000,5000.000000,5000.000000,5000.000000,5000.000000,5000.000000,5000.000000,5000.000000,5000.000000,5000.000000,5000.000000,5000.000000,5000.000000,5000.000000,5000.000000,5000.000000,5000.000000,
5000.000000,5000.000000,5000.000000,5000.000000,5000.000000,5000.000000,5000.000000,5000.000000,5000.000000,5000.000000,5000.000000,5000.000000,5000.000000,5000.000000,5000.000000,5000.000000,5000.000000,5000.000000,5000.000000,5000.000000,5000.000000,5000.000000,5000.000000,5000.000000,5000.000000,5000.000000,5000.000000,5000.000000,5000.000000,5000.000000,5000.000000,5000.000000,5000.000000,5000.000000,5000.000000,5000.000000,5000.000000,5000.000000,5000.000000,5000.000000,
5000.000000,5000.000000,5000.000000,5000.000000,5000.000000,5000.000000,5000.000000,5000.000000,5000.000000,5000.000000,5000.000000,5000.000000,5000.000000,5000.000000,5000.000000,5000.000000,5000.000000,5000.000000,5000.000000,5000.000000,5000.000000,5000.000000,5000.000000,5000.000000,5000.000000,5000.000000,5000.000000,5000.000000,5000.000000,5000.000000,5000.000000,5000.000000,5000.000000,5000.000000,5000.000000,5000.000000,5000.000000,5000.000000,5000.000000,5000.000000,
2.000000,921.000000,1672.000000,5000.000000,5000.000000,5000.000000,5000.000000,5000.000000,5000.000000,5000.000000,5000.000000,5000.000000,5000.000000,5000.000000,5000.000000,5000.000000,5000.000000,5000.000000,5000.000000,5000.000000,5000.000000,5000.000000,5000.000000,5000.000000,5000.000000,5000.000000,5000.000000,5000.000000,5000.000000,5000.000000,5000.000000,5000.000000,5000.000000,5000.000000,5000.000000,5000.000000,5000.000000,5000.000000,5000.000000,5000.000000,
5000.000000,5000.000000,5000.000000,5000.000000,5000.000000,5000.000000,5000.000000,5000.000000,5000.000000,5000.000000,5000.000000,5000.000000,5000.000000,5000.000000,5000.000000,5000.000000,5000.000000,5000.000000,5000.000000,5000.000000,5000.000000,5000.000000,5000.000000,5000.000000,5000.000000,5000.000000,5000.000000,5000.000000,5000.000000,5000.000000,5000.000000,5000.000000,5000.000000,5000.000000,5000.000000,5000.000000,5000.000000,5000.000000,5000.000000,5000.000000,
5000.000000,5000.000000,5000.000000,5000.000000,5000.000000,5000.000000,5000.000000,5000.000000,5000.000000,5000.000000,5000.000000,5000.000000,5000.000000,5000.000000,5000.000000,5000.000000,5000.000000,5000.000000,5000.000000,5000.000000,5000.000000,5000.000000,5000.000000,5000.000000,5000.000000,5000.000000,5000.000000,5000.000000,5000.000000,5000.000000,5000.000000,5000.000000,5000.000000,5000.000000,5000.000000,5000.000000,5000.000000,5000.000000,5000.000000,5000.000000,
4856.000000,5000.000000,5000.000000,5000.000000,5000.000000,5000.000000,5000.000000,5000.000000,5000.000000,5000.000000,5000.000000,5000.000000,5000.000000,5000.000000,5000.000000,5000.000000,5000.000000,5000.000000,5000.000000,5000.000000,5000.000000,5000.000000,5000.000000,5000.000000,5000.000000,5000.000000,5000.000000,5000.000000,5000.000000,5000.000000,5000.000000,5000.000000,5000.000000,5000.000000,5000.000000,5000.000000,5000.000000,5000.000000,5000.000000,5000.000000,
5000.000000,5000.000000,5000.000000,5000.000000,5000.000000,5000.000000,5000.000000,5000.000000,5000.000000,5000.000000,5000.000000,5000.000000,5000.000000,5000.000000,5000.000000,5000.000000,5000.000000,5000.000000,5000.000000,5000.000000,5000.000000,5000.000000,5000.000000,5000.000000,5000.000000,5000.000000,5000.000000,5000.000000,5000.000000,5000.000000,5000.000000,5000.000000,5000.000000,5000.000000,5000.000000,5000.000000,5000.000000,5000.000000,5000.000000,5000.000000,
5000.000000,5000.000000,5000.000000,5000.000000,5000.000000,5000.000000,5000.000000,5000.000000,5000.000000,5000.000000,5000.000000,5000.000000,5000.000000,5000.000000,5000.000000,5000.000000,5000.000000,5000.000000,5000.000000,5000.000000,5000.000000,5000.000000,5000.000000,5000.000000,5000.000000,5000.000000,5000.000000,5000.000000,5000.000000,5000.000000,5000.000000,5000.000000,5000.000000,5000.000000,5000.000000,5000.000000,5000.000000,5000.000000,5000.000000,5000.000000,
5000.000000,5000.000000,5000.000000,5000.000000,5000.000000,5000.000000,5000.000000,5000.000000,5000.000000,5000.000000,5000.000000,5000.000000,5000.000000,5000.000000,5000.000000,5000.000000,5000.000000,5000.000000,5000.000000,5000.000000,5000.000000,5000.000000,5000.000000,5000.000000,5000.000000,5000.000000,5000.000000,5000.000000,5000.000000,5000.000000,5000.000000,5000.000000,5000.000000,5000.000000,5000.000000,5000.000000,5000.000000,5000.000000,5000.000000,5000.000000,
5000.000000,5000.000000,5000.000000,5000.000000,5000.000000,5000.000000,5000.000000,5000.000000,5000.000000,5000.000000,5000.000000,5000.000000,5000.000000,5000.000000,5000.000000,5000.000000,5000.000000,5000.000000,5000.000000,5000.000000,5000.000000,5000.000000,5000.000000,5000.000000,5000.000000,5000.000000,5000.000000,5000.000000,5000.000000,5000.000000,5000.000000,5000.000000,5000.000000,5000.000000,5000.000000,5000.000000,5000.000000,5000.000000,5000.000000,5000.000000,
5000.000000,5000.000000,5000.000000,5000.000000,5000.000000,5000.000000,5000.000000,5000.000000,5000.000000,5000.000000,5000.000000,5000.000000,5000.000000,5000.000000,5000.000000,5000.000000,5000.000000,5000.000000,5000.000000,5000.000000,5000.000000,5000.000000,5000.000000,5000.000000,5000.000000,5000.000000,5000.000000,5000.000000,5000.000000,5000.000000,5000.000000,5000.000000,5000.000000,5000.000000,5000.000000,5000.000000,5000.000000,5000.000000,5000.000000,5000.000000,
5000.000000,5000.000000,5000.000000,5000.000000,5000.000000,5000.000000,5000.000000,5000.000000,5000.000000,5000.000000,5000.000000,5000.000000,5000.000000,5000.000000,5000.000000,5000.000000,5000.000000,5000.000000,5000.000000,5000.000000,5000.000000,5000.000000,5000.000000,5000.000000,5000.000000,5000.000000,5000.000000,5000.000000,5000.000000,5000.000000,5000.000000,5000.000000,5000.000000,5000.000000,5000.000000,5000.000000,5000.000000,5000.000000,5000.000000,5000.000000,
5000.000000,5000.000000,5000.000000,5000.000000,5000.000000,5000.000000,5000.000000,5000.000000,5000.000000,5000.000000,5000.000000,5000.000000,5000.000000,5000.000000,5000.000000,5000.000000,5000.000000,5000.000000,5000.000000,5000.000000,5000.000000,5000.000000,5000.000000,5000.000000,5000.000000,5000.000000,5000.000000,5000.000000,5000.000000,5000.000000,5000.000000,5000.000000,5000.000000,5000.000000,5000.000000,5000.000000,5000.000000,5000.000000,5000.000000,5000.000000,
5000.000000,5000.000000,5000.000000,5000.000000,5000.000000,5000.000000,5000.000000,5000.000000,5000.000000,5000.000000,5000.000000,5000.000000,5000.000000,5000.000000,5000.000000,5000.000000,5000.000000,5000.000000,5000.000000,5000.000000,5000.000000,5000.000000,5000.000000,5000.000000,5000.000000,5000.000000,5000.000000,5000.000000,5000.000000,5000.000000,5000.000000,5000.000000,5000.000000,5000.000000,5000.000000,5000.000000,5000.000000,5000.000000,5000.000000,5000.000000,
5000.000000,5000.000000,5000.000000,5000.000000,5000.000000,5000.000000,5000.000000,5000.000000,5000.000000,5000.000000,5000.000000,5000.000000,5000.000000,5000.000000,5000.000000,5000.000000,5000.000000,5000.000000,5000.000000,5000.000000,5000.000000,5000.000000,5000.000000,5000.000000,5000.000000,5000.000000,5000.000000,5000.000000,5000.000000,5000.000000,5000.000000,5000.000000,5000.000000,5000.000000,5000.000000,5000.000000,5000.000000,5000.000000,5000.000000,5000.000000,
5000.000000,5000.000000,5000.000000,5000.000000,5000.000000,5000.000000,5000.000000,5000.000000,5000.000000,5000.000000,5000.000000,5000.000000,5000.000000,5000.000000,5000.000000,5000.000000,5000.000000,5000.000000,5000.000000,5000.000000,5000.000000,5000.000000,5000.000000,5000.000000,5000.000000,5000.000000,5000.000000,5000.000000,5000.000000,5000.000000,5000.000000,5000.000000,5000.000000,5000.000000,5000.000000,5000.000000,5000.000000,5000.000000,5000.000000,5000.000000,
5000.000000,5000.000000,5000.000000,5000.000000,5000.000000,5000.000000,5000.000000,5000.000000,5000.000000,5000.000000,5000.000000,5000.000000,5000.000000,5000.000000,5000.000000,5000.000000,5000.000000,5000.000000,5000.000000,5000.000000,5000.000000,5000.000000,5000.000000,5000.000000,5000.000000,5000.000000,5000.000000,5000.000000,5000.000000,5000.000000,5000.000000,5000.000000,5000.000000,5000.000000,5000.000000,5000.000000,5000.000000,5000.000000,5000.000000,5000.000000,
5000.000000,5000.000000,5000.000000,5000.000000,5000.000000,5000.000000,5000.000000,5000.000000,5000.000000,5000.000000,5000.000000,5000.000000,5000.000000,5000.000000,5000.000000,5000.000000,5000.000000,5000.000000,5000.000000,5000.000000,5000.000000,5000.000000,5000.000000,5000.000000,5000.000000,5000.000000,5000.000000,5000.000000,5000.000000,5000.000000,5000.000000,5000.000000,5000.000000,5000.000000,5000.000000,5000.000000,5000.000000,5000.000000,5000.000000,5000.000000,
5000.000000,5000.000000,5000.000000,5000.000000,5000.000000,5000.000000,5000.000000,5000.000000,5000.000000,5000.000000,5000.000000,5000.000000,5000.000000,5000.000000,5000.000000,5000.000000,5000.000000,5000.000000,5000.000000,5000.000000,5000.000000,5000.000000,5000.000000,5000.000000,5000.000000,5000.000000,5000.000000,5000.000000,5000.000000,5000.000000,5000.000000,5000.000000,5000.000000,5000.000000,5000.000000,5000.000000,5000.000000,5000.000000,5000.000000,5000.000000,
5000.000000,5000.000000,5000.000000,5000.000000,5000.000000,5000.000000,5000.000000,5000.000000,5000.000000,5000.000000,5000.000000,5000.000000,5000.000000,5000.000000,5000.000000,5000.000000,5000.000000,5000.000000,5000.000000,5000.000000,5000.000000,5000.000000,5000.000000,5000.000000,5000.000000,5000.000000,5000.000000,5000.000000,5000.000000,5000.000000,5000.000000,5000.000000,5000.000000,5000.000000,5000.000000,5000.000000,5000.000000,5000.000000,5000.000000,5000.000000,
5000.000000,5000.000000,5000.000000,5000.000000,5000.000000,5000.000000,5000.000000,5000.000000,5000.000000,5000.000000,5000.000000,5000.000000,5000.000000,5000.000000,5000.000000,5000.000000,5000.000000,5000.000000,5000.000000,5000.000000,5000.000000,5000.000000,5000.000000,5000.000000,5000.000000,5000.000000,5000.000000,5000.000000,5000.000000,5000.000000,5000.000000,5000.000000,5000.000000,5000.000000,5000.000000,5000.000000,5000.000000,5000.000000,5000.000000,5000.000000,
5000.000000,5000.000000,5000.000000,5000.000000,5000.000000,5000.000000,5000.000000,5000.000000,5000.000000,5000.000000,5000.000000,5000.000000,5000.000000,5000.000000,5000.000000,5000.000000,5000.000000,5000.000000,5000.000000,5000.000000,5000.000000,5000.000000,5000.000000,5000.000000,5000.000000,5000.000000,5000.000000,5000.000000,5000.000000,5000.000000,5000.000000,5000.000000,5000.000000,5000.000000,5000.000000,5000.000000,5000.000000,5000.000000,5000.000000,5000.000000,
5000.000000,5000.000000,5000.000000,5000.000000,5000.000000,5000.000000,5000.000000,5000.000000,5000.000000,5000.000000,5000.000000,5000.000000,5000.000000,5000.000000,5000.000000,5000.000000,5000.000000,5000.000000,5000.000000,5000.000000,5000.000000,5000.000000,5000.000000,5000.000000,5000.000000,5000.000000,5000.000000,5000.000000,5000.000000,5000.000000,5000.000000,5000.000000,5000.000000,5000.000000,5000.000000,5000.000000,5000.000000,5000.000000,5000.000000,5000.000000,
5000.000000,5000.000000,5000.000000,5000.000000,5000.000000,5000.000000,5000.000000,5000.000000,5000.000000,5000.000000,5000.000000,5000.000000,5000.000000,5000.000000,5000.000000,5000.000000,5000.000000,5000.000000,5000.000000,5000.000000,5000.000000,5000.000000,5000.000000,5000.000000,5000.000000,5000.000000,5000.000000,5000.000000,5000.000000,5000.000000,5000.000000,5000.000000,5000.000000,5000.000000,5000.000000,5000.000000,5000.000000,5000.000000,5000.000000,5000.000000,
5000.000000,5000.000000,5000.000000,5000.000000,5000.000000,5000.000000,5000.000000,5000.000000,5000.000000,5000.000000,5000.000000,5000.000000,5000.000000,5000.000000,5000.000000,5000.000000,5000.000000,5000.000000,5000.000000,5000.000000,5000.000000,5000.000000,5000.000000,5000.000000,5000.000000,5000.000000,5000.000000,5000.000000,5000.000000,5000.000000,5000.000000,5000.000000,5000.000000,5000.000000,5000.000000,5000.000000,5000.000000,5000.000000,5000.000000,5000.000000,
5000.000000,5000.000000,5000.000000,5000.000000,5000.000000,5000.000000,5000.000000,5000.000000,5000.000000,5000.000000,5000.000000,5000.000000,5000.000000,5000.000000,5000.000000,5000.000000,5000.000000,5000.000000,5000.000000,5000.000000,5000.000000,5000.000000,5000.000000,5000.000000,5000.000000,5000.000000,5000.000000,5000.000000,5000.000000,5000.000000,5000.000000,5000.000000,5000.000000,5000.000000,5000.000000,5000.000000,5000.000000,5000.000000,5000.000000,5000.000000,
5000.000000,5000.000000,5000.000000,5000.000000,5000.000000,5000.000000,5000.000000,5000.000000,5000.000000,5000.000000,5000.000000,5000.000000,5000.000000,5000.000000,5000.000000,5000.000000,5000.000000,5000.000000,5000.000000,5000.000000,5000.000000,5000.000000,5000.000000,5000.000000,5000.000000,5000.000000,5000.000000,5000.000000,5000.000000,5000.000000,5000.000000,5000.000000,5000.000000,5000.000000,5000.000000,5000.000000,5000.000000,5000.000000,5000.000000,5000.000000,
5000.000000,5000.000000,5000.000000,5000.000000,5000.000000,5000.000000,5000.000000,5000.000000,5000.000000,5000.000000,5000.000000,5000.000000,5000.000000,5000.000000,5000.000000,5000.000000,5000.000000,5000.000000,5000.000000,5000.000000,5000.000000,5000.000000,5000.000000,5000.000000,5000.000000,5000.000000,5000.000000,5000.000000,5000.000000,5000.000000,5000.000000,5000.000000,5000.000000,5000.000000,5000.000000,5000.000000,5000.000000,5000.000000,5000.000000,5000.000000,
5000.000000,5000.000000,5000.000000,5000.000000,5000.000000,5000.000000,5000.000000,5000.000000,5000.000000,5000.000000,5000.000000,5000.000000,5000.000000,5000.000000,5000.000000,5000.000000,5000.000000,5000.000000,5000.000000,5000.000000,5000.000000,5000.000000,5000.000000,5000.000000,5000.000000,5000.000000,5000.000000,5000.000000,5000.000000,5000.000000,5000.000000,5000.000000,5000.000000,5000.000000,5000.000000,5000.000000,5000.000000,5000.000000,5000.000000,5000.000000,
641.000000,5000.000000,5000.000000,5000.000000,5000.000000,5000.000000,5000.000000,5000.000000,5000.000000,5000.000000,5000.000000,5000.000000,5000.000000,5000.000000,5000.000000,5000.000000,5000.000000,5000.000000,5000.000000,5000.000000,5000.000000,5000.000000,5000.000000,5000.000000,5000.000000,5000.000000,5000.000000,5000.000000,5000.000000,5000.000000,5000.000000,5000.000000,5000.000000,5000.000000,5000.000000,5000.000000,5000.000000,5000.000000,5000.000000,5000.000000,
149.000000,1442.000000,5000.000000,5000.000000,5000.000000,5000.000000,5000.000000,5000.000000,5000.000000,5000.000000,5000.000000,5000.000000,5000.000000,5000.000000,5000.000000,5000.000000,5000.000000,5000.000000,5000.000000,5000.000000,5000.000000,5000.000000,5000.000000,5000.000000,5000.000000,5000.000000,5000.000000,5000.000000,5000.000000,5000.000000,5000.000000,5000.000000,5000.000000,5000.000000,5000.000000,5000.000000,5000.000000,5000.000000,5000.000000,5000.000000,
5000.000000,5000.000000,5000.000000,5000.000000,5000.000000,5000.000000,5000.000000,5000.000000,5000.000000,5000.000000,5000.000000,5000.000000,5000.000000,5000.000000,5000.000000,5000.000000,5000.000000,5000.000000,5000.000000,5000.000000,5000.000000,5000.000000,5000.000000,5000.000000,5000.000000,5000.000000,5000.000000,5000.000000,5000.000000,5000.000000,5000.000000,5000.000000,5000.000000,5000.000000,5000.000000,5000.000000,5000.000000,5000.000000,5000.000000,5000.000000,
5000.000000,5000.000000,5000.000000,5000.000000,5000.000000,5000.000000,5000.000000,5000.000000,5000.000000,5000.000000,5000.000000,5000.000000,5000.000000,5000.000000,5000.000000,5000.000000,5000.000000,5000.000000,5000.000000,5000.000000,5000.000000,5000.000000,5000.000000,5000.000000,5000.000000,5000.000000,5000.000000,5000.000000,5000.000000,5000.000000,5000.000000,5000.000000,5000.000000,5000.000000,5000.000000,5000.000000,5000.000000,5000.000000,5000.000000,5000.000000,
4149.000000,5000.000000,5000.000000,5000.000000,5000.000000,5000.000000,5000.000000,5000.000000,5000.000000,5000.000000,5000.000000,5000.000000,5000.000000,5000.000000,5000.000000,5000.000000,5000.000000,5000.000000,5000.000000,5000.000000,5000.000000,5000.000000,5000.000000,5000.000000,5000.000000,5000.000000,5000.000000,5000.000000,5000.000000,5000.000000,5000.000000,5000.000000,5000.000000,5000.000000,5000.000000,5000.000000,5000.000000,5000.000000,5000.000000,5000.000000,
5000.000000,5000.000000,5000.000000,5000.000000,5000.000000,5000.000000,5000.000000,5000.000000,5000.000000,5000.000000,5000.000000,5000.000000,5000.000000,5000.000000,5000.000000,5000.000000,5000.000000,5000.000000,5000.000000,5000.000000,5000.000000,5000.000000,5000.000000,5000.000000,5000.000000,5000.000000,5000.000000,5000.000000,5000.000000,5000.000000,5000.000000,5000.000000,5000.000000,5000.000000,5000.000000,5000.000000,5000.000000,5000.000000,5000.000000,5000.000000,
5000.000000,5000.000000,5000.000000,5000.000000,5000.000000,5000.000000,5000.000000,5000.000000,5000.000000,5000.000000,5000.000000,5000.000000,5000.000000,5000.000000,5000.000000,5000.000000,5000.000000,5000.000000,5000.000000,5000.000000,5000.000000,5000.000000,5000.000000,5000.000000,5000.000000,5000.000000,5000.000000,5000.000000,5000.000000,5000.000000,5000.000000,5000.000000,5000.000000,5000.000000,5000.000000,5000.000000,5000.000000,5000.000000,5000.000000,5000.000000,
5000.000000,5000.000000,5000.000000,5000.000000,5000.000000,5000.000000,5000.000000,5000.000000,5000.000000,5000.000000,5000.000000,5000.000000,5000.000000,5000.000000,5000.000000,5000.000000,5000.000000,5000.000000,5000.000000,5000.000000,5000.000000,5000.000000,5000.000000,5000.000000,5000.000000,5000.000000,5000.000000,5000.000000,5000.000000,5000.000000,5000.000000,5000.000000,5000.000000,5000.000000,5000.000000,5000.000000,5000.000000,5000.000000,5000.000000,5000.000000,
5000.000000,5000.000000,5000.000000,5000.000000,5000.000000,5000.000000,5000.000000,5000.000000,5000.000000,5000.000000,5000.000000,5000.000000,5000.000000,5000.000000,5000.000000,5000.000000,5000.000000,5000.000000,5000.000000,5000.000000,5000.000000,5000.000000,5000.000000,5000.000000,5000.000000,5000.000000,5000.000000,5000.000000,5000.000000,5000.000000,5000.000000,5000.000000,5000.000000,5000.000000,5000.000000,5000.000000,5000.000000,5000.000000,5000.000000,5000.000000,
5000.000000,5000.000000,5000.000000,5000.000000,5000.000000,5000.000000,5000.000000,5000.000000,5000.000000,5000.000000,5000.000000,5000.000000,5000.000000,5000.000000,5000.000000,5000.000000,5000.000000,5000.000000,5000.000000,5000.000000,5000.000000,5000.000000,5000.000000,5000.000000,5000.000000,5000.000000,5000.000000,5000.000000,5000.000000,5000.000000,5000.000000,5000.000000,5000.000000,5000.000000,5000.000000,5000.000000,5000.000000,5000.000000,5000.000000,5000.000000,
5000.000000,5000.000000,5000.000000,5000.000000,5000.000000,5000.000000,5000.000000,5000.000000,5000.000000,5000.000000,5000.000000,5000.000000,5000.000000,5000.000000,5000.000000,5000.000000,5000.000000,5000.000000,5000.000000,5000.000000,5000.000000,5000.000000,5000.000000,5000.000000,5000.000000,5000.000000,5000.000000,5000.000000,5000.000000,5000.000000,5000.000000,5000.000000,5000.000000,5000.000000,5000.000000,5000.000000,5000.000000,5000.000000,5000.000000,5000.000000,
1646.000000,5000.000000,5000.000000,5000.000000,5000.000000,5000.000000,5000.000000,5000.000000,5000.000000,5000.000000,5000.000000,5000.000000,5000.000000,5000.000000,5000.000000,5000.000000,5000.000000,5000.000000,5000.000000,5000.000000,5000.000000,5000.000000,5000.000000,5000.000000,5000.000000,5000.000000,5000.000000,5000.000000,5000.000000,5000.000000,5000.000000,5000.000000,5000.000000,5000.000000,5000.000000,5000.000000,5000.000000,5000.000000,5000.000000,5000.000000,
5000.000000,5000.000000,5000.000000,5000.000000,5000.000000,5000.000000,5000.000000,5000.000000,5000.000000,5000.000000,5000.000000,5000.000000,5000.000000,5000.000000,5000.000000,5000.000000,5000.000000,5000.000000,5000.000000,5000.000000,5000.000000,5000.000000,5000.000000,5000.000000,5000.000000,5000.000000,5000.000000,5000.000000,5000.000000,5000.000000,5000.000000,5000.000000,5000.000000,5000.000000,5000.000000,5000.000000,5000.000000,5000.000000,5000.000000,5000.000000,
5000.000000,5000.000000,5000.000000,5000.000000,5000.000000,5000.000000,5000.000000,5000.000000,5000.000000,5000.000000,5000.000000,5000.000000,5000.000000,5000.000000,5000.000000,5000.000000,5000.000000,5000.000000,5000.000000,5000.000000,5000.000000,5000.000000,5000.000000,5000.000000,5000.000000,5000.000000,5000.000000,5000.000000,5000.000000,5000.000000,5000.000000,5000.000000,5000.000000,5000.000000,5000.000000,5000.000000,5000.000000,5000.000000,5000.000000,5000.000000,
5000.000000,5000.000000,5000.000000,5000.000000,5000.000000,5000.000000,5000.000000,5000.000000,5000.000000,5000.000000,5000.000000,5000.000000,5000.000000,5000.000000,5000.000000,5000.000000,5000.000000,5000.000000,5000.000000,5000.000000,5000.000000,5000.000000,5000.000000,5000.000000,5000.000000,5000.000000,5000.000000,5000.000000,5000.000000,5000.000000,5000.000000,5000.000000,5000.000000,5000.000000,5000.000000,5000.000000,5000.000000,5000.000000,5000.000000,5000.000000,
5000.000000,5000.000000,5000.000000,5000.000000,5000.000000,5000.000000,5000.000000,5000.000000,5000.000000,5000.000000,5000.000000,5000.000000,5000.000000,5000.000000,5000.000000,5000.000000,5000.000000,5000.000000,5000.000000,5000.000000,5000.000000,5000.000000,5000.000000,5000.000000,5000.000000,5000.000000,5000.000000,5000.000000,5000.000000,5000.000000,5000.000000,5000.000000,5000.000000,5000.000000,5000.000000,5000.000000,5000.000000,5000.000000,5000.000000,5000.000000,
5000.000000,5000.000000,5000.000000,5000.000000,5000.000000,5000.000000,5000.000000,5000.000000,5000.000000,5000.000000,5000.000000,5000.000000,5000.000000,5000.000000,5000.000000,5000.000000,5000.000000,5000.000000,5000.000000,5000.000000,5000.000000,5000.000000,5000.000000,5000.000000,5000.000000,5000.000000,5000.000000,5000.000000,5000.000000,5000.000000,5000.000000,5000.000000,5000.000000,5000.000000,5000.000000,5000.000000,5000.000000,5000.000000,5000.000000,5000.000000,
5000.000000,5000.000000,5000.000000,5000.000000,5000.000000,5000.000000,5000.000000,5000.000000,5000.000000,5000.000000,5000.000000,5000.000000,5000.000000,5000.000000,5000.000000,5000.000000,5000.000000,5000.000000,5000.000000,5000.000000,5000.000000,5000.000000,5000.000000,5000.000000,5000.000000,5000.000000,5000.000000,5000.000000,5000.000000,5000.000000,5000.000000,5000.000000,5000.000000,5000.000000,5000.000000,5000.000000,5000.000000,5000.000000,5000.000000,5000.000000,
5000.000000,5000.000000,5000.000000,5000.000000,5000.000000,5000.000000,5000.000000,5000.000000,5000.000000,5000.000000,5000.000000,5000.000000,5000.000000,5000.000000,5000.000000,5000.000000,5000.000000,5000.000000,5000.000000,5000.000000,5000.000000,5000.000000,5000.000000,5000.000000,5000.000000,5000.000000,5000.000000,5000.000000,5000.000000,5000.000000,5000.000000,5000.000000,5000.000000,5000.000000,5000.000000,5000.000000,5000.000000,5000.000000,5000.000000,5000.000000,
5000.000000,5000.000000,5000.000000,5000.000000,5000.000000,5000.000000,5000.000000,5000.000000,5000.000000,5000.000000,5000.000000,5000.000000,5000.000000,5000.000000,5000.000000,5000.000000,5000.000000,5000.000000,5000.000000,5000.000000,5000.000000,5000.000000,5000.000000,5000.000000,5000.000000,5000.000000,5000.000000,5000.000000,5000.000000,5000.000000,5000.000000,5000.000000,5000.000000,5000.000000,5000.000000,5000.000000,5000.000000,5000.000000,5000.000000,5000.000000,
5000.000000,5000.000000,5000.000000,5000.000000,5000.000000,5000.000000,5000.000000,5000.000000,5000.000000,5000.000000,5000.000000,5000.000000,5000.000000,5000.000000,5000.000000,5000.000000,5000.000000,5000.000000,5000.000000,5000.000000,5000.000000,5000.000000,5000.000000,5000.000000,5000.000000,5000.000000,5000.000000,5000.000000,5000.000000,5000.000000,5000.000000,5000.000000,5000.000000,5000.000000,5000.000000,5000.000000,5000.000000,5000.000000,5000.000000,5000.000000,
5000.000000,5000.000000,5000.000000,5000.000000,5000.000000,5000.000000,5000.000000,5000.000000,5000.000000,5000.000000,5000.000000,5000.000000,5000.000000,5000.000000,5000.000000,5000.000000,5000.000000,5000.000000,5000.000000,5000.000000,5000.000000,5000.000000,5000.000000,5000.000000,5000.000000,5000.000000,5000.000000,5000.000000,5000.000000,5000.000000,5000.000000,5000.000000,5000.000000,5000.000000,5000.000000,5000.000000,5000.000000,5000.000000,5000.000000,5000.000000,
5000.000000,5000.000000,5000.000000,5000.000000,5000.000000,5000.000000,5000.000000,5000.000000,5000.000000,5000.000000,5000.000000,5000.000000,5000.000000,5000.000000,5000.000000,5000.000000,5000.000000,5000.000000,5000.000000,5000.000000,5000.000000,5000.000000,5000.000000,5000.000000,5000.000000,5000.000000,5000.000000,5000.000000,5000.000000,5000.000000,5000.000000,5000.000000,5000.000000,5000.000000,5000.000000,5000.000000,5000.000000,5000.000000,5000.000000,5000.000000,
5000.000000,5000.000000,5000.000000,5000.000000,5000.000000,5000.000000,5000.000000,5000.000000,5000.000000,5000.000000,5000.000000,5000.000000,5000.000000,5000.000000,5000.000000,5000.000000,5000.000000,5000.000000,5000.000000,5000.000000,5000.000000,5000.000000,5000.000000,5000.000000,5000.000000,5000.000000,5000.000000,5000.000000,5000.000000,5000.000000,5000.000000,5000.000000,5000.000000,5000.000000,5000.000000,5000.000000,5000.000000,5000.000000,5000.000000,5000.000000,
5000.000000,5000.000000,5000.000000,5000.000000,5000.000000,5000.000000,5000.000000,5000.000000,5000.000000,5000.000000,5000.000000,5000.000000,5000.000000,5000.000000,5000.000000,5000.000000,5000.000000,5000.000000,5000.000000,5000.000000,5000.000000,5000.000000,5000.000000,5000.000000,5000.000000,5000.000000,5000.000000,5000.000000,5000.000000,5000.000000,5000.000000,5000.000000,5000.000000,5000.000000,5000.000000,5000.000000,5000.000000,5000.000000,5000.000000,5000.000000,
5000.000000,5000.000000,5000.000000,5000.000000,5000.000000,5000.000000,5000.000000,5000.000000,5000.000000,5000.000000,5000.000000,5000.000000,5000.000000,5000.000000,5000.000000,5000.000000,5000.000000,5000.000000,5000.000000,5000.000000,5000.000000,5000.000000,5000.000000,5000.000000,5000.000000,5000.000000,5000.000000,5000.000000,5000.000000,5000.000000,5000.000000,5000.000000,5000.000000,5000.000000,5000.000000,5000.000000,5000.000000,5000.000000,5000.000000,5000.000000,
