0.000000,0.000000,0.000000,0.000000,0.000000,0.000000,0.000000,0.000000,0.000000,0.000000,0.000000,0.000000,0.000000,0.000000,0.000000,0.000000,0.000000,0.000000,0.000000,0.000000,
0.000000,0.574090,0.684242,0.707293,0.749790,0.772391,0.775902,0.779415,0.779524,0.781687,0.782423,0.782726,0.783478,0.786150,0.789729,0.790584,0.795681,0.796493,0.797826,0.798541,
0.620214,0.620322,0.753822,0.753955,0.773012,0.774596,0.776748,0.777109,0.782361,0.791294,0.792834,0.793037,0.794469,0.796334,0.796568,0.797237,0.797527,0.798211,0.798789,0.799011,
0.574344,0.574783,0.697287,0.723749,0.760754,0.767376,0.786066,0.789242,0.791395,0.791717,0.793787,0.796666,0.798500,0.798520,0.798602,0.798612,0.798653,0.798828,0.799006,0.799636,
0.707915,0.723432,0.730812,0.741468,0.746192,0.749646,0.768584,0.769953,0.777677,0.789801,0.790878,0.791353,0.792644,0.792880,0.796356,0.798772,0.798863,0.798892,0.798947,0.799029,
0.619741,0.619823,0.697421,0.766892,0.780660,0.785641,0.789220,0.790679,0.793457,0.794139,0.796843,0.797287,0.797301,0.797649,0.798188,0.798311,0.798407,0.798682,0.798944,0.799046,
0.772076,0.772543,0.774241,0.776545,0.779478,0.783662,0.784762,0.785135,0.785894,0.787570,0.789604,0.790429,0.791417,0.794200,0.794575,0.795175,0.795451,0.797916,0.798698,0.799327,
0.775359,0.777712,0.783965,0.792300,0.792891,0.794199,0.794361,0.794576,0.794736,0.795567,0.796383,0.796424,0.797063,0.798516,0.798583,0.798712,0.798761,0.798769,0.798792,0.799420,
0.745769,0.750255,0.754768,0.762859,0.769291,0.784491,0.786970,0.788068,0.790534,0.791629,0.792331,0.793533,0.793718,0.794313,0.796061,0.796161,0.798402,0.798628,0.798727,0.798957,
0.491999,0.696417,0.697458,0.735518,0.761657,0.769851,0.772054,0.778872,0.779405,0.790315,0.794351,0.795851,0.796747,0.797138,0.797451,0.798469,0.798558,0.798622,0.798964,0.799542,
0.494530,0.746052,0.753675,0.760250,0.773980,0.774004,0.783566,0.786658,0.786679,0.791489,0.791507,0.795288,0.795553,0.797194,0.797416,0.797958,0.798261,0.798265,0.798808,0.798942,
0.575627,0.736019,0.742484,0.774275,0.774631,0.779677,0.781340,0.782040,0.783153,0.785377,0.786903,0.790524,0.790967,0.791312,0.793457,0.795343,0.798459,0.798582,0.798741,0.798969,
0.575308,0.697181,0.716152,0.716463,0.753658,0.756804,0.760303,0.772685,0.777746,0.780380,0.780951,0.783382,0.784782,0.785764,0.791248,0.796555,0.798448,0.798754,0.799100,0.799249,
0.736377,0.755714,0.765519,0.765817,0.768044,0.774940,0.777348,0.779466,0.783740,0.784973,0.790605,0.793759,0.794581,0.794745,0.796724,0.797930,0.798533,0.798920,0.799059,0.799628,
0.574976,0.648026,0.707383,0.707692,0.772351,0.782843,0.791045,0.792070,0.795250,0.795417,0.796027,0.796197,0.796271,0.796326,0.796923,0.797064,0.798176,0.798244,0.798454,0.798930,
0.576486,0.668880,0.730894,0.760423,0.766066,0.776830,0.779403,0.782830,0.785663,0.790775,0.795087,0.795823,0.796655,0.796771,0.797723,0.798782,0.798978,0.799124,0.799305,0.799665,
0.021171,0.619746,0.730530,0.762638,0.770603,0.779097,0.780764,0.789994,0.790054,0.790770,0.791836,0.794330,0.794440,0.794447,0.798534,0.798635,0.798844,0.798893,0.799006,0.799151,
0.575901,0.736182,0.745991,0.780601,0.783869,0.787627,0.788160,0.788441,0.791175,0.791357,0.793549,0.794896,0.795401,0.797167,0.798259,0.798349,0.798486,0.798922,0.798971,0.799184,
0.716795,0.723627,0.736023,0.740925,0.763089,0.772619,0.779423,0.781013,0.786143,0.788780,0.792027,0.793453,0.795605,0.797601,0.798297,0.798530,0.798573,0.798638,0.798733,0.799251,
0.730338,0.741923,0.754464,0.757138,0.782355,0.786040,0.786398,0.788754,0.789848,0.792900,0.795425,0.795722,0.796606,0.796966,0.798194,0.798387,0.798493,0.798673,0.798750,0.798958,
0.696860,0.716110,0.723907,0.723962,0.731115,0.741050,0.754712,0.766407,0.766499,0.774238,0.775945,0.781060,0.784766,0.793657,0.794102,0.795649,0.795989,0.797058,0.798915,0.798993,
0.575439,0.575954,0.618969,0.647731,0.740943,0.754072,0.772656,0.788734,0.789677,0.790779,0.792791,0.793687,0.794724,0.796933,0.798169,0.798221,0.798446,0.798883,0.798897,0.799327,
0.753591,0.762342,0.776096,0.779709,0.783129,0.789474,0.789511,0.791105,0.791699,0.792360,0.794148,0.794911,0.796128,0.797751,0.797924,0.798170,0.798212,0.798450,0.799229,0.799436,
0.574714,0.575004,0.575013,0.761746,0.769441,0.772130,0.781139,0.785765,0.787358,0.791711,0.794311,0.794459,0.795335,0.797567,0.798660,0.798778,0.798875,0.798996,0.799008,0.799266,
0.619019,0.620011,0.648193,0.741146,0.745800,0.746261,0.757369,0.776205,0.776705,0.777115,0.778882,0.781069,0.792387,0.794275,0.795784,0.797672,0.798612,0.798646,0.798697,0.799352,
0.491639,0.575594,0.716122,0.761970,0.776221,0.780652,0.790683,0.791332,0.791336,0.791421,0.795953,0.795964,0.797107,0.797280,0.797469,0.798020,0.798023,0.798212,0.798940,0.799539,
0.618697,0.648345,0.749951,0.761464,0.769807,0.780627,0.789644,0.790669,0.793522,0.795048,0.795345,0.796617,0.797439,0.797594,0.798127,0.798165,0.798521,0.798616,0.798860,0.798993,
0.668432,0.684356,0.716226,0.741502,0.742527,0.754882,0.772966,0.778184,0.780334,0.787791,0.794644,0.794749,0.794874,0.795468,0.797487,0.797737,0.797912,0.798310,0.798358,0.799039,
0.493902,0.723787,0.754993,0.760186,0.763664,0.770333,0.770358,0.772923,0.774068,0.786825,0.791868,0.793427,0.793856,0.794531,0.795288,0.796423,0.797343,0.798362,0.798537,0.798922,
0.619967,0.684661,0.697315,0.762620,0.763059,0.765660,0.767916,0.769247,0.779511,0.787960,0.792341,0.795977,0.798132,0.798291,0.798406,0.798795,0.798892,0.798991,0.799249,0.799689,
0.493459,0.620561,0.730337,0.766810,0.770720,0.782351,0.784419,0.785904,0.787097,0.787887,0.789268,0.792532,0.794401,0.794886,0.797280,0.797906,0.798289,0.798598,0.799026,0.799602,
0.003733,0.684554,0.715777,0.723638,0.757383,0.760360,0.761752,0.762376,0.765498,0.778079,0.783527,0.787827,0.788757,0.788865,0.789815,0.790269,0.790891,0.797039,0.798631,0.798796,
0.696610,0.716078,0.742935,0.746414,0.750172,0.753796,0.771622,0.778695,0.779403,0.780556,0.784602,0.785580,0.788942,0.789812,0.790636,0.792112,0.795460,0.798044,0.798239,0.799110,
0.647976,0.668210,0.741606,0.760210,0.770010,0.778175,0.779591,0.781874,0.784621,0.789438,0.791578,0.792216,0.793152,0.793694,0.795737,0.796097,0.797103,0.798430,0.798885,0.799052,
0.668436,0.684111,0.716112,0.762996,0.768194,0.772115,0.777318,0.779479,0.781377,0.785769,0.787677,0.790612,0.791233,0.791287,0.792360,0.797370,0.797715,0.798811,0.798863,0.798915,
0.491990,0.575187,0.667927,0.668295,0.707224,0.730571,0.745588,0.754385,0.759895,0.765247,0.768083,0.786162,0.788554,0.795031,0.795581,0.797607,0.798230,0.798782,0.798835,0.799232,
0.491397,0.707406,0.772400,0.775292,0.786071,0.788678,0.788792,0.790856,0.792742,0.793259,0.795931,0.798145,0.798193,0.798375,0.798388,0.798791,0.798844,0.798903,0.798994,0.799092,
0.619243,0.619401,0.716261,0.736116,0.736715,0.741556,0.772703,0.774436,0.781889,0.782436,0.782858,0.789541,0.795540,0.796610,0.796703,0.797636,0.798184,0.798392,0.798581,0.798845,
0.668263,0.730442,0.753556,0.766145,0.768123,0.780852,0.791279,0.792105,0.793364,0.796847,0.797314,0.797537,0.797698,0.798041,0.798086,0.798721,0.798842,0.798874,0.799177,0.799348,
0.736018,0.761111,0.762666,0.770299,0.775277,0.777894,0.784234,0.784234,0.784829,0.785535,0.787810,0.793105,0.793268,0.793804,0.798071,0.798221,0.798497,0.798706,0.798773,0.799166,
0.003532,0.684288,0.749949,0.770445,0.772026,0.775931,0.776226,0.780916,0.783486,0.784281,0.790028,0.791861,0.792058,0.794150,0.795978,0.798621,0.798781,0.798912,0.798948,0.798987,
0.684823,0.736165,0.742288,0.753769,0.756790,0.770376,0.770546,0.781501,0.784659,0.784869,0.785213,0.786751,0.788701,0.789824,0.792476,0.794096,0.797286,0.798275,0.799307,0.799406,
0.669078,0.697566,0.716025,0.716576,0.742763,0.765271,0.768768,0.773017,0.788043,0.788338,0.788661,0.790343,0.791589,0.792818,0.795338,0.796121,0.796751,0.797033,0.797863,0.799186,
0.003325,0.648042,0.648384,0.669144,0.696489,0.730669,0.766103,0.772346,0.783258,0.788813,0.794623,0.794770,0.795613,0.795907,0.795992,0.796200,0.798295,0.798750,0.798926,0.798967,
0.730854,0.735795,0.742813,0.745596,0.754198,0.763193,0.782460,0.785123,0.787841,0.789659,0.790963,0.791440,0.792762,0.793979,0.797178,0.798027,0.798499,0.798658,0.798679,0.798903,
0.647353,0.736100,0.743380,0.749530,0.753304,0.762996,0.766384,0.768877,0.777492,0.777512,0.779627,0.787933,0.795246,0.795848,0.796949,0.797730,0.798344,0.798802,0.798930,0.798954,
0.618900,0.736680,0.753473,0.760461,0.765513,0.771845,0.775158,0.791338,0.791682,0.792885,0.793374,0.795759,0.797496,0.797981,0.798300,0.798491,0.798587,0.798609,0.798675,0.799168,
0.618774,0.742538,0.765674,0.782290,0.783531,0.786418,0.788193,0.792026,0.793588,0.794482,0.794539,0.796265,0.797322,0.797446,0.797567,0.798164,0.798573,0.798597,0.798830,0.798854,
0.648290,0.697352,0.716213,0.741031,0.741717,0.742316,0.743523,0.779729,0.780683,0.782672,0.783908,0.784848,0.786767,0.787986,0.794034,0.794770,0.795344,0.797070,0.798402,0.799216,
0.755281,0.755343,0.761809,0.771548,0.779373,0.779529,0.792541,0.792798,0.793973,0.796278,0.797689,0.797793,0.797826,0.798080,0.798213,0.798598,0.798648,0.798821,0.799117,0.799223,
0.006525,0.668159,0.683848,0.753515,0.765637,0.776199,0.789036,0.789538,0.791920,0.792974,0.793759,0.793920,0.794254,0.794565,0.795893,0.797074,0.797159,0.797896,0.798547,0.798636,
0.618525,0.707422,0.736212,0.759833,0.762411,0.766823,0.768058,0.770644,0.774578,0.780751,0.789437,0.789845,0.790427,0.792169,0.795802,0.796176,0.798460,0.798483,0.798497,0.799095,
0.684526,0.766737,0.770391,0.776183,0.779910,0.785690,0.789596,0.793506,0.793995,0.794483,0.794504,0.794526,0.797800,0.797954,0.798406,0.798668,0.798698,0.798882,0.798977,0.799604,
0.005935,0.730843,0.755193,0.770007,0.770414,0.779765,0.783421,0.784667,0.785994,0.789590,0.792009,0.792515,0.794124,0.797739,0.797779,0.797947,0.798483,0.798872,0.798917,0.799152,
0.492179,0.492361,0.576005,0.697108,0.745971,0.770362,0.787540,0.787836,0.795549,0.796041,0.796876,0.797630,0.797713,0.798103,0.798241,0.798279,0.798482,0.798725,0.799138,0.799517,
0.493768,0.724220,0.754327,0.759952,0.772604,0.772634,0.774325,0.776283,0.788062,0.788725,0.791535,0.795206,0.796167,0.796326,0.798192,0.798261,0.798435,0.798675,0.798703,0.799182,
0.668571,0.755239,0.765583,0.766137,0.777931,0.779179,0.783854,0.785926,0.786130,0.790346,0.793574,0.793618,0.794007,0.795940,0.796196,0.796747,0.797829,0.798177,0.798270,0.798614,
0.715644,0.729869,0.753986,0.777876,0.781093,0.785466,0.785893,0.787910,0.791258,0.791879,0.792293,0.794275,0.797525,0.797864,0.798146,0.798147,0.798303,0.798620,0.798777,0.799305,
0.647215,0.685031,0.745879,0.772512,0.775211,0.776056,0.778441,0.780196,0.786831,0.789996,0.790556,0.790783,0.792884,0.795149,0.797635,0.798236,0.798867,0.798873,0.799388,0.799642,
0.013305,0.648529,0.667924,0.753278,0.760523,0.766827,0.781160,0.783037,0.788101,0.788789,0.792906,0.796056,0.797009,0.797282,0.797379,0.797888,0.798446,0.798852,0.799237,0.799276,
0.619149,0.668100,0.723385,0.756490,0.760250,0.769791,0.774290,0.779500,0.779658,0.786422,0.789595,0.791039,0.792137,0.795957,0.796095,0.797266,0.797672,0.797793,0.798917,0.799541,
0.575252,0.684736,0.697565,0.756966,0.761891,0.763099,0.765615,0.774601,0.782992,0.783632,0.784888,0.787887,0.791805,0.792669,0.793980,0.796210,0.798032,0.798209,0.798587,0.798665,
0.011532,0.493353,0.696786,0.715655,0.741837,0.746158,0.765473,0.765795,0.768482,0.782462,0.787035,0.792703,0.795512,0.795819,0.796554,0.797113,0.797442,0.797809,0.798249,0.798869,
0.716314,0.754799,0.755425,0.762951,0.765819,0.766697,0.768451,0.773116,0.774387,0.784718,0.789010,0.789632,0.790938,0.793218,0.794648,0.795350,0.796716,0.797512,0.798129,0.799035,
0.014826,0.668436,0.707636,0.730155,0.742637,0.753783,0.753785,0.754851,0.760197,0.765571,0.776363,0.776596,0.791311,0.795099,0.795803,0.795828,0.795848,0.796736,0.798292,0.798548,
0.740672,0.765966,0.790635,0.792215,0.792217,0.792241,0.793155,0.793306,0.795397,0.795855,0.796326,0.796680,0.796858,0.797068,0.797177,0.797491,0.797518,0.798186,0.798816,0.799041,
0.647141,0.723876,0.735855,0.749948,0.762853,0.772327,0.780437,0.783264,0.783818,0.784389,0.788706,0.790295,0.791472,0.793041,0.795319,0.795629,0.796177,0.798033,0.798741,0.799375,
0.576403,0.767920,0.768049,0.779297,0.781210,0.781715,0.787442,0.787586,0.793315,0.796723,0.797184,0.797565,0.797647,0.798219,0.798480,0.798665,0.798786,0.798975,0.799124,0.799195,
0.668568,0.730066,0.761710,0.791493,0.792725,0.792972,0.793531,0.794139,0.795342,0.796925,0.797188,0.798016,0.798065,0.798136,0.798244,0.798344,0.798627,0.798877,0.798944,0.799055,
0.723775,0.736265,0.750130,0.765683,0.769746,0.772319,0.779784,0.780845,0.782492,0.784799,0.785387,0.788238,0.790401,0.794214,0.796972,0.798078,0.798504,0.798531,0.798821,0.799350,
0.014165,0.724315,0.735546,0.762077,0.784229,0.784583,0.785962,0.790588,0.792869,0.795090,0.796734,0.797318,0.797719,0.797733,0.798860,0.798933,0.798938,0.798987,0.799061,0.799248,
0.618696,0.618778,0.763200,0.766449,0.776391,0.779032,0.779061,0.785067,0.787425,0.787511,0.787779,0.787783,0.788241,0.789422,0.793943,0.794790,0.796342,0.796702,0.798818,0.798847,
0.668584,0.683901,0.753421,0.755336,0.765651,0.769486,0.784746,0.786959,0.794254,0.795044,0.795443,0.795800,0.796749,0.796767,0.798382,0.798671,0.798762,0.798774,0.798941,0.799388,
0.006176,0.684295,0.716635,0.723653,0.765991,0.771902,0.780898,0.781019,0.785862,0.786903,0.790622,0.790902,0.792034,0.792104,0.792403,0.794549,0.795396,0.798331,0.798570,0.798778,
0.647434,0.707495,0.761239,0.772917,0.774456,0.776312,0.778728,0.782099,0.782421,0.791403,0.792233,0.796143,0.796371,0.796730,0.796766,0.798106,0.798405,0.798783,0.798953,0.799055,
0.749804,0.754080,0.763362,0.774928,0.776024,0.779510,0.780238,0.783112,0.787535,0.788929,0.790925,0.791502,0.792663,0.793798,0.793827,0.795210,0.796835,0.797897,0.798694,0.799081,
0.742734,0.749626,0.754270,0.765932,0.776900,0.777213,0.778106,0.781111,0.782356,0.783952,0.787152,0.787171,0.790339,0.795886,0.798092,0.798599,0.798612,0.798619,0.799096,0.799288,
0.736225,0.754005,0.765501,0.781706,0.782391,0.787703,0.788955,0.791248,0.793106,0.794960,0.796839,0.797729,0.798504,0.798573,0.798714,0.798784,0.799105,0.799199,0.799352,0.799468,
0.736417,0.760674,0.762564,0.770111,0.774336,0.783674,0.784739,0.787376,0.789006,0.792063,0.793209,0.794112,0.794153,0.796344,0.796964,0.798458,0.798532,0.798853,0.798880,0.798974,
0.697504,0.730637,0.749378,0.773051,0.775030,0.776679,0.779411,0.783569,0.784390,0.786072,0.788012,0.789822,0.792639,0.793889,0.795271,0.795818,0.796076,0.796351,0.796401,0.798592,
0.492323,0.684776,0.707178,0.749892,0.762750,0.771916,0.775195,0.776798,0.783939,0.788747,0.790729,0.793262,0.797998,0.798242,0.798698,0.798915,0.798931,0.799041,0.799354,0.799482,
0.756875,0.760333,0.766227,0.776407,0.782174,0.782471,0.783917,0.784518,0.786843,0.789146,0.789941,0.790814,0.792134,0.792844,0.794210,0.796020,0.797011,0.798732,0.798975,0.799011,
0.003681,0.647216,0.715950,0.736017,0.750041,0.761544,0.769405,0.770346,0.772101,0.779117,0.781223,0.785972,0.795822,0.796526,0.797032,0.798376,0.798652,0.798653,0.799025,0.799182,
0.618895,0.684484,0.753616,0.762406,0.776478,0.782560,0.789841,0.791276,0.792588,0.793198,0.793773,0.794940,0.795130,0.795759,0.798018,0.798164,0.798241,0.798615,0.798905,0.798975,
0.007641,0.735871,0.741723,0.762494,0.769791,0.781274,0.784410,0.787835,0.788385,0.791386,0.795353,0.797098,0.797526,0.797898,0.798461,0.798576,0.798728,0.799069,0.799313,0.799498,
0.010360,0.575247,0.741660,0.760338,0.769583,0.774983,0.779235,0.779333,0.784470,0.786556,0.790441,0.791196,0.793693,0.793843,0.794054,0.795222,0.798378,0.798746,0.798908,0.798915,
0.648480,0.735958,0.736559,0.760765,0.762715,0.773882,0.774335,0.779573,0.780287,0.784200,0.789238,0.789278,0.794728,0.797089,0.798444,0.798671,0.798782,0.798811,0.798881,0.799000,
0.669167,0.723372,0.745506,0.749742,0.749811,0.753554,0.759983,0.770753,0.780500,0.781213,0.781581,0.783235,0.788056,0.788811,0.791058,0.796451,0.798268,0.798812,0.798836,0.799014,
0.575364,0.716649,0.735949,0.766387,0.766553,0.776636,0.778108,0.780718,0.786951,0.787670,0.789923,0.792498,0.792662,0.795611,0.796666,0.797010,0.797431,0.798126,0.798455,0.799559,
0.004684,0.492601,0.574502,0.757713,0.768191,0.773093,0.780153,0.787008,0.790576,0.790904,0.791370,0.793576,0.794459,0.795048,0.795404,0.796364,0.798601,0.798709,0.798875,0.799092,
0.696702,0.696702,0.736026,0.742901,0.773926,0.779063,0.780534,0.781148,0.782289,0.786088,0.793319,0.795178,0.795849,0.795906,0.796314,0.796608,0.798028,0.798388,0.798666,0.798693,
0.736233,0.736621,0.757469,0.763122,0.773355,0.784838,0.792614,0.792659,0.794666,0.794747,0.795450,0.798146,0.798284,0.798424,0.798587,0.798639,0.798715,0.798807,0.798828,0.799007,
0.619153,0.750531,0.765507,0.774460,0.778889,0.779184,0.783405,0.786740,0.789736,0.790445,0.791399,0.793288,0.797246,0.797442,0.798507,0.798679,0.798755,0.798860,0.799189,0.799349,
0.492661,0.575113,0.649064,0.707683,0.716462,0.723579,0.742286,0.753874,0.755285,0.766312,0.777160,0.777959,0.779463,0.782220,0.787918,0.789136,0.793910,0.795309,0.795502,0.798530,
0.015224,0.574553,0.618857,0.668539,0.716165,0.716586,0.746244,0.750130,0.779530,0.779857,0.779909,0.793202,0.794490,0.794933,0.795828,0.797027,0.797790,0.798262,0.798766,0.799248,
0.004883,0.684164,0.762843,0.766546,0.767058,0.774963,0.782008,0.784292,0.789662,0.792762,0.792930,0.793435,0.793899,0.794043,0.795003,0.795856,0.798522,0.798787,0.798928,0.799539,
0.491641,0.492273,0.723585,0.750276,0.759741,0.768639,0.779654,0.780768,0.790555,0.791350,0.794037,0.794440,0.797461,0.797483,0.798031,0.798430,0.798644,0.798774,0.798825,0.798841,
0.619883,0.716597,0.736094,0.740758,0.741252,0.745883,0.753755,0.763907,0.768366,0.770283,0.782473,0.784921,0.786107,0.790274,0.791269,0.795909,0.795955,0.798266,0.798319,0.798854,
0.012803,0.492204,0.620417,0.716862,0.761190,0.763020,0.770397,0.772717,0.772932,0.773019,0.786525,0.794243,0.795836,0.797193,0.797235,0.798678,0.798748,0.798926,0.799097,0.799519,
0.492862,0.736237,0.736483,0.741807,0.760096,0.772311,0.776039,0.777991,0.778030,0.780958,0.781493,0.785846,0.787045,0.788058,0.793921,0.795327,0.797394,0.798799,0.798846,0.799453,
