0.000000,0.000000,0.000000,0.000000,0.000000,0.000000,0.000000,0.000000,0.000000,0.000000,0.000000,0.000000,0.000000,0.000000,0.000000,0.000000,0.000000,0.000000,0.000000,0.000000,0.000000,0.000000,0.000000,0.000000,0.000000,0.000000,0.000000,0.000000,0.000000,0.000000,0.000000,0.000000,0.000000,0.000000,0.000000,0.000000,0.000000,0.000000,0.000000,0.000000,
0.000000,0.236425,0.236516,0.236579,0.237837,0.238582,0.239387,0.240452,0.241521,0.241572,0.243288,0.249967,0.257962,0.258096,0.258105,0.261153,0.262766,0.262797,0.271529,0.271559,0.282818,0.296260,0.296359,0.297741,0.300629,0.301694,0.303090,0.304551,0.313134,0.316345,0.321708,0.323528,0.326312,0.328308,0.328329,0.329837,0.329892,0.331406,0.331427,0.334241,
0.000312,0.235550,0.238903,0.239317,0.242913,0.242999,0.247260,0.251962,0.255169,0.258508,0.261722,0.262056,0.262472,0.262973,0.265832,0.266895,0.267269,0.271932,0.273798,0.275132,0.276734,0.281520,0.293365,0.302720,0.308831,0.313219,0.314087,0.314326,0.316394,0.318399,0.318461,0.319406,0.322106,0.324702,0.324762,0.327189,0.327880,0.329349,0.330066,0.330760,
0.000076,0.235797,0.236511,0.240478,0.240643,0.240772,0.241703,0.242975,0.243641,0.244909,0.247253,0.247285,0.247720,0.248792,0.248799,0.250372,0.251931,0.261420,0.265146,0.271497,0.271845,0.275119,0.276728,0.278323,0.278677,0.290542,0.291943,0.293373,0.302760,0.303984,0.303986,0.305231,0.307640,0.311081,0.312254,0.313246,0.320275,0.330104,0.330756,0.332090,
0.235778,0.235808,0.236034,0.236217,0.237405,0.239376,0.241769,0.243029,0.244354,0.245678,0.248767,0.248823,0.250370,0.255208,0.258005,0.261808,0.262999,0.265193,0.265238,0.265238,0.267009,0.271837,0.290506,0.290971,0.294759,0.294899,0.301459,0.308805,0.308806,0.314321,0.316376,0.319390,0.320319,0.325522,0.325543,0.327107,0.330088,0.330905,0.332080,0.332874,
0.236182,0.236186,0.240192,0.241669,0.242346,0.243005,0.244774,0.250985,0.255196,0.255736,0.260603,0.261852,0.263554,0.265205,0.266930,0.270173,0.271869,0.275109,0.276723,0.289040,0.289042,0.289081,0.289134,0.290506,0.297523,0.299225,0.300132,0.301487,0.302764,0.306426,0.307636,0.308831,0.309923,0.315357,0.316428,0.330065,0.330076,0.331428,0.331438,0.332141,
0.223227,0.235504,0.235597,0.235961,0.236133,0.236494,0.236738,0.240556,0.242996,0.244675,0.246235,0.250901,0.251917,0.255191,0.256065,0.271974,0.275125,0.276716,0.287596,0.289048,0.290518,0.291936,0.296149,0.297492,0.297653,0.298850,0.302783,0.304167,0.307621,0.308772,0.312152,0.319366,0.321197,0.321215,0.323859,0.324706,0.325539,0.327127,0.327893,0.332079,
0.235570,0.235598,0.236164,0.237240,0.237426,0.237470,0.238376,0.238393,0.245868,0.251006,0.253547,0.255529,0.260191,0.261380,0.262245,0.270210,0.270215,0.278311,0.278326,0.279943,0.283066,0.283080,0.284568,0.292065,0.294777,0.294833,0.304504,0.306427,0.308851,0.314330,0.315370,0.317407,0.318363,0.322101,0.322116,0.326325,0.328794,0.329363,0.329373,0.332073,
0.235587,0.235623,0.238330,0.240459,0.240542,0.242374,0.243037,0.243160,0.244871,0.245773,0.247257,0.247869,0.250403,0.252019,0.253538,0.253541,0.254209,0.254369,0.262097,0.262423,0.263068,0.265216,0.268533,0.279910,0.286061,0.287550,0.290874,0.293383,0.293429,0.303982,0.303990,0.307604,0.308783,0.315802,0.317395,0.319363,0.321229,0.323875,0.332080,0.332720,
0.235598,0.235619,0.235683,0.236173,0.236200,0.241852,0.242931,0.243024,0.243204,0.243268,0.243314,0.243680,0.244817,0.247754,0.252154,0.254565,0.256879,0.265364,0.268553,0.278305,0.278875,0.281461,0.281483,0.284913,0.286076,0.291924,0.298844,0.299038,0.304015,0.304029,0.305199,0.305210,0.315383,0.321281,0.324705,0.330759,0.330795,0.331430,0.331441,0.332719,
0.000078,0.000281,0.222963,0.222993,0.223246,0.236134,0.238273,0.242416,0.242974,0.242989,0.243583,0.244368,0.249379,0.250345,0.254159,0.254371,0.255124,0.255199,0.258516,0.260596,0.261789,0.263563,0.266872,0.273483,0.284556,0.286074,0.289250,0.294757,0.298813,0.307624,0.307656,0.312222,0.314351,0.318464,0.320294,0.323086,0.327121,0.330754,0.330774,0.332714,
0.236179,0.237268,0.238657,0.240269,0.241638,0.242264,0.242409,0.242466,0.243032,0.243503,0.243557,0.244674,0.248767,0.251948,0.255188,0.261905,0.262962,0.263063,0.266856,0.268549,0.270152,0.270195,0.270202,0.278335,0.279909,0.280196,0.281453,0.287575,0.287617,0.289290,0.289902,0.291944,0.294777,0.302965,0.323090,0.323881,0.327166,0.328685,0.331594,0.332716,
0.236067,0.238534,0.240342,0.242577,0.243022,0.244378,0.247596,0.248784,0.250355,0.255173,0.255747,0.261117,0.262666,0.267004,0.269098,0.270205,0.271922,0.273805,0.275092,0.276711,0.279930,0.281588,0.281597,0.283039,0.289026,0.289068,0.290503,0.297514,0.301820,0.303977,0.306422,0.309927,0.311089,0.320295,0.324758,0.325561,0.325583,0.326333,0.327116,0.332715,
0.237376,0.237485,0.238301,0.238442,0.239389,0.242941,0.244396,0.247295,0.250329,0.250989,0.251959,0.258584,0.261079,0.261867,0.266959,0.268563,0.279914,0.283018,0.283019,0.287583,0.289028,0.289038,0.289055,0.304020,0.304031,0.312243,0.317394,0.317420,0.317425,0.318717,0.321221,0.321226,0.324018,0.324699,0.326331,0.327891,0.328635,0.331436,0.332716,0.332911,
0.235490,0.235644,0.235797,0.235912,0.236541,0.236764,0.238683,0.239377,0.240512,0.250323,0.250806,0.250929,0.257569,0.261358,0.261819,0.262612,0.262935,0.265193,0.270150,0.270223,0.275158,0.278321,0.286102,0.287556,0.289032,0.292374,0.296131,0.297490,0.298828,0.300167,0.301467,0.302770,0.306483,0.309926,0.318692,0.321261,0.324717,0.326380,0.332715,0.332745,
0.000259,0.222796,0.235572,0.235589,0.235719,0.235769,0.235914,0.238397,0.238683,0.250391,0.250723,0.253561,0.255426,0.256840,0.260160,0.261461,0.261880,0.271868,0.283040,0.289038,0.291919,0.291988,0.294758,0.294777,0.297496,0.302733,0.305563,0.306550,0.309941,0.315360,0.317394,0.320290,0.321589,0.321671,0.328722,0.329353,0.329439,0.330184,0.330761,0.332715,
0.223038,0.235584,0.235615,0.235649,0.235657,0.236132,0.236521,0.238275,0.238654,0.239315,0.247276,0.247806,0.247813,0.255222,0.258169,0.258500,0.260187,0.261253,0.263532,0.273478,0.275129,0.278320,0.286956,0.297513,0.301454,0.309927,0.311801,0.313252,0.315371,0.315372,0.316476,0.316513,0.322208,0.324694,0.327869,0.328205,0.329366,0.331432,0.332717,0.332753,
0.000599,0.235668,0.236754,0.237487,0.238263,0.238620,0.238634,0.239379,0.240257,0.242223,0.247245,0.247451,0.250847,0.251928,0.253545,0.255565,0.263539,0.268624,0.271841,0.283104,0.287869,0.289231,0.292016,0.293407,0.293445,0.300179,0.300251,0.301446,0.302727,0.306426,0.313259,0.313260,0.314338,0.316378,0.318362,0.319325,0.324050,0.324765,0.325536,0.332716,
0.235658,0.236461,0.240300,0.243043,0.247531,0.251112,0.251489,0.251950,0.255229,0.257675,0.260174,0.260204,0.261180,0.261501,0.268543,0.270220,0.273480,0.275102,0.276747,0.278313,0.278318,0.281566,0.286066,0.289152,0.290519,0.292475,0.298851,0.300171,0.304027,0.306446,0.313249,0.313256,0.316609,0.317393,0.320337,0.321211,0.323133,0.326337,0.327919,0.332714,
0.000067,0.222959,0.236119,0.237426,0.237527,0.238441,0.240465,0.241710,0.242446,0.245733,0.255343,0.255667,0.255795,0.260185,0.261230,0.267301,0.272133,0.275307,0.286075,0.289039,0.289146,0.290508,0.291946,0.291967,0.291997,0.293361,0.301489,0.302754,0.302762,0.303972,0.305235,0.309939,0.311289,0.324705,0.324741,0.325800,0.326469,0.327126,0.331436,0.332719,
0.000193,0.001065,0.238688,0.239276,0.239390,0.244343,0.247247,0.247353,0.248804,0.254460,0.255824,0.258130,0.261024,0.262329,0.262656,0.265661,0.271825,0.282990,0.284539,0.286023,0.286076,0.287656,0.296161,0.300499,0.304038,0.305220,0.308804,0.313277,0.314657,0.317395,0.319351,0.322991,0.323002,0.324768,0.327893,0.327895,0.330767,0.331450,0.332716,0.332733,
0.223068,0.235605,0.235711,0.235828,0.236335,0.236817,0.237406,0.243053,0.244326,0.247281,0.247320,0.248786,0.250727,0.255171,0.261218,0.265550,0.266864,0.268529,0.271803,0.272088,0.278532,0.284541,0.297491,0.297497,0.297500,0.312991,0.314375,0.316398,0.317393,0.320287,0.321195,0.324720,0.325568,0.325571,0.326350,0.327127,0.330755,0.332085,0.332220,0.332717,
0.222803,0.236217,0.236551,0.236735,0.238349,0.238664,0.240473,0.242955,0.243025,0.244352,0.245831,0.247534,0.251952,0.253591,0.255581,0.261311,0.263584,0.267694,0.268546,0.275096,0.275117,0.275135,0.297690,0.298817,0.298841,0.298861,0.299160,0.300151,0.300228,0.302881,0.306528,0.307617,0.313255,0.313304,0.317509,0.327227,0.328666,0.329372,0.332123,0.332713,
0.000083,0.000138,0.001472,0.235857,0.236452,0.237430,0.238352,0.240095,0.240319,0.240476,0.244840,0.247639,0.255190,0.258522,0.261423,0.261568,0.266853,0.266865,0.268891,0.272314,0.286062,0.286079,0.286226,0.294783,0.298824,0.316408,0.317388,0.317392,0.320320,0.320369,0.321340,0.322993,0.323101,0.323902,0.325538,0.328074,0.328628,0.331433,0.332109,0.332713,
0.000004,0.000274,0.222970,0.236522,0.237425,0.238675,0.240543,0.242358,0.243514,0.253575,0.254252,0.260154,0.261448,0.271443,0.271857,0.279864,0.280256,0.286092,0.286210,0.287581,0.293519,0.293824,0.297585,0.303973,0.309918,0.319326,0.320276,0.320283,0.322115,0.322118,0.324710,0.324750,0.325709,0.327130,0.328625,0.329370,0.329507,0.330106,0.332079,0.332717,
0.237440,0.237820,0.239336,0.241704,0.243180,0.244816,0.247749,0.247797,0.247813,0.252124,0.253557,0.255172,0.256842,0.257681,0.259316,0.262482,0.263492,0.265200,0.266889,0.271855,0.276778,0.287568,0.290496,0.290501,0.300253,0.303985,0.305215,0.315492,0.317396,0.318407,0.320292,0.322111,0.322586,0.324694,0.327152,0.330752,0.330773,0.332084,0.332142,0.332720,
0.235736,0.236173,0.237542,0.238303,0.238645,0.240477,0.244294,0.244796,0.250813,0.251954,0.253545,0.254416,0.254483,0.258253,0.258527,0.261584,0.268593,0.273717,0.274076,0.276700,0.279903,0.286060,0.294773,0.297501,0.298844,0.303976,0.309930,0.309933,0.313267,0.315426,0.316407,0.319327,0.319345,0.323054,0.323164,0.323880,0.328070,0.329370,0.331441,0.332716,
0.235580,0.235774,0.237488,0.237557,0.237561,0.237755,0.238472,0.240202,0.244355,0.245849,0.251914,0.252055,0.253593,0.270196,0.275108,0.275241,0.279946,0.290510,0.294765,0.298833,0.300167,0.300202,0.306394,0.307628,0.308801,0.309953,0.311317,0.313263,0.317425,0.318382,0.318600,0.319384,0.320289,0.322109,0.327337,0.329359,0.330796,0.332116,0.332216,0.332717,
0.237445,0.239356,0.240366,0.240491,0.242263,0.244375,0.245011,0.245863,0.251033,0.251960,0.254223,0.255227,0.261823,0.266885,0.268650,0.273546,0.279904,0.283012,0.286088,0.289023,0.296242,0.296268,0.297505,0.298918,0.300140,0.300166,0.305206,0.307636,0.315368,0.315401,0.316399,0.317390,0.318389,0.320373,0.328621,0.328636,0.329362,0.331562,0.332715,0.332720,
0.235740,0.237474,0.238394,0.240281,0.244425,0.247758,0.247775,0.248754,0.254484,0.255536,0.258523,0.258533,0.260856,0.263549,0.265205,0.270205,0.270225,0.276732,0.281499,0.283011,0.287587,0.289062,0.291940,0.291981,0.307613,0.307616,0.312154,0.314299,0.316408,0.316553,0.318397,0.322097,0.327123,0.327337,0.328851,0.330116,0.332085,0.332720,0.332724,0.332764,
0.004142,0.222971,0.235713,0.235841,0.236217,0.237406,0.241718,0.241781,0.247715,0.250942,0.254493,0.256840,0.263506,0.263525,0.267401,0.268544,0.270191,0.271872,0.271996,0.279914,0.281661,0.284555,0.287589,0.289034,0.290500,0.296131,0.296156,0.298919,0.301461,0.312171,0.314335,0.316701,0.317436,0.321213,0.321247,0.322101,0.324728,0.327136,0.328639,0.332719,
0.222847,0.235623,0.235874,0.235909,0.236471,0.236512,0.236686,0.241689,0.242959,0.243402,0.254305,0.256876,0.258539,0.263530,0.263554,0.263603,0.268492,0.268518,0.275302,0.278326,0.290544,0.291958,0.292140,0.293426,0.298834,0.300143,0.303972,0.308979,0.311063,0.314329,0.315265,0.318491,0.325527,0.325578,0.327121,0.328631,0.328647,0.329385,0.331442,0.332716,
0.235925,0.240497,0.241711,0.241764,0.244923,0.250907,0.256823,0.256872,0.261248,0.261636,0.262517,0.263536,0.263730,0.268521,0.271832,0.279898,0.279927,0.281480,0.286142,0.287583,0.294759,0.298857,0.300229,0.302735,0.306436,0.307608,0.308790,0.308795,0.309944,0.313287,0.314315,0.317409,0.321179,0.321247,0.325540,0.327112,0.327234,0.329378,0.331463,0.332719,
0.000143,0.238330,0.239368,0.240358,0.240398,0.240545,0.243884,0.244358,0.244879,0.247641,0.253670,0.260171,0.261093,0.266864,0.266899,0.270216,0.276787,0.278317,0.279913,0.286061,0.287537,0.289033,0.292008,0.300136,0.301458,0.304007,0.305253,0.306811,0.311062,0.311068,0.312163,0.312194,0.315362,0.322161,0.322988,0.324708,0.325034,0.328660,0.329093,0.332717,
0.003998,0.235473,0.236127,0.236744,0.238507,0.242964,0.243055,0.243625,0.247246,0.250995,0.251067,0.251309,0.251934,0.251943,0.253573,0.260216,0.264146,0.270159,0.276747,0.279909,0.287556,0.290506,0.293362,0.297506,0.308846,0.309939,0.318433,0.321227,0.323017,0.325833,0.326459,0.327888,0.329548,0.330762,0.330817,0.331352,0.331467,0.332081,0.332714,0.332737,
0.235601,0.235791,0.236178,0.236444,0.240487,0.240546,0.240589,0.242997,0.243762,0.245832,0.248759,0.250352,0.250680,0.254325,0.254383,0.255202,0.257798,0.258548,0.259817,0.271849,0.273510,0.273666,0.287546,0.289090,0.291960,0.294745,0.294781,0.297499,0.304015,0.305200,0.312150,0.312172,0.312173,0.313251,0.313472,0.326354,0.326426,0.329370,0.330781,0.332719,
0.000193,0.235744,0.236111,0.236655,0.237372,0.238404,0.239368,0.240232,0.240385,0.240705,0.243286,0.243557,0.250905,0.252140,0.255202,0.261855,0.262528,0.266876,0.266883,0.266889,0.268507,0.270196,0.275135,0.286074,0.291944,0.291958,0.292029,0.296128,0.296154,0.303406,0.313264,0.313279,0.315373,0.315451,0.317448,0.318449,0.321216,0.327922,0.330085,0.332716,
0.235599,0.237450,0.238343,0.239395,0.239441,0.240392,0.240526,0.240661,0.241791,0.244594,0.244611,0.244628,0.247565,0.250964,0.254644,0.258477,0.260894,0.261843,0.267002,0.273468,0.276748,0.287559,0.296163,0.298825,0.298857,0.300169,0.305331,0.307652,0.310009,0.313292,0.318444,0.320305,0.321586,0.321949,0.324699,0.327930,0.328612,0.330794,0.332124,0.332715,
0.223261,0.235691,0.236638,0.243202,0.243523,0.244416,0.247243,0.248774,0.250359,0.253548,0.258496,0.258567,0.262867,0.263535,0.271805,0.273556,0.278315,0.283315,0.287563,0.296145,0.296162,0.301438,0.302713,0.302762,0.305414,0.307768,0.312173,0.314282,0.315377,0.316389,0.317404,0.319332,0.323916,0.326365,0.328789,0.329408,0.330089,0.331450,0.331455,0.332716,
0.235552,0.235590,0.236748,0.237367,0.237367,0.237517,0.238388,0.238400,0.238422,0.240362,0.240497,0.241632,0.245784,0.247834,0.251124,0.255598,0.262496,0.262762,0.265180,0.265550,0.266875,0.268536,0.273484,0.279943,0.284562,0.289739,0.290524,0.291958,0.293375,0.294782,0.305209,0.305232,0.312143,0.314344,0.321207,0.321217,0.321274,0.323903,0.326231,0.332718,
0.222879,0.236143,0.236433,0.237495,0.238625,0.238725,0.240203,0.240239,0.240319,0.240500,0.241727,0.243310,0.247798,0.250373,0.255191,0.261257,0.263504,0.263521,0.265177,0.270324,0.275121,0.281573,0.298824,0.298850,0.300182,0.300499,0.302778,0.308983,0.310475,0.314329,0.314337,0.314412,0.319378,0.321217,0.324700,0.328692,0.328704,0.330096,0.330218,0.332719,
0.237454,0.239550,0.240878,0.244408,0.247786,0.253556,0.254188,0.254512,0.255172,0.255204,0.255640,0.262132,0.273596,0.275116,0.275158,0.278329,0.279885,0.289072,0.290490,0.290515,0.291968,0.293387,0.293388,0.293488,0.305219,0.307635,0.312289,0.315352,0.315499,0.321206,0.322135,0.322155,0.323873,0.324766,0.327107,0.327130,0.330069,0.330890,0.331462,0.332713,
0.223134,0.235556,0.235765,0.242301,0.242438,0.244863,0.244984,0.250344,0.250388,0.251956,0.261641,0.263536,0.268550,0.270200,0.273449,0.283043,0.284551,0.286068,0.287599,0.287695,0.298834,0.300145,0.300275,0.302963,0.303967,0.308769,0.309941,0.309966,0.309991,0.311055,0.313272,0.314334,0.318381,0.319326,0.319343,0.324693,0.324705,0.326351,0.328642,0.332718,
0.235839,0.237469,0.237498,0.238117,0.238751,0.242296,0.243085,0.245866,0.247582,0.250582,0.256858,0.261100,0.261229,0.266879,0.270167,0.275056,0.280042,0.283019,0.287547,0.290508,0.290529,0.293486,0.294807,0.296143,0.297482,0.306413,0.306465,0.308812,0.309929,0.311063,0.315375,0.321229,0.322201,0.323009,0.324697,0.324698,0.328630,0.328634,0.332716,0.332719,
0.235628,0.236495,0.238288,0.240484,0.240545,0.243319,0.244397,0.244796,0.247276,0.247548,0.247797,0.251082,0.251873,0.251899,0.258532,0.258542,0.260737,0.262517,0.262907,0.270217,0.279914,0.286073,0.287565,0.298830,0.300165,0.303976,0.304481,0.305207,0.309936,0.310231,0.313270,0.313353,0.315346,0.317394,0.322122,0.323064,0.324699,0.325746,0.332716,0.332794,
0.000166,0.236753,0.237350,0.237769,0.252219,0.255223,0.255854,0.256977,0.268609,0.271858,0.271872,0.273448,0.275120,0.275131,0.275140,0.279936,0.289041,0.293370,0.293704,0.298835,0.298879,0.301424,0.304163,0.304182,0.306624,0.308782,0.308807,0.314310,0.314323,0.316426,0.322103,0.322799,0.323920,0.326349,0.327137,0.327875,0.328635,0.328643,0.330119,0.332716,
0.235608,0.235714,0.235753,0.236751,0.237453,0.240219,0.242324,0.242358,0.242988,0.243017,0.243735,0.244339,0.247824,0.255190,0.255193,0.260181,0.261544,0.262619,0.263549,0.265224,0.273519,0.275072,0.275115,0.286083,0.286567,0.290534,0.293346,0.293360,0.297477,0.306425,0.307685,0.311072,0.312220,0.313259,0.313274,0.315378,0.321724,0.327878,0.330067,0.332714,
0.235601,0.236495,0.237412,0.237442,0.238829,0.240318,0.242930,0.242976,0.243543,0.244398,0.253669,0.255867,0.257507,0.261645,0.263907,0.268565,0.276708,0.278306,0.279900,0.280037,0.290506,0.290512,0.294770,0.294835,0.298836,0.300217,0.301463,0.301469,0.305218,0.309917,0.309966,0.315374,0.321253,0.322982,0.322992,0.325523,0.328618,0.330812,0.332086,0.332715,
0.235565,0.236369,0.237445,0.237449,0.237474,0.237499,0.241760,0.244758,0.247303,0.247790,0.254260,0.260196,0.261871,0.261888,0.268569,0.271855,0.278304,0.281479,0.281480,0.287554,0.287573,0.289034,0.290501,0.290534,0.293383,0.294757,0.294860,0.297518,0.298835,0.302722,0.304516,0.314324,0.319485,0.325522,0.327168,0.328645,0.328723,0.330759,0.332716,0.332852,
0.000066,0.223147,0.236565,0.236740,0.238383,0.238650,0.239373,0.240438,0.242364,0.244376,0.244386,0.250358,0.251933,0.255145,0.256870,0.257921,0.266858,0.267298,0.273501,0.275122,0.278343,0.281441,0.281492,0.281704,0.286079,0.291932,0.298828,0.299046,0.305212,0.313249,0.313270,0.316407,0.325535,0.327888,0.328638,0.328680,0.330768,0.332098,0.332178,0.332716,
0.235575,0.235740,0.235748,0.236418,0.237452,0.238435,0.239342,0.242970,0.244325,0.248801,0.251049,0.251098,0.251921,0.254273,0.255804,0.256846,0.258072,0.258545,0.261882,0.262794,0.276726,0.278351,0.286057,0.288417,0.294780,0.294876,0.297513,0.304035,0.307602,0.307609,0.308900,0.309945,0.312161,0.315503,0.320415,0.328638,0.330085,0.330782,0.332714,0.332748,
0.235918,0.236539,0.240462,0.241666,0.241765,0.247237,0.248775,0.248814,0.251965,0.253539,0.254607,0.255177,0.255747,0.261890,0.263020,0.263556,0.266845,0.268761,0.273454,0.276724,0.278319,0.281656,0.287569,0.287620,0.289051,0.294766,0.297512,0.301443,0.303994,0.304011,0.306442,0.306505,0.307614,0.315349,0.317756,0.323898,0.327880,0.330795,0.331642,0.332718,
0.235931,0.240464,0.244425,0.247712,0.247934,0.253550,0.254216,0.255424,0.256022,0.260227,0.261971,0.262867,0.271805,0.271842,0.273476,0.275109,0.278692,0.281464,0.287591,0.289050,0.291062,0.291931,0.293434,0.298822,0.298833,0.298844,0.300136,0.304002,0.307600,0.307613,0.309931,0.319360,0.321226,0.322113,0.322361,0.323920,0.326324,0.327222,0.332107,0.332717,
0.004862,0.235580,0.235591,0.235724,0.235950,0.236552,0.237473,0.237939,0.239366,0.241705,0.247205,0.247296,0.248849,0.250386,0.251003,0.253555,0.254358,0.255176,0.258453,0.266879,0.268517,0.268520,0.273493,0.275105,0.278325,0.279926,0.284549,0.290712,0.296151,0.303093,0.303982,0.313236,0.314323,0.318370,0.320292,0.322287,0.325530,0.327154,0.332093,0.332716,
0.222763,0.235859,0.236202,0.237444,0.238581,0.239304,0.240512,0.242958,0.242990,0.244356,0.244805,0.244890,0.247668,0.250318,0.254466,0.254525,0.255125,0.260221,0.261863,0.262240,0.268536,0.273517,0.275130,0.275194,0.281472,0.287571,0.289042,0.291971,0.297505,0.297514,0.307630,0.310006,0.311043,0.312178,0.314312,0.328642,0.329392,0.330796,0.332718,0.333071,
0.235547,0.235615,0.235641,0.236559,0.237484,0.239386,0.242201,0.242421,0.244312,0.244899,0.247250,0.247282,0.247605,0.251012,0.253637,0.261000,0.261578,0.261630,0.262403,0.289087,0.294750,0.297483,0.297531,0.297716,0.305234,0.311078,0.313269,0.314401,0.315478,0.315760,0.318384,0.320282,0.320331,0.320461,0.323856,0.324757,0.328735,0.329372,0.330059,0.331434,
0.235505,0.236419,0.236505,0.236618,0.237409,0.240346,0.241711,0.241760,0.242359,0.243311,0.243664,0.243695,0.244318,0.244361,0.244642,0.244703,0.247297,0.253592,0.255169,0.260165,0.260238,0.261846,0.265196,0.265239,0.268525,0.275274,0.276710,0.280022,0.281436,0.286071,0.287614,0.287706,0.293674,0.300209,0.311084,0.319343,0.319384,0.327881,0.328639,0.331427,
0.235841,0.236283,0.236638,0.238428,0.240240,0.242233,0.242312,0.243566,0.243593,0.247253,0.247279,0.255298,0.255859,0.275112,0.275241,0.275729,0.281486,0.289045,0.291954,0.293378,0.302742,0.309947,0.309990,0.310066,0.313242,0.313248,0.313291,0.314484,0.315391,0.316389,0.316494,0.319393,0.321212,0.323867,0.326333,0.326336,0.326355,0.329389,0.331429,0.332763,
0.000207,0.223131,0.235892,0.236580,0.237145,0.237504,0.238376,0.240474,0.242369,0.243025,0.244336,0.247333,0.254073,0.255164,0.256816,0.256880,0.260219,0.260254,0.268664,0.276764,0.276764,0.278429,0.283025,0.287539,0.291935,0.293354,0.296124,0.303988,0.309928,0.318391,0.320010,0.320998,0.322097,0.323878,0.324708,0.329360,0.330177,0.331451,0.332087,0.332716,
0.222822,0.236147,0.236215,0.236278,0.237484,0.240292,0.241747,0.242203,0.243742,0.247256,0.247791,0.250354,0.250819,0.254338,0.254417,0.254491,0.255183,0.256832,0.258526,0.259269,0.261218,0.265196,0.270178,0.275128,0.276735,0.287573,0.293353,0.293367,0.301463,0.303963,0.306395,0.308834,0.314399,0.320826,0.323970,0.327175,0.327887,0.332714,0.332744,0.332750,
0.000618,0.235972,0.236093,0.237498,0.244511,0.253519,0.253555,0.253590,0.254500,0.258500,0.266901,0.275924,0.279933,0.283027,0.283032,0.284536,0.284584,0.286088,0.286358,0.289275,0.293384,0.299016,0.301454,0.306443,0.306446,0.307738,0.311191,0.315386,0.316402,0.320272,0.320296,0.322092,0.324059,0.324693,0.327881,0.327882,0.329367,0.330769,0.330834,0.332716,
0.000077,0.222895,0.236004,0.236054,0.236866,0.240353,0.241686,0.244334,0.245793,0.247571,0.258175,0.261442,0.261571,0.262661,0.263549,0.265228,0.270187,0.273483,0.291933,0.291936,0.291937,0.291944,0.297495,0.297496,0.297566,0.301447,0.308808,0.309943,0.312180,0.313254,0.313265,0.315379,0.317414,0.318380,0.319371,0.321213,0.322972,0.324936,0.332155,0.332718,
0.005899,0.235592,0.235942,0.236500,0.236752,0.238406,0.243457,0.245833,0.248757,0.248797,0.254112,0.256794,0.262427,0.262770,0.266863,0.270204,0.271548,0.276701,0.276743,0.282996,0.284540,0.287532,0.290499,0.292072,0.293365,0.296214,0.301499,0.304067,0.314308,0.320278,0.320297,0.320326,0.320464,0.322129,0.323866,0.327107,0.328622,0.329639,0.331197,0.332718,
0.222776,0.236498,0.238667,0.240454,0.240467,0.242992,0.243579,0.244747,0.244869,0.247804,0.252522,0.253142,0.253567,0.256783,0.261505,0.261765,0.268522,0.271845,0.273670,0.278302,0.281452,0.286041,0.291961,0.292042,0.298827,0.300149,0.300509,0.305210,0.306434,0.311057,0.311071,0.311113,0.313280,0.318380,0.321284,0.322141,0.328634,0.331442,0.332452,0.332717,
0.000096,0.235645,0.236531,0.237587,0.241695,0.242270,0.242379,0.245804,0.247698,0.247713,0.247816,0.255212,0.255811,0.257975,0.258151,0.258502,0.258525,0.261318,0.273488,0.278747,0.281460,0.283029,0.284566,0.284678,0.287572,0.287595,0.294919,0.296161,0.296188,0.301080,0.301448,0.308819,0.309935,0.317411,0.317573,0.319342,0.322125,0.329364,0.330081,0.332719,
0.235564,0.235838,0.235992,0.236190,0.238744,0.240458,0.240543,0.241891,0.244651,0.245829,0.247295,0.248860,0.256809,0.257884,0.257911,0.260798,0.261838,0.268524,0.278323,0.283450,0.286080,0.287708,0.291947,0.296132,0.306427,0.307621,0.308772,0.309916,0.311060,0.312180,0.317418,0.318933,0.319605,0.323572,0.324711,0.329356,0.330140,0.330919,0.332276,0.332716,
0.235599,0.236126,0.238526,0.239385,0.244350,0.245879,0.247709,0.250988,0.253531,0.255937,0.261222,0.263634,0.265220,0.267173,0.268530,0.270198,0.275120,0.282995,0.283004,0.284554,0.287567,0.294744,0.298856,0.300431,0.301432,0.302717,0.305240,0.308789,0.308871,0.314341,0.314383,0.315405,0.319348,0.322999,0.325560,0.326343,0.328722,0.330756,0.330842,0.332718,
0.235554,0.235756,0.236786,0.240319,0.242275,0.242331,0.245757,0.254110,0.255179,0.258084,0.261042,0.266848,0.271840,0.276727,0.276731,0.278332,0.284567,0.284588,0.286055,0.287539,0.293557,0.296164,0.297571,0.298830,0.302712,0.302713,0.306943,0.311052,0.312178,0.314324,0.316386,0.317440,0.322123,0.322993,0.323993,0.326329,0.328940,0.330125,0.330265,0.332717,
0.235687,0.236963,0.237447,0.237564,0.238368,0.238878,0.243009,0.243905,0.251959,0.253553,0.254416,0.255589,0.256956,0.258181,0.258493,0.262320,0.266997,0.268551,0.268583,0.272107,0.275094,0.276761,0.283141,0.287569,0.294752,0.294758,0.296160,0.303996,0.311051,0.311075,0.313259,0.316396,0.322115,0.322998,0.323072,0.325538,0.326317,0.331453,0.332718,0.332723,
0.235626,0.235867,0.239402,0.240266,0.242369,0.244602,0.248791,0.253611,0.254308,0.258516,0.260239,0.261001,0.262454,0.265204,0.268559,0.269080,0.270185,0.273491,0.275099,0.275698,0.279929,0.281473,0.284932,0.286095,0.287544,0.287560,0.296166,0.297512,0.300151,0.302732,0.303978,0.304193,0.316384,0.319383,0.322169,0.324849,0.326357,0.327111,0.328159,0.332716,
0.235633,0.235708,0.236101,0.236826,0.242393,0.243649,0.245742,0.245745,0.247582,0.250318,0.250907,0.251865,0.251989,0.252116,0.254524,0.255178,0.261024,0.261074,0.268574,0.270181,0.286065,0.287668,0.290707,0.294924,0.302757,0.303980,0.308813,0.309930,0.309949,0.311195,0.313248,0.313270,0.315360,0.318407,0.321227,0.325533,0.327127,0.327891,0.330071,0.332717,
0.000204,0.001887,0.235752,0.235822,0.238398,0.240338,0.242996,0.244726,0.244841,0.248789,0.257087,0.257977,0.258071,0.258220,0.260190,0.263542,0.279879,0.283230,0.289059,0.290516,0.297483,0.297575,0.298817,0.300138,0.306419,0.307644,0.307665,0.309954,0.312165,0.312243,0.316065,0.317562,0.319340,0.319564,0.320329,0.322103,0.323031,0.328626,0.329703,0.332717,
0.222741,0.235574,0.236594,0.237368,0.238329,0.240235,0.243550,0.244353,0.250325,0.252176,0.254363,0.257860,0.260319,0.261041,0.261054,0.262788,0.263506,0.268534,0.269849,0.270175,0.278294,0.278339,0.287544,0.289077,0.291949,0.293369,0.294776,0.296159,0.298822,0.299016,0.306412,0.307589,0.311038,0.317472,0.318376,0.320285,0.329376,0.330069,0.332716,0.332717,
0.235550,0.235787,0.235832,0.236070,0.236206,0.236489,0.238294,0.238444,0.238572,0.240637,0.243874,0.244355,0.247269,0.247466,0.248126,0.251147,0.253558,0.254361,0.256834,0.261847,0.270203,0.271908,0.275130,0.284547,0.289034,0.289054,0.290507,0.294734,0.300163,0.306814,0.313405,0.316371,0.319617,0.323095,0.325622,0.327133,0.327906,0.330077,0.331453,0.332714,
0.000582,0.235594,0.235611,0.235771,0.235810,0.235905,0.235985,0.237345,0.237456,0.237520,0.237571,0.238351,0.240214,0.244390,0.245762,0.247504,0.248823,0.261800,0.263497,0.265192,0.271856,0.275102,0.276806,0.278326,0.279941,0.287548,0.291935,0.301451,0.301482,0.304053,0.316035,0.317471,0.318604,0.319479,0.322118,0.327870,0.329429,0.330781,0.332131,0.332716,
0.235859,0.237354,0.237490,0.238351,0.238580,0.239383,0.240500,0.242401,0.256807,0.260994,0.261859,0.263027,0.263501,0.263541,0.263565,0.263644,0.265242,0.275101,0.275136,0.276730,0.276818,0.283018,0.294830,0.298834,0.299297,0.301589,0.310004,0.313259,0.318470,0.320342,0.322107,0.322145,0.325543,0.327979,0.328621,0.328624,0.328725,0.330083,0.330189,0.332717,
0.000420,0.223040,0.235699,0.236185,0.236268,0.236713,0.237247,0.238747,0.241759,0.243029,0.255610,0.258046,0.266880,0.275131,0.281444,0.283029,0.290487,0.293477,0.297500,0.297517,0.297559,0.298863,0.301460,0.305190,0.306478,0.307622,0.311056,0.311081,0.314392,0.319364,0.320279,0.321534,0.324334,0.327116,0.327268,0.328699,0.329356,0.330788,0.332711,0.332731,
0.235801,0.235808,0.235922,0.236225,0.236746,0.237400,0.239327,0.239418,0.244775,0.245049,0.247962,0.253469,0.255718,0.256052,0.257760,0.258734,0.261595,0.261705,0.261897,0.265298,0.268547,0.273493,0.275119,0.282326,0.289038,0.291942,0.291974,0.296166,0.300151,0.303997,0.305209,0.307598,0.307662,0.316404,0.319343,0.320343,0.323860,0.332185,0.332715,0.332849,
0.235583,0.235635,0.236701,0.238898,0.241764,0.241804,0.243524,0.244806,0.248890,0.249285,0.250293,0.251913,0.255725,0.261178,0.261855,0.261903,0.263536,0.270188,0.276684,0.287757,0.290511,0.292377,0.293428,0.293791,0.294815,0.296177,0.297532,0.299093,0.300176,0.303989,0.303996,0.311081,0.316393,0.321215,0.323939,0.324699,0.324724,0.325261,0.329823,0.332721,
0.236135,0.237532,0.238398,0.243465,0.243654,0.244423,0.244846,0.245746,0.245794,0.250887,0.251942,0.253521,0.255350,0.256812,0.258159,0.258522,0.260179,0.261236,0.261730,0.263054,0.265197,0.273497,0.275103,0.286053,0.292038,0.296174,0.300148,0.305220,0.309925,0.312202,0.313249,0.313276,0.318385,0.318690,0.319434,0.322991,0.324737,0.330081,0.330089,0.332715,
0.000302,0.235539,0.238331,0.238684,0.243243,0.248717,0.251932,0.251984,0.255690,0.256833,0.257235,0.257603,0.261871,0.262985,0.265153,0.268645,0.270205,0.273490,0.276722,0.279895,0.281452,0.287574,0.290534,0.293632,0.294791,0.302749,0.309941,0.312526,0.315374,0.319065,0.319350,0.320309,0.322138,0.323860,0.323906,0.323914,0.328627,0.329378,0.332158,0.332712,
0.222690,0.235622,0.235763,0.236003,0.236114,0.236450,0.236504,0.240217,0.240509,0.242302,0.242943,0.242971,0.244299,0.247694,0.247856,0.248853,0.251937,0.253580,0.255180,0.255741,0.256827,0.258390,0.260179,0.263497,0.273713,0.275103,0.279928,0.281461,0.296125,0.302724,0.305182,0.308826,0.314326,0.316386,0.321207,0.326336,0.327891,0.330797,0.332717,0.332732,
0.000336,0.235585,0.235675,0.235832,0.236194,0.236695,0.236738,0.236826,0.237469,0.247212,0.247447,0.253506,0.255192,0.256897,0.261119,0.262101,0.263630,0.265153,0.270239,0.275183,0.279914,0.281589,0.284544,0.285365,0.289032,0.293331,0.293352,0.293564,0.296183,0.301472,0.305315,0.317033,0.323024,0.324736,0.329404,0.330121,0.330795,0.332132,0.332718,0.332725,
0.001830,0.235809,0.235959,0.238291,0.238747,0.240483,0.240524,0.241687,0.241720,0.244757,0.253518,0.254485,0.256914,0.257459,0.260165,0.262349,0.273498,0.273516,0.276724,0.283051,0.286062,0.289083,0.290505,0.294755,0.297510,0.303986,0.305214,0.305273,0.306438,0.311262,0.312242,0.315478,0.322138,0.322983,0.323857,0.323937,0.327553,0.327892,0.329392,0.332715,
0.222708,0.222796,0.235675,0.235996,0.238641,0.240268,0.240450,0.248782,0.253571,0.254446,0.255783,0.256929,0.260153,0.261329,0.268539,0.270193,0.270213,0.274810,0.275143,0.277073,0.278349,0.286065,0.286077,0.287568,0.293364,0.293383,0.300177,0.308865,0.311074,0.314570,0.315401,0.316400,0.316531,0.317401,0.320538,0.324721,0.325530,0.330126,0.331428,0.332717,
0.223100,0.235667,0.235798,0.236829,0.238775,0.239407,0.241725,0.241728,0.243403,0.244322,0.245812,0.250354,0.251284,0.251921,0.254716,0.256865,0.257895,0.261667,0.261846,0.262698,0.265222,0.275097,0.284529,0.284604,0.287560,0.292075,0.293364,0.304010,0.304206,0.305191,0.309220,0.314346,0.316390,0.321204,0.326456,0.328654,0.330172,0.331008,0.331323,0.332718,
0.235643,0.238672,0.241213,0.243002,0.245808,0.247275,0.247751,0.251952,0.251997,0.256838,0.256865,0.256872,0.257001,0.258031,0.258567,0.260196,0.261206,0.261421,0.261518,0.262587,0.271971,0.273489,0.275106,0.276702,0.276729,0.279977,0.284591,0.289047,0.290501,0.293718,0.313272,0.319349,0.322402,0.323031,0.325568,0.328685,0.330092,0.331508,0.331515,0.332714,
0.235784,0.237449,0.238589,0.239465,0.240142,0.242210,0.243341,0.250658,0.250803,0.255211,0.257911,0.258470,0.260175,0.261882,0.262727,0.265251,0.270170,0.270207,0.271813,0.271816,0.275127,0.278324,0.281479,0.286062,0.287567,0.290530,0.292021,0.297934,0.301451,0.306447,0.307630,0.310324,0.319350,0.319399,0.326381,0.329354,0.332356,0.332714,0.332718,0.332755,
0.235538,0.235608,0.235942,0.240542,0.243302,0.244876,0.256093,0.261158,0.262049,0.262886,0.265187,0.275113,0.275137,0.278330,0.287662,0.290517,0.291932,0.294762,0.297484,0.301474,0.302881,0.309941,0.309943,0.311058,0.312194,0.314333,0.315739,0.316445,0.318409,0.319342,0.321228,0.321264,0.322163,0.323864,0.326327,0.327119,0.330061,0.332084,0.332717,0.332740,
0.006822,0.223248,0.235679,0.236585,0.240404,0.241046,0.241713,0.243499,0.244780,0.247323,0.247702,0.251004,0.251259,0.253594,0.257854,0.261875,0.262801,0.263534,0.270172,0.270191,0.276731,0.278699,0.283017,0.287580,0.289057,0.294771,0.296234,0.301425,0.304068,0.306766,0.312163,0.322094,0.325528,0.325536,0.326331,0.330086,0.330761,0.332117,0.332255,0.332716,
0.222937,0.236132,0.236672,0.236747,0.237828,0.238383,0.239458,0.240232,0.245778,0.245839,0.247257,0.248042,0.250312,0.250359,0.250366,0.250985,0.261525,0.263010,0.266866,0.271847,0.279931,0.281445,0.286081,0.286228,0.292030,0.294742,0.298846,0.298852,0.301457,0.312212,0.312385,0.312865,0.314446,0.320348,0.322152,0.323867,0.325525,0.331447,0.332303,0.332715,
0.235674,0.236156,0.236200,0.238380,0.239304,0.240472,0.243077,0.247638,0.247858,0.250322,0.260163,0.260216,0.265148,0.265188,0.265204,0.270585,0.271840,0.278343,0.283032,0.284570,0.286107,0.293349,0.293590,0.294768,0.296125,0.296137,0.300182,0.303679,0.303960,0.303977,0.303996,0.304333,0.309930,0.318378,0.318446,0.319525,0.323068,0.330127,0.331578,0.332717,
0.223071,0.236400,0.237372,0.237447,0.238374,0.238637,0.238747,0.242561,0.243117,0.243454,0.247723,0.253481,0.255149,0.255185,0.255225,0.256830,0.265204,0.268548,0.270184,0.273486,0.275114,0.281488,0.287535,0.287572,0.289648,0.290580,0.291917,0.291978,0.294754,0.302733,0.302742,0.305204,0.312203,0.319352,0.321394,0.325562,0.326354,0.329443,0.332104,0.332717,
0.000284,0.000651,0.003232,0.004506,0.236143,0.236198,0.236626,0.237255,0.237455,0.237471,0.240429,0.242337,0.242952,0.243647,0.244376,0.251000,0.258498,0.263538,0.268525,0.268558,0.275106,0.276767,0.276814,0.280720,0.293352,0.297504,0.304002,0.307602,0.309953,0.316391,0.320311,0.320976,0.321217,0.324718,0.327124,0.328748,0.329355,0.330103,0.331437,0.332719,
0.235577,0.235907,0.236688,0.236893,0.237482,0.241646,0.243560,0.244401,0.245763,0.252008,0.253546,0.253579,0.255186,0.256849,0.257944,0.260159,0.260167,0.262840,0.270215,0.270217,0.273508,0.275068,0.284588,0.291945,0.305193,0.306441,0.312218,0.315397,0.315595,0.316222,0.318387,0.325517,0.326463,0.327106,0.327134,0.328031,0.330073,0.330757,0.330757,0.332716,
0.000094,0.235870,0.235984,0.236665,0.238946,0.240259,0.240457,0.240476,0.242985,0.244337,0.244395,0.248819,0.251095,0.251149,0.253581,0.254535,0.255497,0.271842,0.276727,0.276806,0.286078,0.290516,0.291925,0.293369,0.294787,0.295044,0.297499,0.298834,0.306412,0.306471,0.312176,0.313341,0.315434,0.319329,0.321181,0.323868,0.330106,0.330753,0.330798,0.332718,
0.235520,0.235822,0.236230,0.237424,0.237493,0.240454,0.241702,0.243106,0.243291,0.243649,0.245744,0.248807,0.254468,0.255397,0.261809,0.261933,0.265205,0.270172,0.271864,0.272010,0.278303,0.279907,0.281482,0.297495,0.304005,0.304034,0.308811,0.312208,0.317622,0.318402,0.318425,0.319439,0.324684,0.327108,0.327111,0.328647,0.328694,0.331358,0.332199,0.332711,
0.222498,0.222963,0.236445,0.237467,0.237513,0.244350,0.250317,0.251945,0.258505,0.265199,0.265825,0.268613,0.273484,0.275050,0.275090,0.293365,0.303980,0.304420,0.308810,0.314370,0.315373,0.315386,0.316379,0.316639,0.317401,0.317409,0.318427,0.318447,0.318487,0.320886,0.321191,0.322998,0.324734,0.325539,0.329446,0.331314,0.332718,0.332718,0.332719,0.332783,
0.222787,0.222969,0.236794,0.236817,0.238455,0.242350,0.242399,0.245846,0.245850,0.247254,0.253500,0.253539,0.256862,0.260194,0.260954,0.261900,0.262850,0.263505,0.276755,0.278344,0.281470,0.282360,0.286120,0.298826,0.302752,0.307600,0.307643,0.309953,0.314369,0.316389,0.316416,0.318401,0.319346,0.320299,0.322110,0.330067,0.330757,0.332715,0.332716,0.332725,
0.235718,0.235949,0.236148,0.242320,0.243022,0.243343,0.244350,0.249547,0.251979,0.252008,0.253582,0.261119,0.261843,0.262376,0.262664,0.265221,0.266859,0.279967,0.283036,0.286064,0.291288,0.296514,0.297513,0.300141,0.300176,0.301451,0.301481,0.302760,0.304015,0.305209,0.306719,0.318422,0.319327,0.320314,0.326332,0.327890,0.331432,0.332714,0.332879,0.332879,
