0.000000,0.000000,0.000000,0.000000,0.000000,0.000000,0.000000,0.000000,0.000000,0.000000,0.000000,0.000000,0.000000,0.000000,0.000000,0.000000,0.000000,0.000000,0.000000,0.000000,0.000000,0.000000,0.000000,0.000000,0.000000,0.000000,0.000000,0.000000,0.000000,0.000000,0.000000,0.000000,0.000000,0.000000,0.000000,0.000000,0.000000,0.000000,0.000000,0.000000,
0.000000,0.237722,0.239441,0.240492,0.242805,0.243467,0.249866,0.249930,0.249931,0.254900,0.262682,0.262768,0.263193,0.268248,0.274853,0.274880,0.281283,0.291963,0.297727,0.300455,0.303136,0.304424,0.305771,0.306930,0.307002,0.307088,0.310650,0.318648,0.319606,0.320419,0.324374,0.325342,0.325456,0.328015,0.329913,0.330013,0.330760,0.331546,0.332293,0.334695,
0.222820,0.222996,0.236142,0.239333,0.239384,0.242336,0.244350,0.244802,0.248786,0.250344,0.250892,0.251886,0.255154,0.255660,0.260197,0.260841,0.261407,0.261830,0.268591,0.272191,0.275151,0.290513,0.293363,0.298836,0.313272,0.313278,0.314346,0.315401,0.316085,0.317404,0.321219,0.326288,0.326331,0.327159,0.327904,0.329605,0.331427,0.331480,0.332083,0.332088,
0.004269,0.236536,0.240442,0.243477,0.244803,0.244975,0.245738,0.247220,0.247318,0.247432,0.248822,0.251046,0.251941,0.254287,0.256375,0.257574,0.258438,0.258512,0.270500,0.281482,0.283013,0.283035,0.286068,0.291938,0.291951,0.304023,0.311049,0.318374,0.322982,0.323892,0.324330,0.324680,0.324712,0.325518,0.326342,0.326525,0.330250,0.330757,0.330760,0.332077,
0.004625,0.236221,0.236621,0.239339,0.240420,0.242994,0.255211,0.255877,0.256830,0.261206,0.262310,0.268556,0.268720,0.270220,0.270228,0.273494,0.273523,0.275247,0.276763,0.278557,0.279905,0.283057,0.290496,0.290507,0.290525,0.296151,0.298841,0.298850,0.301471,0.302768,0.306416,0.308278,0.315366,0.316396,0.322167,0.323532,0.327118,0.327923,0.332084,0.332722,
0.000225,0.235589,0.235730,0.236321,0.241753,0.242957,0.243806,0.244083,0.244291,0.244643,0.250374,0.256879,0.260193,0.263509,0.265186,0.265197,0.281443,0.283008,0.289042,0.290621,0.290804,0.294755,0.296162,0.298817,0.302732,0.303981,0.303994,0.305233,0.306422,0.312184,0.313250,0.316405,0.317400,0.320296,0.323687,0.326353,0.329025,0.330900,0.332078,0.332716,
0.000089,0.222920,0.235908,0.240218,0.240477,0.243507,0.247244,0.248814,0.251939,0.261040,0.261846,0.268529,0.273480,0.275122,0.276762,0.278302,0.278351,0.281470,0.283044,0.286072,0.292560,0.300761,0.301470,0.302719,0.302722,0.309945,0.313251,0.314064,0.314322,0.315366,0.317379,0.318383,0.320318,0.321209,0.322104,0.325543,0.329410,0.332093,0.332717,0.332722,
0.000845,0.236597,0.238643,0.240528,0.241737,0.242246,0.242329,0.244572,0.245817,0.247622,0.248799,0.250275,0.250380,0.251909,0.255393,0.257983,0.258073,0.260204,0.262236,0.262730,0.263806,0.265219,0.278325,0.278341,0.279880,0.286076,0.305232,0.307618,0.308785,0.308790,0.309940,0.312174,0.318383,0.321199,0.322110,0.328509,0.330072,0.330812,0.332715,0.337276,
0.235791,0.237407,0.237457,0.238980,0.241611,0.243036,0.244391,0.245116,0.247476,0.248804,0.254419,0.255227,0.255602,0.258486,0.262120,0.265186,0.276761,0.278270,0.287566,0.293467,0.300318,0.300405,0.301454,0.302744,0.302749,0.304013,0.305205,0.307797,0.309939,0.311856,0.313250,0.316400,0.319391,0.323034,0.326341,0.328635,0.329355,0.329395,0.330119,0.332717,
0.235545,0.236384,0.236425,0.238354,0.238583,0.239402,0.240204,0.241740,0.244841,0.247686,0.252106,0.256834,0.260276,0.261515,0.262436,0.262597,0.262679,0.265214,0.266864,0.270243,0.273475,0.275130,0.276730,0.284536,0.290539,0.293392,0.294770,0.297517,0.300159,0.306495,0.312179,0.314341,0.317558,0.323000,0.323129,0.323859,0.327907,0.330247,0.332718,0.332720,
0.235831,0.236432,0.236497,0.236657,0.236759,0.238414,0.238617,0.238735,0.239409,0.244357,0.251001,0.251226,0.253570,0.254115,0.254330,0.257261,0.261291,0.266864,0.271860,0.276755,0.283171,0.283383,0.286106,0.291967,0.301459,0.304127,0.305227,0.306422,0.307746,0.313250,0.313298,0.314339,0.317404,0.318365,0.318372,0.319415,0.326440,0.327899,0.332716,0.332743,
0.235568,0.235656,0.235664,0.235713,0.235892,0.235939,0.237411,0.240463,0.241768,0.241919,0.243009,0.247315,0.247592,0.250320,0.251074,0.253549,0.258509,0.263761,0.278326,0.278340,0.281469,0.284726,0.286065,0.287550,0.290531,0.291998,0.298835,0.298927,0.308772,0.308845,0.312404,0.317528,0.318400,0.318589,0.319352,0.322170,0.324742,0.331446,0.332719,0.332743,
0.235839,0.235944,0.236368,0.237509,0.239383,0.245826,0.247259,0.248829,0.250478,0.250996,0.251020,0.254389,0.255179,0.256860,0.260205,0.263579,0.268582,0.276723,0.278323,0.278326,0.283020,0.284574,0.287589,0.293429,0.302696,0.302712,0.302724,0.303978,0.311157,0.312276,0.316391,0.316434,0.318379,0.321305,0.322989,0.327316,0.330750,0.331432,0.332717,0.332740,
0.236137,0.236149,0.236510,0.237428,0.237448,0.237527,0.237549,0.247195,0.247314,0.248811,0.253553,0.258484,0.261176,0.261515,0.268545,0.270383,0.278293,0.278361,0.279872,0.287577,0.291932,0.291974,0.293567,0.296166,0.298918,0.301541,0.306404,0.306413,0.308804,0.313257,0.313291,0.317397,0.321312,0.326364,0.328649,0.329396,0.330750,0.331434,0.332720,0.332934,
0.000091,0.222632,0.235598,0.235855,0.236132,0.236704,0.237401,0.237589,0.238468,0.239376,0.240466,0.242291,0.242340,0.243019,0.244684,0.244834,0.245826,0.247238,0.247505,0.253533,0.253545,0.260975,0.263837,0.265617,0.271824,0.271825,0.273506,0.273510,0.281513,0.284545,0.290512,0.296136,0.301473,0.305222,0.312174,0.327234,0.327873,0.331459,0.331521,0.332718,
0.222894,0.222955,0.235555,0.235732,0.237386,0.237419,0.240319,0.242290,0.243430,0.244141,0.244660,0.251993,0.253635,0.254164,0.258098,0.258507,0.262533,0.262677,0.268527,0.270245,0.275130,0.275152,0.276695,0.276714,0.279940,0.286087,0.301466,0.301467,0.302747,0.303976,0.306448,0.313263,0.314397,0.316402,0.318419,0.319333,0.320466,0.326392,0.330925,0.332718,
0.235896,0.236565,0.237506,0.237548,0.241662,0.246300,0.247270,0.250328,0.250350,0.254197,0.254211,0.255125,0.256019,0.256847,0.257973,0.260201,0.265434,0.267023,0.281459,0.284536,0.290622,0.291927,0.297040,0.297504,0.300144,0.302739,0.302817,0.302834,0.305228,0.309172,0.313097,0.316391,0.317415,0.318381,0.322266,0.324091,0.325066,0.329359,0.331429,0.332717,
0.235741,0.235913,0.240097,0.243406,0.244952,0.245821,0.247297,0.250339,0.250966,0.251900,0.251914,0.251941,0.255522,0.256832,0.258537,0.263522,0.265385,0.266864,0.268532,0.268612,0.270210,0.276733,0.278315,0.279905,0.283051,0.298824,0.302739,0.306984,0.307639,0.315364,0.318425,0.322143,0.322992,0.323851,0.324703,0.328899,0.330138,0.331434,0.332332,0.332717,
0.000303,0.222996,0.235708,0.235717,0.235757,0.235810,0.236230,0.236519,0.236739,0.238640,0.240332,0.243615,0.247228,0.255172,0.257889,0.257933,0.258497,0.258512,0.260165,0.260220,0.262979,0.269161,0.281441,0.284546,0.287560,0.297506,0.303953,0.303966,0.305252,0.308811,0.309935,0.309958,0.314356,0.317369,0.322142,0.323021,0.327126,0.327328,0.332719,0.332719,
0.000349,0.222628,0.235636,0.236417,0.236725,0.238440,0.238550,0.239404,0.240466,0.243299,0.250377,0.252021,0.254648,0.256360,0.256828,0.260291,0.261458,0.268597,0.279985,0.284587,0.296127,0.297485,0.298855,0.306429,0.313259,0.315354,0.319332,0.319641,0.320300,0.320310,0.320559,0.325535,0.326187,0.326339,0.329365,0.330076,0.330101,0.331434,0.332169,0.332713,
0.223058,0.235753,0.236186,0.237387,0.237517,0.237660,0.239360,0.240332,0.240334,0.242215,0.242646,0.243042,0.250994,0.253537,0.253563,0.258044,0.258489,0.260137,0.260167,0.260242,0.261308,0.262231,0.265209,0.266906,0.278302,0.278320,0.289070,0.302706,0.309451,0.309933,0.310043,0.312259,0.319334,0.320289,0.320359,0.322095,0.327902,0.330063,0.330744,0.332715,
0.235749,0.235784,0.236194,0.236517,0.237433,0.238656,0.239413,0.240465,0.241665,0.241696,0.247246,0.248881,0.251973,0.254262,0.254288,0.257830,0.273595,0.275143,0.278350,0.279917,0.281440,0.284764,0.286112,0.286172,0.293369,0.293376,0.312247,0.313243,0.314655,0.315368,0.315394,0.322142,0.323028,0.324712,0.326331,0.326444,0.327875,0.330069,0.331501,0.332717,
0.000914,0.222799,0.235866,0.237529,0.239362,0.245745,0.247200,0.247223,0.247474,0.254308,0.260995,0.261679,0.261860,0.263505,0.263592,0.265201,0.270213,0.276981,0.284572,0.287579,0.287587,0.289036,0.290580,0.296151,0.296175,0.303980,0.305214,0.307631,0.311087,0.316490,0.317434,0.323019,0.323865,0.324699,0.324738,0.328618,0.330065,0.331450,0.331527,0.332713,
0.222952,0.236544,0.237426,0.238309,0.239367,0.240431,0.240518,0.242279,0.242985,0.245846,0.248756,0.250353,0.260166,0.261109,0.261300,0.261363,0.262359,0.263135,0.263583,0.265202,0.273467,0.279911,0.279921,0.288377,0.289026,0.289061,0.291920,0.302788,0.306416,0.306425,0.317897,0.318471,0.321206,0.325144,0.327121,0.328647,0.329605,0.330859,0.332156,0.332717,
0.235681,0.236524,0.238387,0.238526,0.238811,0.239378,0.239386,0.240471,0.241684,0.242965,0.244713,0.250712,0.255525,0.261182,0.261379,0.270238,0.276705,0.281466,0.283064,0.286087,0.289049,0.289068,0.291968,0.294775,0.297924,0.298834,0.300172,0.303967,0.304826,0.310092,0.313344,0.319350,0.320293,0.321230,0.322108,0.324188,0.324738,0.327876,0.332086,0.332714,
0.235475,0.235727,0.236156,0.236176,0.236464,0.236664,0.242962,0.244735,0.248821,0.251952,0.253598,0.255639,0.255801,0.256843,0.258916,0.260941,0.263515,0.268566,0.273520,0.275076,0.279873,0.289043,0.289054,0.291983,0.293462,0.296131,0.296165,0.297489,0.298971,0.302712,0.309941,0.312173,0.315378,0.318519,0.318601,0.320338,0.321195,0.323459,0.328636,0.332716,
0.236108,0.236725,0.239338,0.241730,0.243025,0.244353,0.244462,0.246236,0.247654,0.251023,0.258516,0.258552,0.260218,0.261406,0.261524,0.266894,0.275112,0.278298,0.279906,0.284562,0.286091,0.291982,0.293374,0.300141,0.300157,0.300172,0.301448,0.301468,0.302717,0.302794,0.305237,0.314341,0.314640,0.317386,0.320859,0.323867,0.325620,0.327151,0.327216,0.332715,
0.236370,0.236626,0.236654,0.237488,0.238348,0.239518,0.240310,0.242471,0.242940,0.244704,0.247216,0.247262,0.247750,0.256851,0.261960,0.261963,0.262881,0.271866,0.272288,0.278293,0.279888,0.283042,0.286092,0.298867,0.305203,0.305269,0.311512,0.312191,0.313256,0.316396,0.317392,0.318383,0.319343,0.321205,0.323002,0.328637,0.331434,0.331456,0.332093,0.332718,
0.235665,0.236000,0.236185,0.236531,0.236768,0.241740,0.241778,0.242396,0.243674,0.243728,0.244392,0.244521,0.247688,0.249170,0.255192,0.255214,0.260257,0.261140,0.262185,0.263565,0.268547,0.286081,0.287579,0.290511,0.293377,0.295167,0.301460,0.309923,0.311051,0.315727,0.316400,0.322976,0.322996,0.322999,0.326329,0.328803,0.330133,0.330833,0.331434,0.332719,
0.235499,0.235507,0.235672,0.236169,0.236807,0.236810,0.240409,0.242178,0.242243,0.242945,0.243493,0.244350,0.247254,0.247866,0.250334,0.251939,0.254600,0.255472,0.256835,0.258165,0.262563,0.271818,0.273445,0.273560,0.287590,0.291967,0.294903,0.299173,0.300187,0.302746,0.306591,0.307609,0.307613,0.311072,0.311112,0.316422,0.319346,0.327884,0.330748,0.332720,
0.235595,0.235726,0.235803,0.236467,0.236707,0.238720,0.239539,0.239626,0.242307,0.244611,0.245817,0.247727,0.250984,0.254469,0.256888,0.257486,0.257780,0.260180,0.260760,0.261849,0.265219,0.276700,0.283083,0.284534,0.289036,0.296272,0.297498,0.307610,0.310013,0.315372,0.316442,0.317400,0.317474,0.318389,0.320390,0.321500,0.322665,0.329379,0.332088,0.332714,
0.000112,0.235824,0.235834,0.236131,0.238708,0.239372,0.240301,0.245746,0.245908,0.248847,0.255648,0.258137,0.258503,0.260225,0.266854,0.276888,0.278308,0.278348,0.284540,0.284603,0.294760,0.294761,0.299112,0.300161,0.301491,0.303969,0.304028,0.305213,0.308819,0.313410,0.317600,0.318382,0.318448,0.325550,0.326324,0.327982,0.328122,0.330759,0.332712,0.333038,
0.000067,0.236720,0.238371,0.240459,0.242545,0.243433,0.247262,0.250375,0.250851,0.255175,0.255176,0.255190,0.256836,0.256837,0.257561,0.261589,0.262425,0.265215,0.265280,0.268553,0.268559,0.273489,0.273589,0.279931,0.287567,0.287581,0.293359,0.296143,0.298857,0.302751,0.307628,0.307631,0.313066,0.315394,0.318367,0.320311,0.325809,0.331460,0.332717,0.332741,
0.000000,0.006195,0.235574,0.235608,0.235612,0.235629,0.236737,0.236808,0.237425,0.237488,0.239345,0.241663,0.241704,0.241747,0.242956,0.247246,0.247454,0.247845,0.250345,0.251934,0.251946,0.252067,0.263001,0.263518,0.265187,0.266871,0.283035,0.290510,0.292182,0.292386,0.298850,0.304001,0.305212,0.307605,0.309953,0.319348,0.323001,0.323851,0.330905,0.332717,
0.236194,0.236379,0.237127,0.237476,0.241715,0.242130,0.242386,0.244353,0.245837,0.247567,0.250769,0.250984,0.252033,0.253559,0.255185,0.256861,0.258066,0.260182,0.260201,0.261099,0.262546,0.268530,0.271847,0.276723,0.284582,0.289201,0.293392,0.298849,0.301548,0.302772,0.309952,0.312349,0.314328,0.319391,0.322176,0.323859,0.325617,0.328630,0.332112,0.332719,
0.235804,0.237410,0.237535,0.238364,0.238479,0.239370,0.240325,0.240451,0.240718,0.242490,0.243001,0.243052,0.251062,0.251940,0.251971,0.258514,0.260202,0.260728,0.261899,0.265197,0.270252,0.271978,0.275097,0.275150,0.276896,0.278327,0.283008,0.291936,0.298831,0.301778,0.303997,0.304060,0.307607,0.308814,0.308825,0.318454,0.318793,0.327307,0.332717,0.332726,
0.235552,0.236779,0.240523,0.241718,0.243029,0.244665,0.244915,0.247277,0.250384,0.255301,0.256875,0.258491,0.261830,0.261850,0.262866,0.263647,0.265193,0.265216,0.266924,0.273448,0.278324,0.279910,0.279927,0.281481,0.281743,0.290525,0.293373,0.301569,0.302771,0.307625,0.311066,0.312157,0.320284,0.321258,0.323061,0.327117,0.328639,0.330062,0.331448,0.332717,
0.235522,0.236124,0.236128,0.236475,0.237318,0.237479,0.238335,0.245804,0.253508,0.256879,0.262003,0.262229,0.270190,0.273497,0.275135,0.281495,0.284894,0.286074,0.289040,0.290489,0.290512,0.300131,0.300145,0.301426,0.301460,0.302896,0.312187,0.312196,0.314307,0.318397,0.319350,0.320287,0.321213,0.321221,0.322148,0.323028,0.324699,0.325537,0.328651,0.332715,
0.223184,0.235757,0.235763,0.235818,0.235953,0.236533,0.236806,0.240525,0.245794,0.247253,0.248780,0.251923,0.256899,0.257925,0.260176,0.261865,0.266885,0.266914,0.278331,0.278331,0.278349,0.278375,0.281459,0.284574,0.284612,0.287571,0.291949,0.297512,0.301466,0.305225,0.307610,0.308790,0.311451,0.316379,0.322117,0.327868,0.327907,0.330148,0.331438,0.332713,
0.235557,0.235564,0.235622,0.236786,0.237319,0.237462,0.237514,0.240440,0.241717,0.242263,0.242975,0.243041,0.247259,0.253762,0.254578,0.257554,0.270184,0.270217,0.278291,0.281484,0.287577,0.290551,0.294847,0.300195,0.302754,0.305217,0.308793,0.309949,0.311057,0.314310,0.327112,0.327113,0.327123,0.329370,0.329388,0.330105,0.330766,0.332096,0.332165,0.332712,
0.238298,0.238752,0.240542,0.242994,0.243174,0.244905,0.251103,0.256868,0.257865,0.260973,0.261438,0.261834,0.261843,0.263516,0.265219,0.266976,0.270180,0.270184,0.271815,0.275160,0.278301,0.278343,0.287536,0.289041,0.291941,0.293349,0.297490,0.298826,0.298832,0.300156,0.302714,0.306472,0.307720,0.312232,0.318358,0.322134,0.325529,0.328641,0.331503,0.332715,
0.223037,0.235518,0.235564,0.235732,0.235983,0.236079,0.238297,0.238312,0.238886,0.247240,0.248791,0.255789,0.257687,0.261683,0.263761,0.266919,0.268535,0.271902,0.273510,0.276745,0.281488,0.286062,0.286081,0.291948,0.293345,0.297546,0.302728,0.305209,0.305231,0.305237,0.308766,0.308798,0.316396,0.319476,0.320292,0.322106,0.323869,0.331439,0.332716,0.333034,
0.222434,0.235566,0.235649,0.235899,0.236068,0.236775,0.237475,0.238053,0.238404,0.238653,0.240250,0.240532,0.243012,0.245815,0.247405,0.247497,0.247738,0.248821,0.253601,0.256175,0.273483,0.275185,0.279875,0.279876,0.294746,0.296689,0.305218,0.305244,0.316411,0.318383,0.319334,0.321278,0.323000,0.323874,0.324720,0.329642,0.330081,0.330203,0.332187,0.332717,
0.235659,0.236241,0.236565,0.239136,0.240308,0.241699,0.244812,0.250349,0.254621,0.257875,0.260487,0.260515,0.261898,0.263539,0.263687,0.266910,0.273534,0.279889,0.280023,0.286180,0.293470,0.296139,0.296148,0.297472,0.305194,0.307661,0.307682,0.311115,0.314845,0.315544,0.321197,0.326343,0.327127,0.328643,0.328675,0.329448,0.332717,0.332717,0.332738,0.332789,
0.000177,0.223124,0.235745,0.235921,0.236156,0.236188,0.237647,0.238393,0.241695,0.242158,0.244921,0.245809,0.245816,0.251896,0.255865,0.257542,0.261120,0.261878,0.262448,0.265211,0.268551,0.268744,0.273469,0.290511,0.291905,0.298831,0.304109,0.307605,0.317384,0.318384,0.320304,0.320605,0.321224,0.322196,0.323000,0.324034,0.324726,0.325573,0.331441,0.332714,
0.223013,0.235945,0.236758,0.236901,0.238349,0.240468,0.240496,0.240525,0.248273,0.251908,0.254327,0.258532,0.260455,0.261472,0.268547,0.270181,0.273444,0.276728,0.287624,0.289070,0.290516,0.290607,0.299707,0.300150,0.304005,0.304141,0.313333,0.318380,0.318389,0.319359,0.321696,0.323392,0.323954,0.324709,0.324801,0.325521,0.326323,0.327928,0.330087,0.332717,
0.235530,0.235578,0.235631,0.236147,0.238148,0.238305,0.238329,0.238389,0.239349,0.240490,0.243653,0.244910,0.247452,0.253544,0.253620,0.260189,0.260534,0.266901,0.266909,0.270198,0.270199,0.275122,0.276725,0.283023,0.297488,0.302726,0.302787,0.303981,0.306461,0.307692,0.309958,0.311066,0.316435,0.316465,0.325531,0.327931,0.330757,0.330762,0.332117,0.332719,
0.000365,0.235547,0.236822,0.237428,0.237516,0.242370,0.247293,0.248869,0.251943,0.256811,0.258030,0.258499,0.261531,0.261569,0.261909,0.263510,0.265184,0.268507,0.271891,0.271891,0.283081,0.286084,0.286126,0.293371,0.306415,0.307629,0.312187,0.315533,0.318372,0.323011,0.323948,0.326380,0.327115,0.327134,0.328624,0.330848,0.332717,0.332718,0.332723,0.332774,
0.000496,0.235966,0.236135,0.236710,0.236747,0.237544,0.238496,0.240440,0.242994,0.243052,0.245818,0.247298,0.248336,0.254459,0.255229,0.256848,0.261034,0.262306,0.262673,0.266865,0.268550,0.270196,0.276661,0.278330,0.286141,0.289030,0.293590,0.297510,0.298861,0.301515,0.306472,0.313264,0.314393,0.317386,0.325199,0.325521,0.325524,0.331462,0.332080,0.332752,
0.236484,0.236599,0.236679,0.237700,0.240433,0.244932,0.246080,0.248801,0.250786,0.250921,0.250948,0.251926,0.254718,0.258509,0.268523,0.271902,0.275103,0.275128,0.276757,0.277049,0.278330,0.283041,0.291973,0.294840,0.297508,0.297750,0.300145,0.300199,0.301510,0.305226,0.306412,0.313344,0.318378,0.321255,0.321275,0.323014,0.323040,0.324835,0.328633,0.332718,
0.235629,0.235729,0.235818,0.236216,0.237467,0.237473,0.237656,0.241612,0.242165,0.244351,0.244925,0.244936,0.255388,0.255617,0.257969,0.258090,0.261051,0.261891,0.262654,0.262713,0.262941,0.265235,0.271871,0.283059,0.293370,0.293375,0.298833,0.301618,0.302746,0.307661,0.314324,0.321327,0.326321,0.327321,0.327888,0.328631,0.330065,0.331001,0.331548,0.332717,
0.235762,0.235872,0.241772,0.243005,0.244382,0.250984,0.251930,0.253581,0.255655,0.260648,0.261221,0.262204,0.262913,0.263561,0.275104,0.275134,0.276729,0.278648,0.281489,0.286083,0.287712,0.289060,0.290514,0.291927,0.295057,0.297483,0.299083,0.300153,0.301448,0.314388,0.318364,0.319340,0.320473,0.321210,0.323124,0.324025,0.327155,0.327898,0.332119,0.332719,
0.000074,0.235949,0.236430,0.237475,0.238359,0.238575,0.239350,0.240483,0.242460,0.243610,0.245800,0.248733,0.248801,0.253585,0.261413,0.261824,0.265210,0.265369,0.279920,0.284549,0.291935,0.297480,0.297502,0.298885,0.299164,0.300138,0.305207,0.306454,0.313674,0.314347,0.316420,0.321219,0.323857,0.324710,0.324801,0.327120,0.328624,0.330646,0.332082,0.332719,
0.222756,0.223347,0.235685,0.237431,0.238347,0.238407,0.238718,0.238724,0.239392,0.243856,0.244398,0.250382,0.256885,0.258480,0.260836,0.261394,0.261855,0.270158,0.270210,0.271830,0.273486,0.287581,0.296142,0.297501,0.304136,0.308879,0.309929,0.311819,0.312171,0.312181,0.314326,0.317402,0.319470,0.324759,0.327924,0.328050,0.331427,0.331428,0.331539,0.332713,
0.000067,0.235691,0.242210,0.243726,0.244822,0.247757,0.249530,0.251916,0.255240,0.255790,0.257935,0.261885,0.265209,0.268516,0.268545,0.275091,0.275103,0.278346,0.279905,0.286049,0.294772,0.298915,0.302720,0.307611,0.311116,0.312178,0.317432,0.317470,0.318433,0.319392,0.321214,0.322144,0.323867,0.326660,0.328622,0.328690,0.329668,0.330782,0.332088,0.332716,
0.235551,0.235869,0.237639,0.244357,0.244763,0.244853,0.244877,0.247230,0.247788,0.248760,0.248760,0.254565,0.256013,0.256825,0.258308,0.261214,0.261745,0.263523,0.266887,0.266920,0.268522,0.272067,0.273466,0.273476,0.273695,0.275087,0.276729,0.280596,0.301541,0.302743,0.307610,0.312165,0.316408,0.321183,0.326367,0.327158,0.328634,0.330084,0.331459,0.332718,
0.235780,0.236730,0.238683,0.241705,0.242431,0.242984,0.243644,0.244386,0.245889,0.247245,0.247266,0.247329,0.247491,0.250385,0.250818,0.255176,0.255904,0.256835,0.258476,0.260161,0.261586,0.275245,0.276722,0.277176,0.286065,0.291021,0.291957,0.308776,0.308782,0.308787,0.310401,0.311358,0.314329,0.315363,0.319348,0.323032,0.326435,0.329361,0.330192,0.332717,
0.003325,0.235729,0.237439,0.240333,0.240518,0.243032,0.245770,0.247762,0.248758,0.250344,0.250490,0.250917,0.253546,0.253580,0.256902,0.259168,0.260147,0.260178,0.265233,0.281485,0.286052,0.287576,0.288110,0.289084,0.290522,0.291967,0.293367,0.298893,0.305220,0.311210,0.319342,0.320363,0.325522,0.325527,0.326373,0.326773,0.327163,0.327896,0.332276,0.332718,
0.000489,0.222630,0.235586,0.236583,0.237386,0.238332,0.239382,0.242493,0.248748,0.250811,0.250920,0.255167,0.255471,0.258562,0.260903,0.260976,0.262715,0.262755,0.263117,0.266874,0.273486,0.286073,0.286092,0.293370,0.294755,0.296169,0.298893,0.301461,0.314369,0.321217,0.324708,0.325534,0.326331,0.327118,0.328627,0.328632,0.329556,0.332718,0.332722,0.332736,
0.222873,0.222916,0.223496,0.236151,0.236564,0.238556,0.238731,0.238799,0.240421,0.244877,0.247594,0.247720,0.250361,0.255597,0.255795,0.256012,0.257128,0.257217,0.260345,0.260934,0.262192,0.262583,0.268554,0.271843,0.276811,0.285907,0.287567,0.290478,0.291916,0.296152,0.301446,0.301529,0.308791,0.309943,0.314310,0.319401,0.320301,0.324733,0.332600,0.332716,
0.235679,0.235850,0.235969,0.236986,0.242036,0.242285,0.242292,0.243061,0.243747,0.244725,0.247748,0.248300,0.248779,0.253611,0.255339,0.255994,0.258143,0.261562,0.261831,0.262467,0.278325,0.278370,0.283536,0.290510,0.293381,0.294773,0.296154,0.298071,0.301441,0.302698,0.312161,0.312161,0.313433,0.316332,0.321717,0.323121,0.327123,0.328629,0.332231,0.332719,
0.235930,0.236094,0.236460,0.237347,0.237522,0.240492,0.240621,0.241736,0.242408,0.243024,0.243151,0.244559,0.248882,0.255200,0.256060,0.257644,0.258516,0.262598,0.263508,0.263548,0.267508,0.270264,0.273491,0.273504,0.278302,0.278315,0.281465,0.284571,0.287550,0.296140,0.312178,0.317548,0.317772,0.319881,0.321251,0.322126,0.322203,0.327984,0.330071,0.332718,
0.235546,0.235702,0.235970,0.236171,0.236512,0.236801,0.237489,0.245785,0.247268,0.248771,0.250382,0.255765,0.257162,0.261216,0.265175,0.265242,0.275337,0.283178,0.293410,0.296118,0.307620,0.308880,0.311089,0.312361,0.313363,0.314340,0.314384,0.315362,0.317425,0.317965,0.320283,0.320287,0.320348,0.326343,0.328619,0.328644,0.330089,0.330782,0.332718,0.332719,
0.223051,0.235807,0.235865,0.236536,0.238383,0.238385,0.238837,0.239367,0.242426,0.244365,0.250390,0.250406,0.251042,0.255776,0.261826,0.262691,0.265175,0.265194,0.266875,0.277031,0.278399,0.281447,0.283006,0.285078,0.290475,0.290517,0.293442,0.298830,0.302743,0.303971,0.306429,0.311053,0.315349,0.317396,0.319400,0.329405,0.330077,0.330754,0.331442,0.332715,
0.235583,0.235586,0.235822,0.236210,0.236346,0.236705,0.236940,0.238331,0.240379,0.241782,0.243762,0.248826,0.255894,0.260175,0.263533,0.265179,0.266894,0.273559,0.273634,0.275443,0.278797,0.279905,0.290517,0.291974,0.293383,0.294743,0.294783,0.303961,0.303991,0.305200,0.313248,0.318448,0.321260,0.322133,0.323001,0.326366,0.327147,0.330823,0.331434,0.332715,
0.235780,0.235831,0.236573,0.236683,0.240310,0.240413,0.240459,0.245763,0.245922,0.255244,0.258004,0.260183,0.268540,0.275637,0.276731,0.279915,0.279921,0.279958,0.280502,0.284564,0.293361,0.297520,0.306432,0.308786,0.309925,0.311138,0.312182,0.312257,0.316443,0.318390,0.319332,0.322991,0.323009,0.324776,0.327895,0.327937,0.328665,0.328743,0.330756,0.332714,
0.223010,0.235677,0.236706,0.237419,0.238639,0.238775,0.240320,0.243018,0.243570,0.245790,0.250867,0.251987,0.255823,0.258444,0.266895,0.275086,0.276723,0.279920,0.284557,0.284575,0.284601,0.287708,0.291987,0.297500,0.301452,0.302715,0.308799,0.308835,0.313255,0.313273,0.314328,0.315372,0.319371,0.327118,0.329361,0.330125,0.331734,0.332081,0.332163,0.332718,
0.235723,0.236460,0.236483,0.238776,0.240537,0.241648,0.241731,0.248804,0.261836,0.265226,0.266872,0.267348,0.270234,0.271855,0.276712,0.278304,0.284537,0.284538,0.287591,0.289051,0.292055,0.294728,0.296285,0.302725,0.308764,0.309940,0.311116,0.312913,0.315366,0.322993,0.325678,0.326340,0.326418,0.327932,0.328627,0.329354,0.329482,0.330072,0.331437,0.332714,
0.223077,0.237482,0.238408,0.238774,0.241732,0.244342,0.247325,0.247682,0.247744,0.247900,0.251921,0.251926,0.256829,0.258341,0.261168,0.263528,0.266913,0.273455,0.273526,0.276711,0.278328,0.281434,0.283141,0.284582,0.289036,0.297493,0.301455,0.302746,0.303976,0.312284,0.316490,0.317389,0.319353,0.320338,0.322991,0.326336,0.327109,0.329363,0.331437,0.332714,
0.000067,0.235560,0.235748,0.236656,0.239418,0.240538,0.241672,0.242534,0.245830,0.247865,0.251962,0.254676,0.255276,0.261841,0.261881,0.265351,0.266834,0.270998,0.279931,0.280133,0.283026,0.284597,0.286080,0.289028,0.293364,0.294804,0.297626,0.300195,0.301470,0.304189,0.308796,0.313262,0.315361,0.321312,0.324696,0.326316,0.328649,0.331448,0.332100,0.332716,
0.222919,0.235739,0.237437,0.237500,0.238342,0.238364,0.238525,0.240305,0.240387,0.243278,0.243320,0.243605,0.247273,0.262513,0.263501,0.266861,0.273490,0.275152,0.275178,0.281453,0.284567,0.286071,0.286306,0.297507,0.300134,0.305217,0.306442,0.307593,0.308780,0.312198,0.312268,0.315404,0.317390,0.318406,0.327125,0.327946,0.330101,0.331478,0.332719,0.336771,
0.223552,0.235597,0.236478,0.237483,0.237484,0.238309,0.238401,0.238703,0.239091,0.242347,0.247690,0.250949,0.256816,0.256928,0.260159,0.260785,0.261936,0.262918,0.263615,0.266881,0.281513,0.284551,0.289046,0.289059,0.290480,0.294752,0.297511,0.300162,0.309519,0.314334,0.317400,0.318386,0.322093,0.322139,0.327119,0.327880,0.329441,0.331424,0.332220,0.332714,
0.000082,0.003073,0.222632,0.235553,0.235853,0.237407,0.237416,0.238133,0.239487,0.240678,0.242213,0.244777,0.245760,0.250344,0.252030,0.253876,0.255204,0.255847,0.258484,0.260130,0.263519,0.266892,0.271854,0.275077,0.286050,0.292309,0.299003,0.302737,0.306420,0.311061,0.312191,0.315360,0.316398,0.317441,0.319351,0.320288,0.321221,0.327336,0.331429,0.332719,
0.001509,0.222859,0.235615,0.236186,0.237717,0.240264,0.240418,0.242961,0.242978,0.243503,0.243701,0.247291,0.250058,0.251983,0.253579,0.256857,0.258487,0.260190,0.260241,0.270324,0.271805,0.273455,0.273474,0.283025,0.287732,0.290512,0.303989,0.304037,0.308249,0.315484,0.318371,0.318391,0.318422,0.321326,0.323853,0.326352,0.327910,0.331603,0.332715,0.332723,
0.222826,0.235638,0.236480,0.236701,0.238421,0.247278,0.247327,0.248827,0.254142,0.258006,0.258615,0.261924,0.262652,0.262806,0.266869,0.276741,0.278335,0.279868,0.279883,0.286086,0.287557,0.289002,0.296175,0.300158,0.302713,0.305249,0.308788,0.311991,0.318374,0.318388,0.321213,0.323865,0.325520,0.329406,0.330070,0.330090,0.330798,0.331514,0.332716,0.332749,
0.235635,0.235748,0.236155,0.236425,0.243419,0.244363,0.248779,0.250914,0.256827,0.256858,0.258054,0.265269,0.268557,0.270205,0.275116,0.278321,0.279974,0.283026,0.287575,0.294760,0.303074,0.304029,0.305229,0.309688,0.309956,0.311067,0.312166,0.318360,0.319624,0.321271,0.321453,0.324716,0.325521,0.326324,0.326326,0.326330,0.326334,0.328981,0.331438,0.332715,
0.000069,0.235617,0.235768,0.236096,0.236427,0.236539,0.236743,0.237546,0.239366,0.241691,0.243002,0.244598,0.250337,0.253563,0.255198,0.257034,0.258504,0.261228,0.261869,0.262726,0.270219,0.281526,0.284546,0.291929,0.293381,0.293454,0.305212,0.306432,0.311073,0.311075,0.317376,0.323678,0.323858,0.327108,0.327887,0.327973,0.328892,0.332085,0.332716,0.332745,
0.235763,0.235778,0.235788,0.236046,0.240472,0.241716,0.241735,0.242299,0.242456,0.247271,0.247335,0.251942,0.253662,0.262748,0.266967,0.268520,0.268532,0.271841,0.271852,0.271871,0.271900,0.275114,0.275576,0.284457,0.287915,0.289053,0.289054,0.291917,0.293379,0.293385,0.311057,0.313433,0.315397,0.316411,0.321205,0.321207,0.324711,0.329360,0.332095,0.332718,
0.235605,0.235679,0.236255,0.237425,0.238328,0.238366,0.240396,0.243027,0.247354,0.253517,0.255181,0.255611,0.261833,0.263165,0.265235,0.268539,0.271847,0.276830,0.278324,0.279911,0.284589,0.284591,0.286055,0.291965,0.298863,0.300170,0.302768,0.305211,0.309144,0.315380,0.315383,0.317394,0.317474,0.322988,0.327111,0.327892,0.330767,0.330781,0.332127,0.332715,
0.000214,0.235854,0.237500,0.237981,0.238415,0.240385,0.240575,0.247652,0.247722,0.254483,0.255645,0.257218,0.260939,0.261202,0.261656,0.263034,0.263561,0.278322,0.283008,0.283044,0.287555,0.288012,0.289181,0.294768,0.297497,0.300145,0.300160,0.302757,0.306424,0.310022,0.311084,0.318451,0.319344,0.322104,0.322112,0.323012,0.323012,0.323865,0.326339,0.332716,
0.222856,0.236175,0.238598,0.242370,0.244405,0.244841,0.246226,0.247611,0.251266,0.254338,0.260437,0.265224,0.268834,0.278311,0.286077,0.290654,0.293370,0.294794,0.297501,0.304000,0.308796,0.308799,0.312172,0.314315,0.317461,0.318519,0.319346,0.320496,0.322998,0.323859,0.325514,0.326321,0.326335,0.327117,0.327181,0.327877,0.327940,0.328630,0.331535,0.332718,
0.236137,0.236541,0.237476,0.238343,0.238756,0.240258,0.241693,0.250311,0.250324,0.250344,0.250362,0.258090,0.260767,0.262712,0.266851,0.268509,0.271868,0.273487,0.273492,0.276736,0.286173,0.287563,0.287705,0.290513,0.297491,0.297510,0.302706,0.302707,0.305213,0.305439,0.313111,0.321279,0.322109,0.325763,0.327112,0.327899,0.328626,0.330771,0.330804,0.332717,
0.000329,0.235702,0.235713,0.235749,0.236385,0.236456,0.237460,0.238852,0.241704,0.243456,0.244547,0.253513,0.253579,0.254486,0.256869,0.256870,0.265204,0.266890,0.271823,0.271835,0.278313,0.284547,0.290483,0.290520,0.291943,0.291969,0.293383,0.307628,0.308872,0.308929,0.309935,0.316383,0.316406,0.318400,0.322992,0.328272,0.330064,0.330148,0.330771,0.332718,
0.000070,0.223263,0.235568,0.237455,0.239399,0.242528,0.245762,0.250320,0.255217,0.255693,0.258502,0.261055,0.261853,0.262886,0.265217,0.265236,0.269896,0.275186,0.284535,0.289042,0.293349,0.297460,0.303974,0.305260,0.312156,0.314339,0.314391,0.314407,0.316382,0.317393,0.319378,0.323865,0.323890,0.324828,0.326439,0.327059,0.330759,0.331547,0.332096,0.332719,
0.236217,0.237497,0.239028,0.240355,0.242380,0.245755,0.245800,0.251912,0.253519,0.253548,0.257845,0.257952,0.258560,0.260214,0.261880,0.273640,0.276715,0.278310,0.279865,0.279919,0.286053,0.294758,0.296130,0.296135,0.301458,0.309927,0.312171,0.315362,0.320676,0.321275,0.322978,0.325521,0.325558,0.328731,0.329921,0.330802,0.332086,0.332715,0.332742,0.336934,
0.235835,0.236725,0.242995,0.244571,0.247246,0.247279,0.250989,0.251098,0.251904,0.252038,0.255199,0.256848,0.257884,0.258550,0.261849,0.262520,0.262618,0.262630,0.263517,0.265185,0.265207,0.266901,0.273523,0.276741,0.287539,0.291954,0.291970,0.302729,0.303984,0.305212,0.307608,0.310070,0.316412,0.316433,0.322123,0.326352,0.331706,0.332714,0.332716,0.332725,
0.223119,0.223192,0.235520,0.236521,0.237472,0.250334,0.250596,0.250669,0.255856,0.258144,0.261540,0.261738,0.261843,0.266885,0.268552,0.273562,0.279931,0.279946,0.287563,0.290487,0.291990,0.297492,0.307662,0.307984,0.310127,0.310306,0.311441,0.312194,0.316431,0.317426,0.323841,0.326326,0.327140,0.327912,0.328622,0.329368,0.331429,0.332096,0.332135,0.332714,
0.006495,0.236793,0.238313,0.238380,0.238715,0.238771,0.240458,0.241698,0.242464,0.244736,0.250325,0.255559,0.257714,0.258307,0.259299,0.261124,0.261221,0.261487,0.266852,0.284562,0.291925,0.294723,0.294775,0.294842,0.296145,0.296156,0.297475,0.302703,0.309901,0.311059,0.312400,0.313835,0.318399,0.320245,0.320291,0.320294,0.327873,0.329359,0.331498,0.332716,
0.000089,0.236520,0.239387,0.240510,0.243675,0.245516,0.247346,0.250473,0.255751,0.258551,0.261753,0.262438,0.263535,0.275104,0.275203,0.278583,0.284547,0.284553,0.291942,0.296136,0.301445,0.301455,0.302722,0.304048,0.306408,0.310213,0.312610,0.317729,0.322999,0.323037,0.325536,0.327119,0.329366,0.330807,0.331436,0.331742,0.332215,0.332718,0.332756,0.332783,
0.000000,0.000663,0.001351,0.236621,0.236769,0.237462,0.237463,0.237848,0.240402,0.242321,0.242382,0.244339,0.247810,0.250715,0.258045,0.259028,0.260172,0.261466,0.265184,0.270196,0.286060,0.286501,0.298862,0.300147,0.300160,0.306417,0.307599,0.313239,0.313250,0.320264,0.320302,0.321223,0.323661,0.323878,0.327116,0.327934,0.328643,0.330750,0.331437,0.332716,
0.235731,0.236056,0.237506,0.238652,0.239314,0.239358,0.243452,0.244846,0.244921,0.247267,0.247268,0.248763,0.254784,0.255987,0.256840,0.258522,0.260284,0.261831,0.275115,0.278508,0.283044,0.284579,0.290492,0.290498,0.295045,0.302724,0.303955,0.304018,0.308920,0.309963,0.314479,0.316377,0.321323,0.322324,0.326329,0.331498,0.332094,0.332718,0.332975,0.336932,
0.236142,0.236760,0.236777,0.240590,0.241674,0.242288,0.242366,0.251951,0.253570,0.253583,0.255200,0.261124,0.261505,0.265247,0.268509,0.273497,0.273502,0.273554,0.275112,0.283003,0.284688,0.286049,0.289056,0.298843,0.302722,0.306435,0.314323,0.317410,0.318436,0.319066,0.324033,0.324408,0.324708,0.325576,0.328699,0.329377,0.332119,0.332715,0.332720,0.332738,
0.235580,0.236630,0.236734,0.237527,0.238418,0.238644,0.238674,0.243790,0.244305,0.244826,0.248819,0.248838,0.249155,0.251040,0.258001,0.258534,0.258551,0.261018,0.261157,0.262693,0.273532,0.276689,0.281768,0.291939,0.293376,0.298841,0.302729,0.306421,0.313267,0.317378,0.319347,0.319364,0.320290,0.321266,0.322980,0.327894,0.330085,0.332092,0.332120,0.332716,
0.000075,0.000107,0.236772,0.243231,0.243378,0.244346,0.246330,0.247215,0.247239,0.247291,0.258681,0.262308,0.263559,0.266853,0.268847,0.271915,0.275127,0.278317,0.281458,0.283059,0.289116,0.290477,0.291953,0.292030,0.296494,0.304029,0.320272,0.322102,0.322110,0.323023,0.326320,0.327122,0.327878,0.328063,0.330090,0.330203,0.331176,0.331429,0.331445,0.332718,
0.223025,0.235841,0.235964,0.236247,0.236396,0.238354,0.244771,0.245738,0.245783,0.248759,0.248795,0.252510,0.258044,0.261315,0.261362,0.262482,0.263497,0.268125,0.268505,0.273475,0.279869,0.281826,0.294728,0.294743,0.297518,0.301444,0.302715,0.303964,0.304032,0.307629,0.307645,0.307652,0.315370,0.315379,0.319330,0.320291,0.323935,0.325539,0.329395,0.332720,
0.235718,0.235968,0.236192,0.236693,0.238391,0.238989,0.239313,0.239353,0.239437,0.242470,0.244716,0.245750,0.245867,0.247538,0.249143,0.250966,0.253650,0.261575,0.262483,0.265211,0.271834,0.271876,0.273508,0.281459,0.287569,0.287573,0.290513,0.294759,0.296985,0.300622,0.302818,0.306437,0.311069,0.316408,0.318410,0.322188,0.323859,0.327122,0.330870,0.332717,
0.235734,0.237371,0.238324,0.240187,0.240543,0.242535,0.247245,0.247641,0.250816,0.250972,0.251129,0.253525,0.253592,0.254199,0.257905,0.258532,0.260106,0.260167,0.260970,0.261818,0.262639,0.268726,0.276724,0.276745,0.283037,0.284623,0.292110,0.293409,0.293428,0.296140,0.304000,0.311098,0.313241,0.316423,0.325974,0.327937,0.329503,0.331430,0.332716,0.332756,
0.235801,0.236618,0.236769,0.238399,0.240350,0.242999,0.250356,0.250923,0.254565,0.258520,0.263457,0.275073,0.278428,0.281706,0.284582,0.286178,0.291928,0.291941,0.293372,0.294776,0.296139,0.296144,0.297571,0.299142,0.300286,0.308903,0.309059,0.311269,0.314314,0.315368,0.315773,0.317405,0.318580,0.321242,0.325548,0.325718,0.326371,0.327140,0.331430,0.332713,
0.000067,0.000170,0.235563,0.235662,0.235803,0.237443,0.240478,0.242524,0.250342,0.250842,0.253588,0.255184,0.258040,0.258102,0.263526,0.265191,0.270209,0.276728,0.287677,0.296308,0.302697,0.302726,0.305256,0.306658,0.307621,0.308806,0.315391,0.316402,0.318400,0.322110,0.323009,0.323912,0.326319,0.327115,0.327882,0.328632,0.328637,0.330756,0.331432,0.332709,
0.235623,0.235802,0.235805,0.236702,0.237439,0.237471,0.241615,0.245791,0.245794,0.248814,0.251241,0.255163,0.255797,0.260205,0.261606,0.261923,0.262602,0.263535,0.271859,0.276725,0.278310,0.281502,0.284623,0.287569,0.290508,0.300168,0.307612,0.308819,0.312268,0.314308,0.317380,0.318367,0.318577,0.322096,0.324907,0.326399,0.327149,0.331426,0.331717,0.332717,
