0.000000,0.000000,0.000000,0.000000,0.000000,0.000000,0.000000,0.000000,0.000000,0.000000,0.000000,0.000000,0.000000,0.000000,0.000000,0.000000,0.000000,0.000000,0.000000,0.000000,0.000000,0.000000,0.000000,0.000000,0.000000,0.000000,0.000000,0.000000,0.000000,0.000000,0.000000,0.000000,0.000000,0.000000,0.000000,0.000000,0.000000,0.000000,0.000000,0.000000,
0.000000,0.236531,0.237161,0.237284,0.239354,0.239416,0.240384,0.241062,0.242806,0.242848,0.248459,0.254725,0.254978,0.258007,0.259681,0.261121,0.261402,0.262643,0.263127,0.266426,0.274835,0.274858,0.277992,0.281372,0.284498,0.287540,0.290546,0.291993,0.296311,0.297824,0.297836,0.300444,0.308148,0.314102,0.315184,0.315219,0.316344,0.327141,0.332837,0.335885,
0.223130,0.235562,0.235637,0.236410,0.237504,0.239358,0.239362,0.242273,0.244842,0.250370,0.253591,0.255831,0.257930,0.258022,0.258499,0.260181,0.261253,0.262591,0.265176,0.265197,0.273661,0.278366,0.284571,0.293365,0.298870,0.301471,0.302715,0.303964,0.304047,0.305206,0.307605,0.308801,0.311306,0.319564,0.322107,0.326341,0.326384,0.330876,0.331453,0.332082,
0.235805,0.235928,0.236017,0.236732,0.236780,0.238313,0.240226,0.240378,0.240869,0.242263,0.244417,0.244734,0.245882,0.245906,0.247240,0.247608,0.249280,0.257061,0.258495,0.261417,0.261884,0.263516,0.263527,0.270164,0.270210,0.275102,0.287541,0.304068,0.308794,0.309620,0.309933,0.310008,0.311124,0.313271,0.320337,0.323000,0.325921,0.328656,0.332080,0.332081,
0.000925,0.236578,0.236863,0.238338,0.239386,0.242499,0.243013,0.245756,0.245789,0.247264,0.247904,0.257507,0.257879,0.260281,0.260317,0.261445,0.263517,0.273461,0.275177,0.276696,0.281454,0.290524,0.291971,0.298830,0.298857,0.298878,0.298920,0.305209,0.319350,0.320426,0.322111,0.322158,0.322993,0.323303,0.327115,0.328792,0.330118,0.331439,0.331471,0.332081,
0.235458,0.235986,0.236221,0.238729,0.243668,0.244729,0.246918,0.254465,0.254558,0.255184,0.258173,0.260731,0.261097,0.261999,0.263775,0.268544,0.270217,0.275168,0.278325,0.279936,0.283006,0.284579,0.286062,0.287586,0.294765,0.297520,0.300160,0.302726,0.308785,0.317399,0.318410,0.319337,0.322975,0.323849,0.324745,0.328751,0.329406,0.330084,0.332084,0.332085,
0.000653,0.235791,0.235793,0.236522,0.237511,0.240504,0.241713,0.244777,0.244817,0.248968,0.250397,0.253584,0.255721,0.261880,0.262704,0.264160,0.265319,0.266863,0.273465,0.281486,0.282988,0.290499,0.290500,0.307608,0.307877,0.311057,0.315390,0.316546,0.317394,0.317666,0.318355,0.321563,0.322124,0.322128,0.324714,0.326333,0.327908,0.328630,0.331570,0.332075,
0.235914,0.237525,0.239416,0.243722,0.244323,0.247331,0.247448,0.248777,0.249262,0.250662,0.250673,0.250823,0.258098,0.260204,0.261669,0.262674,0.265171,0.265186,0.275129,0.278345,0.279932,0.289035,0.289080,0.290562,0.290639,0.294752,0.308293,0.312192,0.316395,0.316415,0.317387,0.318410,0.320263,0.322140,0.324691,0.324759,0.328659,0.331426,0.332079,0.332718,
0.236130,0.238582,0.240350,0.242973,0.245803,0.248813,0.250878,0.254505,0.255898,0.256852,0.257017,0.257998,0.258514,0.258557,0.258894,0.260907,0.261623,0.262746,0.263079,0.268564,0.270215,0.278282,0.278352,0.289042,0.294782,0.301453,0.302106,0.311057,0.314334,0.319363,0.319551,0.320290,0.323032,0.326329,0.326591,0.331619,0.332081,0.332088,0.332716,0.332731,
0.223064,0.235612,0.236159,0.236260,0.236558,0.236753,0.238396,0.238594,0.239733,0.240233,0.241723,0.242007,0.242445,0.242664,0.243110,0.244679,0.245816,0.247617,0.250700,0.251892,0.260421,0.260754,0.265211,0.266881,0.271810,0.279916,0.294768,0.294883,0.296140,0.297515,0.297755,0.308802,0.311179,0.312152,0.313257,0.326343,0.330093,0.332712,0.332716,0.332726,
0.000302,0.236054,0.236497,0.236682,0.241694,0.242417,0.243009,0.247550,0.255199,0.255656,0.257535,0.266891,0.268530,0.272691,0.273511,0.278323,0.283027,0.287692,0.293357,0.293659,0.293960,0.297565,0.302773,0.303986,0.307613,0.308778,0.308824,0.312189,0.313399,0.313449,0.314341,0.316455,0.317413,0.319397,0.320266,0.324747,0.325538,0.325577,0.330220,0.332715,
0.000313,0.235619,0.235676,0.235970,0.236150,0.236559,0.236563,0.236759,0.238355,0.238369,0.239383,0.239413,0.247275,0.251059,0.251981,0.253563,0.255158,0.255838,0.257941,0.258127,0.261576,0.263525,0.265204,0.265234,0.265236,0.266864,0.270231,0.275118,0.279889,0.279988,0.287553,0.294775,0.306691,0.312172,0.312347,0.314333,0.315356,0.324699,0.324704,0.332715,
0.222713,0.235589,0.236195,0.238320,0.239301,0.240197,0.240460,0.243672,0.247741,0.248996,0.250844,0.253593,0.257908,0.261592,0.271917,0.273507,0.275112,0.275141,0.291937,0.297541,0.305249,0.305404,0.307026,0.313261,0.314317,0.315439,0.318399,0.319358,0.319376,0.321217,0.321302,0.323449,0.325583,0.327876,0.328623,0.329383,0.330067,0.330075,0.331044,0.332717,
0.000066,0.235568,0.235842,0.237476,0.238752,0.243414,0.247654,0.250317,0.251932,0.253558,0.253708,0.254353,0.256842,0.256855,0.268544,0.268550,0.271833,0.272008,0.281448,0.284541,0.284569,0.300132,0.302715,0.302774,0.303952,0.305239,0.308255,0.308773,0.308818,0.312169,0.314385,0.317392,0.322104,0.323260,0.323863,0.323882,0.326410,0.331438,0.331722,0.332714,
0.223013,0.236215,0.236276,0.237463,0.242350,0.242973,0.242983,0.243222,0.243577,0.244118,0.247699,0.247849,0.248824,0.250396,0.250757,0.251976,0.253531,0.256833,0.258687,0.261892,0.266877,0.270190,0.280012,0.286062,0.287555,0.296149,0.297525,0.306438,0.309958,0.311094,0.313274,0.316400,0.317392,0.321209,0.321212,0.321215,0.322109,0.332079,0.332112,0.332715,
0.235754,0.236482,0.236743,0.237417,0.238291,0.239465,0.240487,0.243043,0.243525,0.247274,0.253726,0.255715,0.255808,0.256863,0.256877,0.263526,0.267528,0.273657,0.275968,0.276711,0.276741,0.276743,0.286094,0.290476,0.291984,0.293364,0.299514,0.301467,0.309965,0.312162,0.312162,0.312180,0.313275,0.314321,0.314339,0.318409,0.320328,0.322993,0.328002,0.332715,
0.000088,0.222922,0.223196,0.235941,0.236427,0.238359,0.238645,0.239411,0.250372,0.258001,0.258488,0.258503,0.261627,0.267425,0.273472,0.275103,0.282998,0.286058,0.287593,0.290494,0.296162,0.297513,0.300153,0.303975,0.304496,0.309988,0.313245,0.317417,0.321213,0.321286,0.322156,0.322995,0.323058,0.323512,0.323889,0.325535,0.326386,0.327132,0.332718,0.332726,
0.235524,0.235580,0.235908,0.236116,0.236754,0.240393,0.240720,0.244366,0.244370,0.244406,0.244810,0.246533,0.250338,0.253549,0.255192,0.255758,0.261641,0.261850,0.262626,0.263504,0.271855,0.275142,0.278328,0.278343,0.279154,0.283048,0.287645,0.294771,0.303980,0.306477,0.316405,0.317419,0.318404,0.319340,0.320279,0.328622,0.329053,0.330085,0.330765,0.332718,
0.236517,0.238621,0.240270,0.241689,0.241694,0.242372,0.243405,0.243475,0.244335,0.248758,0.255753,0.256845,0.263534,0.263598,0.276704,0.276746,0.283049,0.286068,0.290587,0.293432,0.293454,0.294830,0.296132,0.296700,0.298834,0.301436,0.305211,0.306469,0.308792,0.314493,0.318511,0.325546,0.326313,0.326341,0.327894,0.327895,0.327966,0.328626,0.330756,0.332715,
0.235768,0.235839,0.236779,0.240466,0.244281,0.245745,0.245838,0.247681,0.250383,0.250674,0.256883,0.260223,0.270196,0.271848,0.276731,0.278329,0.278343,0.284529,0.290524,0.291943,0.291956,0.293370,0.307693,0.310514,0.311197,0.312183,0.312187,0.319321,0.319331,0.319471,0.321845,0.321905,0.323885,0.327878,0.329361,0.330067,0.330075,0.331491,0.332077,0.332716,
0.000378,0.235773,0.235782,0.235827,0.236470,0.236621,0.238361,0.238398,0.238407,0.238533,0.238826,0.239351,0.247181,0.247652,0.252083,0.255304,0.262302,0.283003,0.284557,0.293359,0.294803,0.297464,0.298848,0.301488,0.302764,0.306511,0.311103,0.312211,0.315408,0.318377,0.320459,0.322117,0.322123,0.323859,0.326331,0.327884,0.330059,0.331425,0.332168,0.332717,
0.000067,0.236238,0.237468,0.240218,0.243560,0.244924,0.248853,0.251948,0.255162,0.256898,0.261027,0.261502,0.268547,0.289054,0.291961,0.296208,0.297503,0.298841,0.298961,0.300128,0.300199,0.301506,0.301524,0.302921,0.305215,0.307648,0.309350,0.311073,0.312153,0.315365,0.320278,0.321207,0.322993,0.323857,0.324265,0.325520,0.329399,0.329468,0.330750,0.332714,
0.000109,0.235723,0.235970,0.236589,0.237508,0.238397,0.238408,0.240499,0.241677,0.244409,0.247547,0.247728,0.254755,0.255786,0.261883,0.268551,0.271834,0.271834,0.276732,0.283043,0.284539,0.284550,0.287574,0.291951,0.291969,0.306402,0.308304,0.312196,0.313697,0.316397,0.317560,0.319360,0.322139,0.322144,0.323853,0.323864,0.327124,0.327880,0.331516,0.332717,
0.000198,0.235540,0.237508,0.238666,0.239515,0.244792,0.248786,0.250846,0.251898,0.251926,0.255619,0.255976,0.258541,0.261509,0.261709,0.261900,0.265186,0.273488,0.283003,0.286079,0.289576,0.293437,0.296374,0.303949,0.311048,0.311094,0.316392,0.319332,0.320761,0.323881,0.325513,0.325523,0.328641,0.328644,0.329360,0.330761,0.330778,0.331444,0.332195,0.332718,
0.235573,0.235642,0.236221,0.237365,0.237564,0.238776,0.239359,0.240510,0.241558,0.245792,0.250958,0.251127,0.252335,0.260201,0.261429,0.261891,0.265221,0.265289,0.270720,0.278501,0.281443,0.283029,0.291961,0.302800,0.305204,0.306404,0.306413,0.309946,0.311036,0.314444,0.316402,0.323857,0.324697,0.325238,0.327884,0.329550,0.330094,0.331464,0.332111,0.332712,
0.235591,0.235597,0.236135,0.236516,0.236546,0.236566,0.237356,0.237481,0.242244,0.242947,0.243439,0.244877,0.253567,0.253673,0.254478,0.255175,0.255554,0.256778,0.258508,0.261282,0.266901,0.268566,0.276725,0.289073,0.291947,0.297492,0.298850,0.298899,0.302719,0.308786,0.311139,0.315432,0.316602,0.317401,0.317407,0.323863,0.327177,0.330067,0.332087,0.332716,
0.235464,0.235575,0.235957,0.236173,0.237447,0.240548,0.240575,0.241659,0.245760,0.247248,0.247661,0.255216,0.258005,0.265222,0.266983,0.273477,0.281491,0.287700,0.290545,0.293377,0.294778,0.297932,0.298873,0.302714,0.302730,0.304656,0.306417,0.308967,0.313800,0.315357,0.315377,0.317376,0.321288,0.323901,0.327880,0.328637,0.329359,0.330776,0.330869,0.332715,
0.000200,0.222800,0.236033,0.237399,0.237462,0.237466,0.240514,0.242204,0.242381,0.242997,0.244883,0.247254,0.250362,0.254209,0.255191,0.263526,0.266885,0.268487,0.270245,0.271861,0.271862,0.281645,0.290493,0.290545,0.293373,0.293405,0.302743,0.305192,0.309940,0.311074,0.312180,0.313272,0.313273,0.327111,0.328641,0.329370,0.330172,0.332091,0.332714,0.332724,
0.235557,0.235815,0.236187,0.238435,0.239407,0.241633,0.244944,0.244967,0.247876,0.250674,0.250817,0.250861,0.251083,0.251916,0.254425,0.255922,0.256466,0.256871,0.258124,0.271842,0.273495,0.275114,0.276843,0.281534,0.283066,0.289018,0.298991,0.307341,0.311056,0.311080,0.316396,0.323846,0.324724,0.327926,0.329377,0.330068,0.330088,0.330764,0.332107,0.332716,
0.235525,0.235579,0.235934,0.235947,0.236159,0.239354,0.239515,0.241674,0.243573,0.244358,0.244516,0.247280,0.248800,0.253722,0.255585,0.255638,0.260161,0.261153,0.262082,0.262596,0.265138,0.271823,0.279903,0.281492,0.284743,0.286278,0.293352,0.294761,0.294766,0.300149,0.302746,0.307682,0.313459,0.322313,0.325622,0.330775,0.331427,0.331469,0.331667,0.332715,
0.235714,0.236385,0.236548,0.239287,0.240311,0.241716,0.241718,0.242948,0.244352,0.244360,0.247741,0.247788,0.251297,0.253598,0.254222,0.254376,0.255226,0.255728,0.259134,0.261910,0.263524,0.266924,0.270234,0.275465,0.289064,0.290517,0.294823,0.301997,0.302733,0.306484,0.310050,0.315366,0.316390,0.317411,0.320280,0.320327,0.320611,0.327139,0.329384,0.332717,
0.235490,0.235728,0.236172,0.238617,0.238708,0.240531,0.244749,0.247767,0.248775,0.250825,0.251971,0.253720,0.256223,0.258084,0.258663,0.260761,0.262587,0.262669,0.265213,0.270198,0.273629,0.275098,0.275162,0.276865,0.284544,0.291932,0.292016,0.294772,0.297533,0.305199,0.312664,0.318415,0.318510,0.319347,0.323905,0.324733,0.329374,0.330862,0.332715,0.332865,
0.222902,0.235808,0.237345,0.237423,0.237543,0.237565,0.240194,0.241699,0.241719,0.245856,0.247557,0.249043,0.250377,0.251943,0.254535,0.254541,0.261214,0.261421,0.261907,0.263700,0.268571,0.273860,0.275120,0.290612,0.296119,0.296486,0.301468,0.305195,0.305213,0.305220,0.312174,0.313275,0.314894,0.315401,0.319474,0.326502,0.330843,0.331433,0.332719,0.332720,
0.000478,0.236069,0.236201,0.238324,0.238608,0.240481,0.243453,0.243503,0.244509,0.244895,0.245782,0.247663,0.247944,0.250384,0.251069,0.253552,0.253595,0.254068,0.256853,0.258585,0.265186,0.272113,0.276939,0.290510,0.290522,0.297541,0.300274,0.301503,0.302775,0.305217,0.305291,0.306444,0.307644,0.308794,0.312157,0.315372,0.322106,0.322161,0.330070,0.332715,
0.000000,0.223021,0.223055,0.236557,0.238332,0.238343,0.243004,0.243789,0.244379,0.244521,0.250327,0.250791,0.251931,0.255284,0.262428,0.262783,0.268581,0.273508,0.275106,0.275126,0.278340,0.279927,0.280498,0.281520,0.283047,0.284567,0.294783,0.294833,0.305235,0.305349,0.306443,0.307166,0.313506,0.316582,0.317421,0.320273,0.320335,0.322113,0.326332,0.332716,
0.223073,0.235734,0.236148,0.236149,0.236701,0.237424,0.238639,0.241635,0.242565,0.243032,0.243071,0.245800,0.245803,0.250324,0.252662,0.255704,0.258482,0.258520,0.260201,0.261669,0.262953,0.264188,0.268526,0.271625,0.273687,0.275111,0.275121,0.278315,0.291903,0.293381,0.294800,0.306806,0.311137,0.317385,0.318434,0.324726,0.325527,0.325556,0.332717,0.332732,
0.000933,0.235815,0.235902,0.237344,0.242960,0.244417,0.247718,0.248775,0.250875,0.251089,0.251963,0.255124,0.262337,0.262485,0.266841,0.273512,0.276742,0.278416,0.279936,0.284551,0.290541,0.294809,0.295157,0.300135,0.302726,0.306409,0.306458,0.311505,0.315365,0.315448,0.320279,0.321179,0.321358,0.322120,0.324713,0.324733,0.324736,0.328674,0.332716,0.332838,
0.003283,0.222690,0.235577,0.236741,0.238331,0.239483,0.240233,0.240427,0.241700,0.244333,0.244392,0.247542,0.255193,0.255197,0.258485,0.262693,0.263171,0.270211,0.270374,0.278314,0.284583,0.287569,0.294759,0.296153,0.298854,0.301452,0.303952,0.303983,0.303997,0.306777,0.311081,0.316386,0.320301,0.324711,0.326349,0.327147,0.328713,0.330060,0.332719,0.332721,
0.235510,0.235644,0.235698,0.235838,0.235906,0.237504,0.237529,0.240357,0.245762,0.248870,0.250943,0.251038,0.254259,0.255430,0.255753,0.256858,0.258328,0.261197,0.261221,0.261457,0.264830,0.270214,0.271902,0.276786,0.286062,0.290521,0.290529,0.291957,0.294791,0.296127,0.302718,0.302721,0.302725,0.315376,0.323146,0.324762,0.327125,0.330776,0.331489,0.332720,
0.235566,0.235675,0.235815,0.236100,0.237393,0.238346,0.238627,0.240186,0.244840,0.245776,0.245808,0.247467,0.247646,0.251077,0.253565,0.253820,0.260149,0.260380,0.260670,0.261863,0.265182,0.266872,0.290520,0.290713,0.292478,0.294766,0.298836,0.300726,0.302701,0.312161,0.315361,0.316386,0.319348,0.321266,0.323999,0.324710,0.324896,0.325545,0.327962,0.332719,
0.235621,0.235631,0.235806,0.237269,0.237544,0.238590,0.238785,0.242238,0.245084,0.251988,0.254278,0.254348,0.254375,0.255412,0.258378,0.263548,0.273455,0.273470,0.273558,0.276725,0.283020,0.290516,0.293347,0.304039,0.307686,0.307693,0.309010,0.311073,0.314318,0.314335,0.315415,0.319363,0.319472,0.319669,0.327119,0.331554,0.332085,0.332717,0.332750,0.332806,
0.222679,0.222989,0.235643,0.236104,0.236404,0.236922,0.237435,0.238620,0.241719,0.244957,0.245795,0.245814,0.251922,0.253717,0.255808,0.260850,0.261353,0.261933,0.265204,0.268550,0.284536,0.289052,0.293362,0.294762,0.304272,0.305279,0.311059,0.312282,0.312297,0.313496,0.314407,0.315599,0.323856,0.323871,0.324692,0.328633,0.332080,0.332176,0.332717,0.332884,
0.239360,0.239751,0.240559,0.242263,0.242562,0.242581,0.243089,0.245797,0.247331,0.251105,0.255197,0.258545,0.263515,0.268568,0.273514,0.279942,0.281460,0.284544,0.284860,0.287682,0.291939,0.296153,0.311067,0.313251,0.314320,0.316387,0.317434,0.319345,0.322155,0.322192,0.322985,0.323869,0.326425,0.328638,0.328659,0.328862,0.329464,0.332086,0.332547,0.332716,
0.235532,0.236490,0.236797,0.237446,0.244352,0.248770,0.250429,0.254380,0.255298,0.255783,0.256838,0.260772,0.266835,0.281475,0.287578,0.287613,0.291917,0.291969,0.298829,0.298844,0.300162,0.300187,0.300191,0.300289,0.303989,0.307623,0.308774,0.308805,0.311086,0.313264,0.316410,0.319336,0.325528,0.326386,0.327895,0.330771,0.331428,0.331433,0.332718,0.332718,
0.223150,0.235673,0.235958,0.237434,0.248756,0.250603,0.251952,0.253601,0.255186,0.258474,0.261877,0.263514,0.273467,0.275118,0.278323,0.278332,0.283063,0.286067,0.294735,0.294752,0.296138,0.298824,0.298839,0.306660,0.312165,0.313336,0.315374,0.316412,0.318438,0.320857,0.322115,0.322986,0.323851,0.325545,0.327111,0.327983,0.329384,0.330072,0.332084,0.332717,
0.235562,0.235740,0.236157,0.237433,0.238344,0.238379,0.238634,0.240464,0.241675,0.244671,0.247488,0.250350,0.250839,0.256810,0.260710,0.261870,0.278318,0.283031,0.284560,0.290497,0.301443,0.303994,0.310010,0.311055,0.313267,0.314342,0.316390,0.316402,0.317386,0.318442,0.322131,0.323089,0.323848,0.323864,0.324695,0.324844,0.330796,0.331428,0.332091,0.332720,
0.000080,0.000090,0.235859,0.235952,0.236730,0.236783,0.239362,0.240510,0.240561,0.241786,0.242434,0.243477,0.244344,0.248789,0.251944,0.252330,0.253567,0.261859,0.263530,0.270204,0.279911,0.281460,0.281585,0.290518,0.292109,0.293666,0.294767,0.296140,0.303992,0.308802,0.319480,0.322194,0.322984,0.323843,0.323919,0.324685,0.328631,0.329393,0.330061,0.332721,
0.235570,0.236494,0.236674,0.237412,0.238343,0.238346,0.238397,0.238553,0.238696,0.239387,0.241705,0.243429,0.250718,0.255710,0.257866,0.263635,0.266901,0.270173,0.271538,0.275229,0.294745,0.297498,0.300183,0.301476,0.303977,0.306407,0.308787,0.312155,0.312176,0.312266,0.313275,0.315359,0.316438,0.319341,0.323851,0.327923,0.328677,0.328698,0.329421,0.332715,
0.000425,0.235654,0.237361,0.238440,0.238672,0.239329,0.239365,0.239447,0.240416,0.241697,0.243777,0.247901,0.248810,0.250352,0.250411,0.254087,0.255487,0.257886,0.266876,0.271831,0.275108,0.283014,0.287596,0.289051,0.289700,0.297502,0.305214,0.307639,0.310020,0.311067,0.313260,0.320395,0.323201,0.324150,0.326323,0.326341,0.327888,0.328635,0.331428,0.332720,
0.000848,0.235705,0.235858,0.236500,0.236637,0.236780,0.242965,0.247260,0.248828,0.250933,0.250955,0.254362,0.258010,0.258521,0.263521,0.266912,0.273512,0.278311,0.284542,0.289576,0.290498,0.300153,0.307751,0.308844,0.309934,0.311118,0.311721,0.313266,0.315208,0.319501,0.319621,0.320348,0.321193,0.326321,0.328641,0.328662,0.329383,0.330070,0.330189,0.332719,
0.222927,0.236173,0.238702,0.238789,0.239375,0.239390,0.244861,0.244929,0.247265,0.247663,0.248790,0.250953,0.256152,0.256871,0.265390,0.270184,0.276713,0.279905,0.287538,0.293363,0.293414,0.298846,0.300150,0.303972,0.305194,0.307707,0.309925,0.309949,0.313354,0.315358,0.315368,0.317402,0.318630,0.322119,0.322197,0.325555,0.327934,0.328044,0.330107,0.332716,
0.000139,0.235562,0.236524,0.236752,0.237540,0.239340,0.247710,0.250378,0.250384,0.251943,0.257731,0.257870,0.261348,0.267025,0.271841,0.271855,0.275122,0.276718,0.279930,0.290522,0.296168,0.304015,0.305397,0.306412,0.306423,0.307617,0.308787,0.311069,0.315492,0.316406,0.318385,0.319352,0.319464,0.320329,0.321379,0.322114,0.323155,0.327928,0.331819,0.332718,
0.235821,0.235886,0.237451,0.237717,0.244418,0.247266,0.247298,0.251922,0.254219,0.256834,0.257828,0.258051,0.266874,0.268491,0.268555,0.275126,0.276719,0.281442,0.284564,0.286164,0.287595,0.287596,0.293379,0.294718,0.295033,0.296159,0.297497,0.308794,0.315627,0.316385,0.319333,0.320534,0.323005,0.327904,0.327925,0.330071,0.330109,0.331434,0.331457,0.332714,
0.222818,0.236713,0.236745,0.238369,0.238540,0.240455,0.242985,0.244310,0.247617,0.248758,0.251960,0.253591,0.256825,0.262539,0.266886,0.279886,0.283020,0.284550,0.284788,0.287614,0.289050,0.289056,0.289061,0.297528,0.302716,0.306427,0.307636,0.309922,0.311302,0.317394,0.321209,0.325522,0.325536,0.327141,0.329381,0.330176,0.332087,0.332716,0.332738,0.332844,
0.222760,0.236496,0.236528,0.237475,0.239291,0.243665,0.244705,0.245803,0.247273,0.248799,0.253554,0.254471,0.257566,0.261611,0.261872,0.263514,0.263537,0.265223,0.266876,0.273504,0.281473,0.284576,0.292125,0.296218,0.297040,0.301473,0.304038,0.311112,0.313268,0.313293,0.321205,0.323004,0.323923,0.323925,0.324702,0.329369,0.330201,0.332714,0.332737,0.332756,
0.222807,0.223053,0.235567,0.235596,0.235645,0.235718,0.237508,0.238398,0.239417,0.240144,0.240529,0.241698,0.242122,0.245164,0.245796,0.247575,0.248794,0.252134,0.254237,0.255779,0.258017,0.258483,0.258533,0.260944,0.261868,0.263772,0.268547,0.268568,0.270186,0.271841,0.279915,0.281924,0.293401,0.294749,0.297667,0.306424,0.308783,0.311064,0.323005,0.332716,
0.004413,0.235514,0.235553,0.235729,0.235741,0.235919,0.241776,0.243714,0.243869,0.244401,0.244668,0.245850,0.250386,0.255233,0.258500,0.261105,0.262714,0.268556,0.270248,0.276743,0.278597,0.292142,0.293415,0.294875,0.294896,0.296147,0.296206,0.301046,0.301718,0.302867,0.304055,0.306456,0.307624,0.313277,0.315374,0.322124,0.324712,0.331442,0.331462,0.332713,
0.222976,0.235688,0.236068,0.236376,0.236550,0.236705,0.237416,0.238753,0.240538,0.244334,0.244909,0.250378,0.261162,0.261594,0.261665,0.261945,0.262977,0.263557,0.266889,0.271892,0.276774,0.278350,0.300160,0.303988,0.308793,0.309941,0.309984,0.312272,0.315381,0.318392,0.320364,0.321205,0.322121,0.327064,0.327129,0.327896,0.328804,0.332718,0.332725,0.332725,
0.000067,0.235582,0.235862,0.237392,0.239422,0.240165,0.240764,0.241682,0.241732,0.242053,0.244726,0.245815,0.248042,0.249522,0.254413,0.255186,0.255754,0.261848,0.262646,0.263484,0.265241,0.275131,0.276728,0.283029,0.291970,0.294723,0.294909,0.296158,0.297590,0.300250,0.302722,0.303971,0.306419,0.307612,0.312161,0.317381,0.318418,0.318423,0.319340,0.332716,
0.222697,0.222851,0.223039,0.235801,0.235940,0.236282,0.236660,0.237270,0.240475,0.245772,0.247247,0.250412,0.251935,0.251960,0.254239,0.255218,0.257304,0.261819,0.262205,0.263517,0.263673,0.268533,0.273515,0.281494,0.287655,0.300167,0.302772,0.308797,0.318430,0.319349,0.319354,0.323240,0.325565,0.326337,0.326429,0.328642,0.331148,0.332716,0.332725,0.332730,
0.000872,0.236170,0.237651,0.239042,0.241650,0.243054,0.244893,0.245783,0.245791,0.245802,0.248735,0.248785,0.250347,0.252016,0.254524,0.259276,0.260734,0.261209,0.262726,0.262853,0.268532,0.273442,0.287597,0.290557,0.291307,0.300163,0.307593,0.307629,0.308790,0.313292,0.315410,0.317436,0.318401,0.318465,0.321230,0.323879,0.323887,0.327110,0.331127,0.332714,
0.235520,0.235552,0.235621,0.235830,0.237741,0.240267,0.243031,0.244346,0.245753,0.246040,0.248758,0.250894,0.252238,0.253551,0.254209,0.256839,0.257726,0.261884,0.262542,0.271860,0.273496,0.281501,0.286088,0.290819,0.291928,0.293367,0.294799,0.298857,0.309993,0.312517,0.315363,0.318403,0.319406,0.322115,0.323901,0.327294,0.328669,0.329349,0.330055,0.332719,
0.236119,0.236330,0.236693,0.237461,0.238348,0.238634,0.239356,0.241705,0.243579,0.244330,0.251973,0.253617,0.255695,0.258504,0.261682,0.262375,0.263476,0.271889,0.276743,0.276764,0.286051,0.287572,0.290495,0.290502,0.291940,0.293344,0.296473,0.298841,0.307629,0.309936,0.309969,0.316460,0.320307,0.325519,0.327894,0.330291,0.330771,0.332087,0.332713,0.332996,
0.000075,0.235593,0.236099,0.236712,0.237478,0.238359,0.238680,0.242352,0.246129,0.255164,0.255193,0.258504,0.258543,0.260897,0.261296,0.261897,0.265188,0.270207,0.273491,0.273501,0.276728,0.282990,0.283053,0.287705,0.289539,0.290526,0.296159,0.301455,0.302779,0.303070,0.303982,0.305225,0.311074,0.320333,0.321885,0.322987,0.325580,0.328696,0.331454,0.332715,
0.235826,0.237509,0.238382,0.239346,0.240343,0.247323,0.247793,0.248814,0.257148,0.257772,0.266889,0.266910,0.268516,0.268543,0.271851,0.278736,0.284524,0.287586,0.290514,0.291950,0.293488,0.294762,0.294870,0.300222,0.300417,0.301439,0.301454,0.307617,0.311084,0.312147,0.316397,0.316400,0.317398,0.319339,0.322163,0.324709,0.327152,0.327906,0.331437,0.332719,
0.235519,0.238670,0.240404,0.242294,0.243125,0.247367,0.250306,0.256835,0.256861,0.258476,0.261862,0.268509,0.268516,0.271820,0.276708,0.276730,0.276734,0.276762,0.278327,0.283024,0.289045,0.290506,0.297578,0.302739,0.302750,0.311059,0.313289,0.314316,0.315428,0.315551,0.319355,0.319601,0.321196,0.323855,0.324693,0.325525,0.326332,0.329362,0.330767,0.332716,
0.237306,0.239289,0.243674,0.248755,0.251049,0.253581,0.253594,0.254362,0.255788,0.256884,0.257942,0.260180,0.261334,0.261513,0.261846,0.262441,0.268534,0.271835,0.275128,0.286057,0.293380,0.296130,0.296139,0.297516,0.306580,0.311030,0.311099,0.311791,0.314317,0.314354,0.318407,0.320298,0.320397,0.321206,0.321236,0.324830,0.329384,0.330070,0.332714,0.332726,
0.000066,0.000574,0.005450,0.235738,0.236056,0.239417,0.244379,0.255664,0.256819,0.258115,0.258497,0.261253,0.270214,0.271844,0.281502,0.287535,0.288072,0.288212,0.290480,0.291964,0.293806,0.297605,0.298859,0.299189,0.301459,0.311062,0.314341,0.320493,0.321204,0.322102,0.323011,0.323866,0.324715,0.325540,0.326346,0.327124,0.327161,0.328389,0.330073,0.332714,
0.236847,0.238400,0.238730,0.240290,0.240475,0.242068,0.243240,0.244392,0.245473,0.245740,0.247280,0.247686,0.254438,0.261146,0.261845,0.263558,0.275111,0.284487,0.286380,0.289097,0.291930,0.292093,0.293351,0.300148,0.300154,0.306454,0.306486,0.307608,0.307632,0.311058,0.311070,0.313251,0.317389,0.319337,0.319594,0.322099,0.322106,0.331434,0.331447,0.332715,
0.000200,0.223170,0.235451,0.237661,0.238382,0.239380,0.243767,0.248788,0.250781,0.253554,0.258505,0.260185,0.263512,0.265190,0.265194,0.265205,0.271866,0.281505,0.283004,0.283060,0.287675,0.297505,0.300151,0.301433,0.305205,0.305879,0.308864,0.311053,0.313295,0.313454,0.318370,0.321213,0.323848,0.323874,0.324877,0.327909,0.330133,0.332132,0.332717,0.332765,
0.235526,0.235753,0.237299,0.238703,0.240459,0.241652,0.242969,0.245743,0.245793,0.248055,0.250898,0.254438,0.261765,0.261821,0.261863,0.262709,0.268510,0.268530,0.275071,0.276748,0.279921,0.283051,0.287583,0.289049,0.297507,0.307639,0.308320,0.314324,0.314329,0.315372,0.316385,0.316405,0.318597,0.320284,0.320290,0.322102,0.324722,0.324746,0.332291,0.332717,
0.223061,0.235502,0.235544,0.235572,0.235740,0.235928,0.236128,0.240464,0.240513,0.243588,0.244379,0.251992,0.253568,0.254378,0.255670,0.255727,0.256824,0.258463,0.260238,0.260278,0.261859,0.262925,0.270197,0.302721,0.304204,0.306475,0.307614,0.309933,0.311146,0.311273,0.313256,0.316393,0.320289,0.320306,0.323845,0.324687,0.328674,0.329073,0.332099,0.332719,
0.000067,0.222707,0.235662,0.236165,0.237795,0.239332,0.240322,0.241670,0.242468,0.244847,0.247211,0.247908,0.250549,0.251955,0.255150,0.260278,0.260844,0.261065,0.261938,0.267333,0.270225,0.271866,0.275127,0.281802,0.283067,0.284559,0.296140,0.300212,0.308866,0.311091,0.313331,0.321197,0.322118,0.322153,0.325519,0.325549,0.327180,0.328667,0.330052,0.332715,
0.000556,0.000730,0.237387,0.240465,0.240555,0.247231,0.247421,0.251093,0.253542,0.256395,0.257961,0.258485,0.260177,0.261919,0.265187,0.265455,0.265960,0.266837,0.266897,0.270190,0.271828,0.276798,0.277014,0.303174,0.305353,0.306574,0.307639,0.311065,0.311164,0.314353,0.316371,0.319394,0.320297,0.320298,0.321216,0.322163,0.322984,0.329353,0.330756,0.332719,
0.005318,0.235512,0.235591,0.236424,0.237418,0.238601,0.240412,0.240495,0.241758,0.250042,0.251949,0.258486,0.260182,0.261202,0.265197,0.275149,0.279898,0.281499,0.289086,0.294788,0.301470,0.307620,0.315363,0.315382,0.318394,0.320301,0.321207,0.321257,0.322113,0.322996,0.323860,0.325526,0.325542,0.326327,0.327888,0.328850,0.330805,0.331368,0.332716,0.332790,
0.001353,0.235861,0.236147,0.237479,0.238393,0.240545,0.241689,0.244387,0.250337,0.251939,0.253595,0.262698,0.262850,0.263521,0.272118,0.273609,0.276715,0.279894,0.279933,0.283014,0.289044,0.291936,0.293356,0.294905,0.301437,0.315372,0.315477,0.318383,0.319340,0.319342,0.319357,0.320285,0.321330,0.322098,0.323033,0.326320,0.327105,0.327925,0.330130,0.332719,
0.000077,0.223125,0.235871,0.235922,0.236477,0.236705,0.236716,0.236761,0.237547,0.238724,0.245777,0.248184,0.250383,0.254280,0.256086,0.257772,0.262292,0.262791,0.265212,0.265237,0.275077,0.278303,0.279906,0.279919,0.283021,0.291957,0.293400,0.293407,0.296157,0.301477,0.304001,0.309941,0.314709,0.316378,0.319341,0.322115,0.326332,0.330777,0.332075,0.332716,
0.004793,0.223265,0.235490,0.235923,0.236254,0.236450,0.236709,0.237402,0.237423,0.240490,0.242449,0.247246,0.250338,0.251062,0.251959,0.253115,0.256875,0.257002,0.258555,0.261365,0.278280,0.287649,0.291976,0.300170,0.302723,0.303245,0.307623,0.308855,0.310307,0.312163,0.314325,0.319403,0.322465,0.326387,0.327121,0.327122,0.328642,0.330434,0.332360,0.332715,
0.000630,0.236175,0.238589,0.241735,0.242590,0.250321,0.251906,0.251916,0.254766,0.256152,0.257695,0.258041,0.258267,0.258522,0.260925,0.261027,0.261937,0.268498,0.287656,0.289161,0.289258,0.291957,0.293366,0.294849,0.297490,0.297507,0.299783,0.301461,0.303990,0.305208,0.305230,0.308840,0.314402,0.315371,0.321220,0.327110,0.327165,0.332118,0.332716,0.332751,
0.235928,0.236735,0.242365,0.242470,0.243742,0.244300,0.244689,0.248425,0.248808,0.248812,0.255903,0.257888,0.260672,0.262447,0.265181,0.265324,0.266877,0.273479,0.279915,0.281494,0.286052,0.296163,0.301465,0.303962,0.303997,0.311353,0.313274,0.314344,0.316697,0.317387,0.317403,0.319371,0.319400,0.325533,0.325559,0.328646,0.329218,0.329356,0.331489,0.332714,
0.236186,0.237476,0.238969,0.240285,0.242392,0.242988,0.244626,0.248769,0.248810,0.250614,0.251955,0.252397,0.258475,0.260209,0.260669,0.261248,0.270184,0.276723,0.279905,0.281450,0.281550,0.289024,0.290466,0.293674,0.294749,0.297497,0.300159,0.301475,0.307635,0.311201,0.321189,0.321213,0.323863,0.324016,0.324773,0.326329,0.326352,0.327876,0.332091,0.332716,
0.222935,0.235705,0.236691,0.241630,0.242973,0.247742,0.250393,0.250845,0.251884,0.253663,0.254509,0.258472,0.258515,0.260936,0.261433,0.261779,0.270173,0.271866,0.271964,0.273503,0.273571,0.281481,0.287564,0.290668,0.291942,0.297541,0.298819,0.299292,0.302727,0.302746,0.302762,0.303990,0.306509,0.323003,0.323007,0.323884,0.324700,0.325526,0.329359,0.332717,
0.000316,0.235582,0.238666,0.240208,0.242983,0.243052,0.243664,0.251911,0.255465,0.258523,0.260166,0.260207,0.260794,0.261777,0.261882,0.262967,0.268488,0.268539,0.268552,0.268564,0.271869,0.273489,0.277610,0.284562,0.286126,0.289057,0.292123,0.293357,0.300227,0.309954,0.314311,0.317446,0.322996,0.323229,0.327117,0.330082,0.330248,0.330758,0.332716,0.332749,
0.000488,0.238347,0.239869,0.240197,0.240528,0.242082,0.242941,0.243000,0.243446,0.244385,0.247406,0.248424,0.249237,0.250663,0.250894,0.255705,0.255710,0.257717,0.261410,0.261732,0.261865,0.262520,0.265555,0.279892,0.281627,0.284545,0.304034,0.311192,0.313267,0.313278,0.314377,0.316405,0.323864,0.324719,0.328724,0.330072,0.330097,0.332715,0.332730,0.332734,
0.235703,0.242963,0.243350,0.243639,0.250855,0.251949,0.253547,0.254177,0.254284,0.254519,0.255159,0.255223,0.255475,0.256806,0.258529,0.261609,0.261674,0.261855,0.261885,0.263528,0.270506,0.277075,0.281652,0.283048,0.283076,0.289057,0.290469,0.292400,0.301459,0.303162,0.314319,0.316407,0.319627,0.320337,0.321262,0.324580,0.326869,0.327125,0.332716,0.332719,
0.000294,0.000741,0.236701,0.237368,0.237527,0.239276,0.241009,0.244338,0.244341,0.244346,0.244410,0.244517,0.245015,0.247689,0.247966,0.255211,0.255520,0.255889,0.257913,0.261819,0.263527,0.266916,0.273535,0.276747,0.281468,0.292161,0.298877,0.300246,0.301460,0.306447,0.307639,0.311050,0.315582,0.316387,0.319356,0.322106,0.324697,0.327148,0.332716,0.332759,
0.235667,0.235980,0.236111,0.236701,0.236853,0.237408,0.238778,0.239369,0.240273,0.242319,0.244786,0.244795,0.244825,0.244882,0.248813,0.251914,0.260814,0.269825,0.271868,0.273483,0.276755,0.281966,0.290494,0.294792,0.302893,0.304218,0.305196,0.311174,0.319327,0.319327,0.320298,0.325535,0.325540,0.326373,0.326436,0.327137,0.328106,0.332719,0.332722,0.332725,
0.000074,0.235545,0.235597,0.236733,0.237357,0.237475,0.242360,0.243758,0.244699,0.247197,0.255182,0.260871,0.261878,0.262443,0.263672,0.273501,0.284553,0.286058,0.286142,0.292069,0.293376,0.301498,0.303967,0.304018,0.304026,0.309113,0.313267,0.314447,0.316565,0.317403,0.319327,0.321324,0.322099,0.322996,0.332087,0.332271,0.332713,0.332718,0.332719,0.332739,
0.005887,0.235761,0.236065,0.236184,0.236721,0.236732,0.236753,0.236816,0.237567,0.239470,0.244980,0.245779,0.250371,0.255205,0.256874,0.258523,0.260224,0.270231,0.273502,0.287916,0.291925,0.300151,0.309945,0.312318,0.316373,0.316569,0.317402,0.318381,0.320284,0.321974,0.322118,0.322121,0.325530,0.325534,0.326346,0.329922,0.331436,0.332716,0.332718,0.332818,
0.238669,0.239314,0.242451,0.243236,0.243243,0.244381,0.247603,0.247635,0.247691,0.248807,0.248824,0.254298,0.254458,0.260147,0.261267,0.261868,0.262837,0.266867,0.266883,0.266988,0.281478,0.283027,0.286066,0.289037,0.291959,0.294750,0.296126,0.296143,0.297479,0.300161,0.312148,0.320317,0.320341,0.322131,0.322183,0.323923,0.327918,0.330071,0.332091,0.332716,
0.235581,0.235795,0.236027,0.236269,0.237180,0.237500,0.241686,0.241701,0.244392,0.247724,0.247803,0.251953,0.256999,0.260991,0.261806,0.268560,0.272109,0.273497,0.276753,0.281481,0.284542,0.286042,0.290497,0.290498,0.290498,0.299081,0.306434,0.309959,0.311450,0.312346,0.319465,0.322998,0.324729,0.329350,0.330064,0.330229,0.330774,0.331444,0.332712,0.332764,
0.222967,0.235674,0.235813,0.238375,0.238385,0.238629,0.240482,0.240494,0.242405,0.242992,0.243580,0.243672,0.244360,0.244890,0.245840,0.247295,0.247318,0.248824,0.250337,0.253564,0.260201,0.261068,0.265214,0.268561,0.273437,0.282997,0.287551,0.293378,0.300146,0.302802,0.308864,0.313242,0.313255,0.314324,0.320497,0.323049,0.326356,0.327131,0.331465,0.332718,
0.000095,0.235521,0.235818,0.236410,0.237494,0.237511,0.238349,0.238754,0.239395,0.240172,0.241686,0.243016,0.244942,0.247272,0.250345,0.250401,0.250860,0.256825,0.258500,0.260228,0.262520,0.265198,0.266853,0.266855,0.270213,0.270214,0.270233,0.273511,0.283030,0.286154,0.297508,0.298168,0.302246,0.302742,0.303975,0.319479,0.328631,0.330030,0.331610,0.332720,
0.235720,0.236089,0.236204,0.236727,0.238465,0.240403,0.240492,0.242309,0.243001,0.244663,0.245717,0.252126,0.254262,0.254318,0.254500,0.255294,0.255486,0.255970,0.260175,0.260177,0.262590,0.263545,0.268550,0.284562,0.293371,0.293402,0.296171,0.300232,0.306431,0.308850,0.309964,0.310007,0.312172,0.316410,0.322119,0.323022,0.323042,0.324829,0.330818,0.332718,
0.238283,0.238648,0.242313,0.244522,0.247534,0.248766,0.249109,0.250330,0.253743,0.255218,0.255343,0.256200,0.257689,0.258474,0.260966,0.261181,0.262612,0.263489,0.275114,0.276727,0.276731,0.286068,0.290613,0.294745,0.301476,0.304021,0.305251,0.306494,0.307851,0.311236,0.315452,0.316380,0.316400,0.320348,0.323891,0.324787,0.325289,0.329363,0.330074,0.332717,
0.236400,0.238341,0.239368,0.239370,0.244476,0.244610,0.250364,0.258525,0.263027,0.266867,0.270169,0.270185,0.272205,0.273887,0.278371,0.278865,0.281456,0.283006,0.284542,0.286087,0.289342,0.301462,0.301623,0.304008,0.307620,0.307629,0.309920,0.309934,0.309970,0.311058,0.314337,0.322992,0.323025,0.323874,0.324725,0.325512,0.326340,0.326609,0.330764,0.332717,
0.235861,0.235891,0.237344,0.238798,0.240424,0.242262,0.245051,0.247282,0.248780,0.250715,0.253579,0.254578,0.255776,0.261636,0.263583,0.266852,0.266878,0.275100,0.278333,0.279914,0.281538,0.284589,0.286041,0.289017,0.293528,0.294756,0.294785,0.294789,0.296127,0.301445,0.308783,0.308792,0.311071,0.312180,0.315390,0.327132,0.327881,0.327885,0.329362,0.332716,
0.235659,0.236828,0.237465,0.237471,0.238445,0.239307,0.244767,0.244863,0.247261,0.248832,0.250868,0.255876,0.260143,0.261583,0.261596,0.263662,0.265196,0.265222,0.266875,0.268509,0.275128,0.276682,0.284642,0.287563,0.290513,0.306420,0.309956,0.313700,0.314335,0.315384,0.317391,0.317412,0.318383,0.325686,0.326359,0.329353,0.329492,0.330091,0.332099,0.332714,
0.223203,0.235943,0.236516,0.236517,0.238748,0.239557,0.240483,0.242232,0.242394,0.242417,0.243014,0.244399,0.244433,0.244877,0.248788,0.248803,0.255188,0.257492,0.258620,0.261629,0.263598,0.268481,0.271824,0.271861,0.275083,0.276699,0.276730,0.294770,0.301508,0.311078,0.313253,0.314306,0.315384,0.315443,0.318405,0.323874,0.329376,0.332125,0.332716,0.332719,
0.222774,0.235544,0.235750,0.235958,0.236842,0.239380,0.240279,0.240296,0.240521,0.241690,0.241710,0.242955,0.243144,0.247637,0.250423,0.251060,0.255356,0.260178,0.262655,0.271890,0.275197,0.283018,0.283905,0.287657,0.290605,0.291941,0.291954,0.296428,0.302737,0.303976,0.305248,0.308808,0.311079,0.317485,0.320336,0.327114,0.327126,0.329397,0.332074,0.332718,
