0.799342,0.799596,0.799411,0.799071,0.799131,0.799480,0.799596,0.799022,0.799426,0.799269,0.799402,0.798959,0.799450,0.799494,0.799368,0.799458,0.799115,0.799377,0.799056,0.799235,
0.798956,0.799077,0.798970,0.798849,0.798956,0.798765,0.798981,0.798556,0.799176,0.798826,0.799048,0.798817,0.798992,0.799068,0.799045,0.799029,0.798978,0.798878,0.798994,0.798910,
0.798385,0.799081,0.798478,0.798709,0.798651,0.798748,0.798664,0.798579,0.798185,0.798823,0.798979,0.799108,0.798820,0.798692,0.798935,0.798607,0.798903,0.798777,0.798592,0.798743,
0.798689,0.799129,0.799046,0.799055,0.798893,0.798991,0.798790,0.798887,0.798481,0.798873,0.798866,0.799028,0.798789,0.798826,0.798836,0.798746,0.798805,0.798711,0.799308,0.798641,
0.799059,0.798615,0.798669,0.798797,0.798772,0.798779,0.798928,0.799051,0.798515,0.798777,0.798560,0.798888,0.798790,0.798580,0.798632,0.798955,0.798933,0.798738,0.798636,0.798952,
0.799018,0.798692,0.798502,0.799167,0.798714,0.798827,0.798521,0.798750,0.798827,0.798818,0.799238,0.799066,0.798905,0.798631,0.798512,0.798477,0.798650,0.798734,0.798756,0.798605,
0.799041,0.798777,0.798749,0.798645,0.798689,0.798589,0.798955,0.798840,0.798838,0.798837,0.799079,0.798746,0.798766,0.798889,0.798301,0.798837,0.798674,0.799153,0.798809,0.799311,
0.798558,0.798839,0.798597,0.798767,0.798587,0.798822,0.798462,0.798462,0.798970,0.798715,0.798560,0.799060,0.798708,0.799190,0.798271,0.798654,0.798695,0.798878,0.798665,0.799126,
0.798755,0.798995,0.798467,0.798870,0.798888,0.798802,0.798862,0.799056,0.798516,0.798636,0.798888,0.798846,0.798955,0.798711,0.798622,0.798528,0.798609,0.798640,0.798511,0.798825,
0.798982,0.798723,0.798552,0.799077,0.799232,0.798640,0.798622,0.798682,0.798313,0.798913,0.798775,0.798561,0.798925,0.798118,0.798807,0.798712,0.798655,0.798399,0.798514,0.798851,
0.798697,0.798409,0.798737,0.798903,0.799025,0.799147,0.798749,0.798626,0.798877,0.798878,0.798908,0.798669,0.798493,0.798675,0.798503,0.798507,0.798656,0.798975,0.798837,0.798540,
0.798947,0.798665,0.798681,0.798709,0.798810,0.798668,0.798345,0.798655,0.799433,0.798921,0.798946,0.798865,0.798617,0.798575,0.798803,0.798392,0.798749,0.798543,0.798881,0.798875,
0.798768,0.798999,0.798914,0.798570,0.798448,0.798983,0.798467,0.799276,0.798753,0.799279,0.798740,0.798744,0.798845,0.798255,0.798425,0.798539,0.798467,0.798572,0.798483,0.799338,
0.799095,0.798859,0.798764,0.798954,0.798604,0.798897,0.798610,0.799052,0.798848,0.798892,0.798928,0.798797,0.798688,0.798612,0.799006,0.799037,0.798940,0.798669,0.798978,0.798851,
0.798640,0.799020,0.798834,0.798694,0.798796,0.798691,0.798778,0.798428,0.798618,0.798840,0.798952,0.798569,0.798358,0.798967,0.798785,0.798571,0.798750,0.798742,0.798921,0.798859,
0.798870,0.798803,0.798866,0.798787,0.798493,0.798686,0.798601,0.798971,0.798837,0.798947,0.798679,0.798728,0.798708,0.798640,0.798895,0.798972,0.798451,0.798934,0.798896,0.798926,
0.798936,0.799106,0.798652,0.798546,0.798606,0.799303,0.798572,0.798672,0.798728,0.798913,0.798862,0.798730,0.798884,0.798729,0.798994,0.798618,0.798671,0.798897,0.798805,0.799127,
0.798669,0.798565,0.798928,0.798934,0.798741,0.799025,0.798623,0.798748,0.798869,0.798830,0.798465,0.798976,0.799345,0.798557,0.799226,0.798571,0.798903,0.799024,0.798701,0.798873,
0.798719,0.799046,0.798742,0.798705,0.798649,0.798940,0.799139,0.799110,0.798962,0.798840,0.798636,0.798977,0.798666,0.799291,0.798713,0.799181,0.799299,0.798869,0.798880,0.798742,
0.799025,0.798838,0.798767,0.798701,0.799143,0.798817,0.798868,0.798392,0.798540,0.798794,0.798817,0.798799,0.798701,0.798681,0.798730,0.798460,0.799158,0.798788,0.798914,0.798798,
0.798706,0.798630,0.799121,0.798692,0.798647,0.798848,0.798788,0.798673,0.798749,0.798798,0.798895,0.798731,0.798471,0.798622,0.799020,0.798949,0.799175,0.798796,0.798401,0.798937,
