0.290635,0.290500,0.290511,0.290510,0.290630,0.290504,0.290520,0.290519,0.290516,0.290576,0.290549,0.290572,0.290555,0.290543,0.290567,0.290521,0.290514,0.290597,0.290553,0.290581,0.290544,0.290554,0.290530,0.290689,0.290641,0.290535,0.290499,0.290530,0.290475,0.290548,0.290521,0.290536,0.290540,0.290548,0.290588,0.290662,0.290494,0.290546,0.290520,0.290485,
0.289046,0.289037,0.289052,0.289084,0.289032,0.289047,0.289031,0.289039,0.289045,0.289043,0.289048,0.289031,0.289038,0.289028,0.289033,0.289073,0.289072,0.289035,0.289033,0.289027,0.289028,0.289044,0.289041,0.289065,0.289028,0.289033,0.289029,0.289079,0.289046,0.289047,0.289036,0.289050,0.289038,0.289031,0.289058,0.289054,0.289025,0.289058,0.289032,0.289058,
0.289050,0.289037,0.289038,0.289038,0.289024,0.289030,0.289029,0.289027,0.289032,0.289074,0.289051,0.289047,0.289033,0.289058,0.289039,0.289043,0.289043,0.289054,0.289028,0.289080,0.289068,0.289041,0.289073,0.289030,0.289037,0.289076,0.289035,0.289056,0.289034,0.289011,0.289018,0.289056,0.289046,0.289078,0.289051,0.289039,0.289074,0.289013,0.289026,0.289068,
0.289048,0.289069,0.289047,0.289056,0.289039,0.289026,0.289049,0.289027,0.289050,0.289047,0.289060,0.289060,0.289058,0.289024,0.289041,0.289032,0.289043,0.289038,0.289053,0.289023,0.289033,0.289036,0.289081,0.289049,0.289053,0.289046,0.289045,0.289065,0.289044,0.289041,0.289043,0.289037,0.289062,0.289030,0.289022,0.289038,0.289030,0.289019,0.289039,0.289039,
0.289056,0.289042,0.289042,0.289020,0.289052,0.289061,0.289039,0.289061,0.289031,0.289045,0.289066,0.289051,0.289035,0.289037,0.289058,0.289038,0.289050,0.289040,0.289066,0.289038,0.289039,0.289058,0.289040,0.289041,0.289042,0.289035,0.289035,0.289043,0.289026,0.289032,0.289029,0.289071,0.289066,0.289035,0.289062,0.289026,0.289016,0.289047,0.289068,0.289047,
0.289060,0.289032,0.289027,0.289070,0.289053,0.289059,0.289068,0.289033,0.289038,0.289041,0.289064,0.289082,0.289070,0.289051,0.289066,0.289074,0.289067,0.289058,0.289063,0.289045,0.289033,0.289033,0.289079,0.289040,0.289063,0.289070,0.289047,0.289046,0.289041,0.289017,0.289063,0.289032,0.289069,0.289049,0.289044,0.289035,0.289054,0.289035,0.289039,0.289047,
0.289023,0.289068,0.289019,0.289012,0.289040,0.289033,0.289036,0.289058,0.289006,0.289088,0.289021,0.289051,0.289059,0.289032,0.289039,0.289040,0.289044,0.289043,0.289043,0.289062,0.289052,0.289016,0.289058,0.289059,0.289039,0.289042,0.289036,0.289084,0.289068,0.289030,0.289041,0.289070,0.289054,0.289041,0.289048,0.289048,0.289058,0.289051,0.289045,0.289053,
0.289048,0.289072,0.289043,0.289054,0.289027,0.289033,0.289028,0.289051,0.289038,0.289030,0.289043,0.289062,0.289064,0.289046,0.289044,0.289037,0.289058,0.289084,0.289056,0.289063,0.289066,0.289046,0.289052,0.289078,0.289046,0.289038,0.289035,0.289024,0.289047,0.289043,0.289031,0.289036,0.289038,0.289046,0.289052,0.289042,0.289027,0.289005,0.289037,0.289061,
0.289055,0.289051,0.289076,0.289034,0.289043,0.289062,0.289038,0.289074,0.289061,0.289030,0.289022,0.289065,0.289060,0.289070,0.289060,0.289042,0.289038,0.289060,0.289054,0.289020,0.289042,0.289056,0.289039,0.289040,0.289052,0.289052,0.289054,0.289050,0.289060,0.289076,0.289050,0.289027,0.289037,0.289050,0.289043,0.289043,0.289034,0.289027,0.289024,0.289056,
0.289059,0.289049,0.289041,0.288998,0.289039,0.289055,0.289034,0.289034,0.289044,0.289060,0.289057,0.289030,0.289060,0.289049,0.289040,0.289074,0.289068,0.289062,0.289037,0.289046,0.289056,0.289041,0.289038,0.289054,0.289033,0.289078,0.289040,0.289059,0.289067,0.289082,0.289046,0.289042,0.289038,0.289049,0.289041,0.289040,0.289050,0.289036,0.289018,0.289038,
0.289077,0.289085,0.289073,0.289068,0.289033,0.289047,0.289054,0.289048,0.289043,0.289027,0.289067,0.289056,0.289050,0.289066,0.289043,0.289091,0.289039,0.289022,0.289057,0.289053,0.289058,0.289027,0.289065,0.289029,0.289045,0.289039,0.289032,0.289027,0.289054,0.289013,0.289040,0.289027,0.289078,0.289061,0.289058,0.289047,0.289066,0.289049,0.289034,0.289035,
0.289046,0.289066,0.289025,0.289043,0.289062,0.289055,0.289050,0.289050,0.289040,0.289063,0.289040,0.289041,0.289053,0.289075,0.289054,0.289046,0.289023,0.289045,0.289045,0.289024,0.289041,0.289060,0.289057,0.289033,0.289025,0.289066,0.289044,0.289034,0.289038,0.289050,0.289043,0.289036,0.289037,0.289032,0.289026,0.289066,0.289062,0.289045,0.289065,0.289060,
0.289075,0.289085,0.289080,0.289031,0.289048,0.289032,0.289016,0.289079,0.289025,0.289024,0.289058,0.289076,0.289043,0.289047,0.289045,0.289067,0.289050,0.289049,0.289046,0.289051,0.289035,0.289018,0.289035,0.289057,0.289074,0.289038,0.289029,0.289054,0.289063,0.289071,0.289036,0.289046,0.289036,0.289072,0.289032,0.289044,0.289073,0.289058,0.289030,0.289030,
0.289046,0.289048,0.289070,0.289048,0.289024,0.289058,0.289050,0.289028,0.289039,0.289053,0.289028,0.289049,0.289039,0.289061,0.289054,0.289041,0.289024,0.289035,0.289068,0.289046,0.289050,0.289069,0.289038,0.289050,0.289017,0.289021,0.289044,0.289046,0.289048,0.289050,0.289037,0.289059,0.289052,0.289042,0.289025,0.289049,0.289030,0.289038,0.289048,0.289059,
0.289045,0.289045,0.289066,0.289048,0.289064,0.289052,0.289053,0.289047,0.289063,0.289057,0.289064,0.289032,0.289080,0.289040,0.289069,0.289024,0.289043,0.289048,0.289026,0.289062,0.289036,0.289047,0.289031,0.289053,0.289069,0.289062,0.289059,0.289028,0.289031,0.289055,0.289020,0.289072,0.289057,0.289049,0.289033,0.289070,0.289069,0.289041,0.289036,0.289038,
0.289081,0.289025,0.289073,0.289043,0.289044,0.289028,0.289057,0.289068,0.289008,0.289039,0.289066,0.289042,0.289066,0.289037,0.289068,0.289071,0.289024,0.289049,0.289059,0.289053,0.289061,0.289046,0.289033,0.289060,0.289041,0.289042,0.289059,0.289051,0.289048,0.289052,0.289080,0.289038,0.289042,0.289066,0.289034,0.289037,0.289045,0.289065,0.289042,0.289049,
0.289027,0.289041,0.289056,0.289030,0.289060,0.289069,0.289034,0.289058,0.289044,0.289041,0.289043,0.289033,0.289054,0.289048,0.289073,0.289047,0.289049,0.289055,0.289035,0.289040,0.289007,0.289039,0.289052,0.289010,0.289057,0.289030,0.289058,0.289033,0.289042,0.289045,0.289050,0.289040,0.289032,0.289074,0.289038,0.289058,0.289033,0.289053,0.289042,0.289037,
0.289036,0.289023,0.289060,0.289056,0.289047,0.289041,0.289050,0.289061,0.289040,0.289054,0.289048,0.289018,0.289068,0.289044,0.289049,0.289068,0.289023,0.289058,0.289013,0.289068,0.289046,0.289036,0.289058,0.289034,0.289057,0.289048,0.289034,0.289017,0.289053,0.289046,0.289056,0.289025,0.289059,0.289050,0.289036,0.289031,0.289038,0.289081,0.289042,0.289059,
0.289037,0.289057,0.289050,0.289036,0.289023,0.289042,0.289071,0.289046,0.289068,0.289054,0.289058,0.289065,0.289015,0.289057,0.289077,0.289085,0.289038,0.289042,0.289040,0.289074,0.289009,0.289038,0.289035,0.289054,0.289057,0.289036,0.289074,0.289050,0.289033,0.289039,0.289070,0.289062,0.289045,0.289064,0.289028,0.289052,0.289026,0.289051,0.289048,0.289058,
0.289046,0.289059,0.289051,0.289045,0.289057,0.289050,0.289041,0.289055,0.289064,0.289045,0.289079,0.289067,0.289060,0.289070,0.289073,0.289069,0.289041,0.289048,0.289070,0.289076,0.289051,0.289035,0.289058,0.289062,0.289056,0.289066,0.289032,0.289066,0.289022,0.289062,0.289065,0.289046,0.289006,0.289053,0.289066,0.289063,0.289044,0.289027,0.289043,0.289005,
0.289052,0.289071,0.289032,0.289067,0.289044,0.289062,0.289064,0.289035,0.289053,0.289023,0.289019,0.289069,0.289042,0.289061,0.289022,0.289045,0.289033,0.289064,0.289056,0.289039,0.289040,0.289051,0.289030,0.289037,0.289051,0.289063,0.289041,0.289063,0.289053,0.289046,0.289063,0.289040,0.289051,0.289034,0.289059,0.289049,0.289050,0.289036,0.289021,0.289039,
