0.000000,0.000000,0.000000,0.000000,0.000000,0.000000,0.000000,0.000000,0.000000,0.000000,0.000000,0.000000,0.000000,0.000000,0.000000,0.000000,0.000000,0.000000,0.000000,0.000000,0.000000,0.000000,0.000000,0.000000,0.000000,0.000000,0.000000,0.000000,0.000000,0.000000,0.000000,0.000000,0.000000,0.000000,0.000000,0.000000,0.000000,0.000000,0.000000,0.000000,
0.000000,0.242763,0.244107,0.258079,0.266518,0.269910,0.296276,0.296375,0.297749,0.299101,0.303218,0.305745,0.308119,0.309422,0.311803,0.316499,0.317493,0.320551,0.325337,0.328164,0.334762,0.774767,0.774974,0.775280,0.775631,0.775687,0.775945,0.776058,0.776085,0.776257,0.776434,0.776528,0.776829,0.776829,0.776859,0.776859,0.777257,0.777476,0.777811,0.778310,
0.244800,0.254570,0.262971,0.273082,0.281498,0.284127,0.303995,0.307617,0.309925,0.309928,0.309948,0.315661,0.318779,0.319346,0.324557,0.326331,0.327881,0.332626,0.333340,0.333341,0.333344,0.333346,0.333349,0.333349,0.333351,0.333369,0.333373,0.333386,0.333391,0.774995,0.775224,0.775338,0.775367,0.775379,0.775570,0.775634,0.776081,0.776469,0.776519,0.776843,
0.236509,0.245797,0.247251,0.258061,0.266874,0.275104,0.276714,0.278310,0.288752,0.298830,0.302736,0.302754,0.320942,0.324466,0.328141,0.329744,0.330774,0.330926,0.332079,0.332721,0.333306,0.333307,0.333308,0.333316,0.333318,0.333323,0.333335,0.333340,0.333344,0.333345,0.333345,0.333346,0.333359,0.333364,0.333370,0.333376,0.775184,0.775288,0.775670,0.776262,
0.237428,0.242719,0.248803,0.261886,0.263546,0.268502,0.268507,0.268538,0.279902,0.290531,0.304002,0.305218,0.307620,0.312171,0.318454,0.320284,0.322979,0.322984,0.324693,0.325537,0.326339,0.329360,0.330064,0.333311,0.333321,0.333322,0.333339,0.333340,0.333341,0.333346,0.333349,0.333351,0.333358,0.333361,0.333362,0.333385,0.333592,0.775140,0.775832,0.775904,
0.236497,0.237539,0.242990,0.247304,0.273456,0.288992,0.291967,0.298840,0.301439,0.315745,0.317400,0.321897,0.330756,0.331431,0.333318,0.333326,0.333328,0.333331,0.333335,0.333336,0.333336,0.333337,0.333338,0.333339,0.333340,0.333341,0.333342,0.333342,0.333345,0.333348,0.333350,0.333354,0.333366,0.333366,0.333369,0.333370,0.333379,0.333391,0.333447,0.775678,
0.237434,0.244398,0.248739,0.250311,0.263518,0.271831,0.297476,0.297521,0.307599,0.307617,0.309935,0.317389,0.317398,0.323853,0.325527,0.327112,0.327873,0.330758,0.331426,0.331434,0.333307,0.333308,0.333315,0.333320,0.333327,0.333327,0.333328,0.333331,0.333335,0.333339,0.333341,0.333341,0.333343,0.333344,0.333351,0.333354,0.333356,0.333400,0.333438,0.775779,
0.235822,0.236221,0.241752,0.253624,0.255248,0.261217,0.265200,0.271824,0.298809,0.302702,0.303968,0.307623,0.322979,0.323862,0.327930,0.328617,0.328625,0.329353,0.333311,0.333312,0.333327,0.333328,0.333335,0.333335,0.333335,0.333335,0.333337,0.333338,0.333342,0.333342,0.333351,0.333352,0.333354,0.333354,0.333364,0.333369,0.333381,0.333387,0.333402,0.775647,
0.235562,0.238398,0.258483,0.261829,0.265177,0.270214,0.283015,0.286093,0.300161,0.303977,0.306414,0.321195,0.321202,0.322186,0.323835,0.323895,0.324684,0.325529,0.328641,0.328928,0.329353,0.330067,0.331437,0.332082,0.333306,0.333307,0.333316,0.333317,0.333332,0.333336,0.333337,0.333338,0.333338,0.333340,0.333363,0.333369,0.333375,0.333389,0.333409,0.775919,
0.235789,0.237501,0.248775,0.256812,0.260195,0.261837,0.271877,0.275111,0.283014,0.303980,0.308809,0.311071,0.322136,0.323849,0.325576,0.326348,0.328621,0.333307,0.333307,0.333308,0.333308,0.333314,0.333327,0.333331,0.333334,0.333336,0.333338,0.333339,0.333340,0.333340,0.333340,0.333346,0.333349,0.333349,0.333350,0.333357,0.333362,0.333373,0.333416,0.775398,
0.235948,0.248789,0.250289,0.250389,0.254923,0.256866,0.258546,0.265211,0.265253,0.271921,0.291946,0.294754,0.298821,0.298853,0.301462,0.306446,0.308787,0.308792,0.314323,0.318384,0.324703,0.327106,0.329348,0.329359,0.330751,0.330762,0.333318,0.333319,0.333320,0.333328,0.333338,0.333347,0.333354,0.333358,0.333361,0.333362,0.333370,0.333374,0.333448,0.774817,
0.251988,0.261029,0.270204,0.271849,0.278328,0.286056,0.303985,0.307598,0.308783,0.312163,0.313257,0.315354,0.317392,0.319352,0.321214,0.323848,0.323862,0.326323,0.330788,0.331418,0.331431,0.332741,0.333312,0.333323,0.333325,0.333336,0.333336,0.333338,0.333338,0.333342,0.333343,0.333351,0.333369,0.333372,0.333379,0.333380,0.333380,0.333429,0.333579,0.775064,
0.235789,0.236663,0.248813,0.250352,0.250381,0.260154,0.268513,0.289044,0.294785,0.298846,0.312160,0.312198,0.327126,0.327886,0.328634,0.330080,0.333305,0.333306,0.333307,0.333320,0.333330,0.333331,0.333335,0.333335,0.333338,0.333338,0.333340,0.333340,0.333342,0.333344,0.333346,0.333348,0.333349,0.333350,0.333357,0.333360,0.333364,0.333376,0.333646,0.776978,
0.250312,0.251969,0.253548,0.258559,0.265196,0.279890,0.281472,0.296205,0.298817,0.301428,0.302736,0.302756,0.307597,0.307717,0.308810,0.313262,0.323860,0.330779,0.332708,0.333308,0.333320,0.333324,0.333326,0.333327,0.333328,0.333329,0.333331,0.333333,0.333335,0.333335,0.333336,0.333337,0.333345,0.333351,0.333355,0.333360,0.333371,0.333378,0.333380,0.775958,
0.251969,0.261528,0.265196,0.287550,0.291926,0.297509,0.298829,0.301442,0.301466,0.302710,0.307602,0.307609,0.308778,0.317383,0.322111,0.324704,0.324708,0.328621,0.329359,0.331427,0.332720,0.333307,0.333307,0.333317,0.333333,0.333334,0.333335,0.333335,0.333336,0.333339,0.333342,0.333347,0.333350,0.333351,0.333352,0.333360,0.333372,0.333376,0.333378,0.776343,
0.235494,0.235942,0.236718,0.240413,0.247878,0.275103,0.278345,0.296149,0.304430,0.312153,0.313277,0.314356,0.317399,0.326342,0.329357,0.330065,0.330781,0.331430,0.332082,0.333306,0.333306,0.333316,0.333321,0.333329,0.333333,0.333334,0.333334,0.333335,0.333336,0.333338,0.333338,0.333347,0.333347,0.333347,0.333349,0.333350,0.333356,0.333360,0.333368,0.775397,
0.237556,0.251970,0.260208,0.263529,0.268611,0.289028,0.290508,0.302866,0.305218,0.308796,0.315365,0.321198,0.322117,0.325529,0.326332,0.326520,0.327108,0.327124,0.333313,0.333318,0.333319,0.333320,0.333321,0.333321,0.333329,0.333335,0.333335,0.333335,0.333336,0.333345,0.333346,0.333348,0.333352,0.333357,0.333360,0.333362,0.333405,0.333413,0.333419,0.776623,
0.237504,0.239432,0.241717,0.251940,0.253585,0.258503,0.278354,0.289067,0.291902,0.297485,0.298813,0.300164,0.311131,0.316373,0.316394,0.317394,0.318374,0.327145,0.330751,0.332090,0.333310,0.333315,0.333323,0.333332,0.333336,0.333337,0.333337,0.333338,0.333340,0.333342,0.333342,0.333343,0.333344,0.333346,0.333348,0.333348,0.333354,0.333366,0.333370,0.775827,
0.235576,0.238445,0.240183,0.256830,0.293381,0.296129,0.298824,0.300172,0.305228,0.306383,0.306412,0.309921,0.311064,0.313253,0.317415,0.323008,0.327098,0.328617,0.329350,0.330753,0.331422,0.332728,0.332738,0.333308,0.333314,0.333316,0.333321,0.333331,0.333334,0.333334,0.333334,0.333338,0.333340,0.333343,0.333361,0.333377,0.333377,0.333396,0.333400,0.774246,
0.237634,0.247271,0.248745,0.253575,0.268563,0.283039,0.293356,0.298818,0.298846,0.306436,0.311202,0.313246,0.321202,0.321204,0.324687,0.327889,0.328618,0.328620,0.330097,0.331437,0.333313,0.333333,0.333333,0.333335,0.333336,0.333336,0.333336,0.333337,0.333343,0.333346,0.333346,0.333347,0.333348,0.333350,0.333352,0.333352,0.333354,0.333397,0.333418,0.775656,
0.235653,0.236063,0.247278,0.278286,0.278306,0.278318,0.283038,0.286053,0.289029,0.297506,0.298850,0.307609,0.314310,0.319328,0.319338,0.320284,0.326315,0.328626,0.328652,0.329393,0.333317,0.333321,0.333324,0.333332,0.333333,0.333334,0.333334,0.333335,0.333337,0.333338,0.333345,0.333348,0.333350,0.333354,0.333359,0.333365,0.333377,0.333380,0.333402,0.775606,
0.241695,0.256817,0.260944,0.273524,0.276740,0.278343,0.278361,0.283020,0.287571,0.311060,0.313250,0.322109,0.323850,0.325530,0.326317,0.326326,0.327127,0.330059,0.330777,0.331429,0.331442,0.332712,0.333307,0.333312,0.333315,0.333317,0.333329,0.333332,0.333332,0.333334,0.333337,0.333337,0.333341,0.333343,0.333343,0.333352,0.333359,0.333361,0.333423,0.775019,
0.236284,0.237444,0.255197,0.261850,0.266900,0.271887,0.275402,0.291932,0.296169,0.300183,0.308769,0.312166,0.314342,0.315358,0.316379,0.322108,0.323859,0.326343,0.326357,0.330750,0.333310,0.333318,0.333330,0.333331,0.333333,0.333334,0.333335,0.333335,0.333335,0.333335,0.333337,0.333338,0.333338,0.333339,0.333344,0.333346,0.333355,0.333358,0.333391,0.775635,
0.244371,0.256861,0.257931,0.265225,0.281466,0.283047,0.289062,0.290506,0.296128,0.301433,0.301440,0.302739,0.311048,0.314338,0.315354,0.315355,0.317383,0.318365,0.320278,0.323846,0.325524,0.325560,0.326363,0.328617,0.331424,0.333312,0.333321,0.333334,0.333336,0.333339,0.333343,0.333343,0.333344,0.333353,0.333359,0.333364,0.333367,0.333408,0.333447,0.776174,
0.235638,0.236184,0.238658,0.240204,0.251063,0.255227,0.265204,0.268557,0.293394,0.294798,0.296137,0.297513,0.298890,0.302727,0.305228,0.308784,0.309035,0.311065,0.314299,0.323001,0.323012,0.323859,0.323869,0.326330,0.327128,0.329374,0.330747,0.333308,0.333315,0.333316,0.333323,0.333332,0.333335,0.333337,0.333338,0.333340,0.333343,0.333372,0.333386,0.776149,
0.238324,0.239323,0.240523,0.262009,0.273494,0.281472,0.291951,0.296150,0.302717,0.306416,0.309966,0.312177,0.322989,0.323000,0.324760,0.325515,0.327883,0.327983,0.328613,0.329351,0.332097,0.333306,0.333324,0.333329,0.333335,0.333335,0.333339,0.333339,0.333346,0.333347,0.333348,0.333352,0.333352,0.333353,0.333354,0.333354,0.333366,0.333456,0.333471,0.776658,
0.236803,0.237424,0.238372,0.240490,0.244923,0.248817,0.253592,0.260209,0.268521,0.278323,0.281442,0.281505,0.297512,0.298835,0.306410,0.314300,0.321209,0.321211,0.321212,0.322970,0.322979,0.327891,0.329357,0.332718,0.333315,0.333319,0.333325,0.333328,0.333337,0.333339,0.333345,0.333347,0.333349,0.333352,0.333358,0.333363,0.333394,0.333394,0.333399,0.776327,
0.248798,0.248806,0.260172,0.261866,0.271879,0.283015,0.286067,0.289063,0.291945,0.298809,0.305171,0.313268,0.313271,0.321216,0.322120,0.327109,0.329354,0.330085,0.330778,0.332077,0.332077,0.332083,0.333309,0.333312,0.333320,0.333330,0.333334,0.333337,0.333340,0.333351,0.333351,0.333361,0.333376,0.333380,0.333393,0.333399,0.333404,0.333450,0.333498,0.776138,
0.238725,0.254678,0.266827,0.273474,0.279929,0.283026,0.290542,0.291955,0.293371,0.300150,0.300155,0.302720,0.303985,0.307642,0.308783,0.309939,0.316407,0.319352,0.319364,0.321192,0.321223,0.322120,0.327137,0.332077,0.333309,0.333313,0.333317,0.333329,0.333334,0.333335,0.333335,0.333335,0.333336,0.333339,0.333340,0.333348,0.333362,0.333363,0.333371,0.774446,
0.251963,0.270212,0.275120,0.276720,0.283028,0.283046,0.284524,0.286059,0.286091,0.287559,0.291951,0.291955,0.301459,0.302940,0.303973,0.306411,0.307593,0.312165,0.324695,0.327128,0.330773,0.330779,0.331439,0.332078,0.333307,0.333308,0.333327,0.333328,0.333332,0.333337,0.333340,0.333341,0.333343,0.333349,0.333349,0.333351,0.333360,0.333362,0.333453,0.775618,
0.244406,0.258573,0.261897,0.266883,0.273540,0.281466,0.286017,0.293322,0.297503,0.301465,0.306440,0.307619,0.312191,0.313263,0.316389,0.320292,0.322972,0.323858,0.326324,0.332102,0.333311,0.333324,0.333325,0.333327,0.333334,0.333335,0.333337,0.333344,0.333347,0.333349,0.333350,0.333353,0.333355,0.333356,0.333357,0.333357,0.333357,0.333358,0.333378,0.775106,
0.236640,0.237587,0.253544,0.255207,0.258512,0.273509,0.286026,0.286070,0.289059,0.297485,0.303966,0.306418,0.313261,0.316362,0.316398,0.317399,0.318379,0.319325,0.322999,0.324695,0.324711,0.328631,0.331432,0.333312,0.333319,0.333319,0.333332,0.333335,0.333336,0.333338,0.333339,0.333340,0.333344,0.333345,0.333356,0.333358,0.333363,0.333370,0.333387,0.776415,
0.245792,0.247337,0.256879,0.276744,0.284547,0.287564,0.291941,0.300128,0.300157,0.306417,0.306463,0.307603,0.320263,0.323854,0.326319,0.326323,0.327866,0.331416,0.333307,0.333309,0.333313,0.333322,0.333323,0.333327,0.333328,0.333334,0.333336,0.333342,0.333342,0.333344,0.333347,0.333348,0.333351,0.333356,0.333363,0.333374,0.333376,0.333401,0.333439,0.775740,
0.238283,0.244384,0.245840,0.251965,0.278300,0.281476,0.290501,0.294789,0.302696,0.303980,0.308791,0.309928,0.313257,0.313273,0.316373,0.316396,0.317388,0.318371,0.329349,0.330760,0.330775,0.330808,0.333306,0.333320,0.333325,0.333331,0.333337,0.333338,0.333338,0.333339,0.333340,0.333341,0.333341,0.333348,0.333348,0.333353,0.333361,0.333362,0.333384,0.775189,
0.237541,0.247268,0.260166,0.265208,0.271829,0.273472,0.290494,0.293393,0.297489,0.297510,0.302714,0.311047,0.311056,0.311077,0.312156,0.313243,0.315352,0.316413,0.324691,0.327128,0.327880,0.327886,0.332762,0.333306,0.333330,0.333334,0.333335,0.333335,0.333335,0.333335,0.333337,0.333338,0.333342,0.333342,0.333348,0.333352,0.333358,0.333359,0.333385,0.776218,
0.260178,0.270187,0.294782,0.296139,0.303999,0.315365,0.317407,0.323848,0.326349,0.327881,0.327885,0.327909,0.330058,0.330766,0.332112,0.332721,0.333311,0.333316,0.333319,0.333322,0.333325,0.333328,0.333331,0.333334,0.333334,0.333336,0.333336,0.333337,0.333337,0.333345,0.333345,0.333346,0.333349,0.333353,0.333355,0.333363,0.333370,0.333383,0.333401,0.775291,
0.222931,0.241734,0.247300,0.281457,0.304010,0.305187,0.311059,0.314292,0.322991,0.323834,0.323842,0.323854,0.323869,0.324707,0.325521,0.328667,0.330757,0.331433,0.332077,0.333306,0.333309,0.333314,0.333318,0.333322,0.333330,0.333331,0.333334,0.333334,0.333335,0.333336,0.333336,0.333336,0.333337,0.333338,0.333339,0.333342,0.333343,0.333353,0.333365,0.775228,
0.237570,0.238745,0.240530,0.240619,0.243025,0.244367,0.261847,0.265199,0.270208,0.270209,0.278320,0.279871,0.296145,0.301450,0.302722,0.314354,0.317385,0.317394,0.320285,0.320288,0.327864,0.332716,0.332738,0.333308,0.333324,0.333329,0.333330,0.333330,0.333335,0.333335,0.333336,0.333336,0.333339,0.333339,0.333339,0.333344,0.333353,0.333390,0.334401,0.776449,
0.239421,0.250354,0.251954,0.258502,0.270227,0.284559,0.286088,0.289058,0.303995,0.307640,0.309934,0.309977,0.314314,0.316406,0.318518,0.321195,0.323859,0.323928,0.326323,0.332083,0.333323,0.333328,0.333328,0.333331,0.333333,0.333334,0.333336,0.333336,0.333337,0.333339,0.333342,0.333344,0.333344,0.333352,0.333354,0.333360,0.333367,0.333370,0.333394,0.776623,
0.236209,0.248812,0.254626,0.284545,0.293352,0.307627,0.311089,0.311089,0.313235,0.314320,0.315375,0.315376,0.318376,0.322117,0.322988,0.322992,0.327110,0.330751,0.331445,0.333309,0.333316,0.333324,0.333324,0.333325,0.333334,0.333335,0.333337,0.333337,0.333338,0.333338,0.333339,0.333340,0.333340,0.333342,0.333349,0.333357,0.333365,0.333378,0.333380,0.775031,
0.241712,0.254495,0.266878,0.271856,0.276717,0.286082,0.290504,0.293381,0.296131,0.309899,0.313273,0.320287,0.321205,0.322106,0.323855,0.323870,0.323935,0.329361,0.333306,0.333306,0.333308,0.333308,0.333313,0.333334,0.333335,0.333337,0.333337,0.333339,0.333339,0.333339,0.333339,0.333342,0.333344,0.333346,0.333346,0.333346,0.333346,0.333353,0.333573,0.776949,
0.237564,0.244422,0.255209,0.261841,0.279892,0.293342,0.294775,0.298830,0.302740,0.302741,0.303981,0.305218,0.307611,0.311056,0.320298,0.323860,0.325530,0.326584,0.327118,0.333315,0.333322,0.333323,0.333330,0.333332,0.333336,0.333337,0.333337,0.333339,0.333339,0.333340,0.333340,0.333341,0.333344,0.333347,0.333354,0.333354,0.333358,0.333360,0.333391,0.774619,
0.235673,0.235770,0.238456,0.276739,0.303983,0.305218,0.311038,0.312164,0.316375,0.322987,0.322999,0.323845,0.323854,0.324701,0.326325,0.332725,0.333315,0.333323,0.333324,0.333325,0.333326,0.333327,0.333328,0.333335,0.333337,0.333337,0.333338,0.333339,0.333339,0.333345,0.333346,0.333348,0.333349,0.333350,0.333351,0.333353,0.333353,0.333386,0.333401,0.775777,
0.236108,0.238424,0.247962,0.268546,0.271826,0.276736,0.278383,0.287553,0.293357,0.293364,0.293380,0.301451,0.301454,0.302709,0.306399,0.309911,0.309917,0.323848,0.327101,0.327107,0.328630,0.329362,0.330753,0.331423,0.333315,0.333319,0.333333,0.333333,0.333337,0.333337,0.333338,0.333338,0.333339,0.333339,0.333340,0.333347,0.333361,0.333399,0.333413,0.776275,
0.237453,0.240448,0.256832,0.261838,0.265211,0.291952,0.297491,0.303987,0.306406,0.306408,0.311051,0.311260,0.313256,0.320291,0.321209,0.324695,0.330071,0.330776,0.332085,0.333311,0.333323,0.333329,0.333332,0.333335,0.333336,0.333336,0.333336,0.333337,0.333337,0.333337,0.333339,0.333344,0.333346,0.333349,0.333354,0.333364,0.333366,0.333398,0.333410,0.776437,
0.237382,0.237391,0.238567,0.270182,0.284581,0.287583,0.293401,0.298822,0.298869,0.300186,0.302740,0.303988,0.305211,0.311041,0.311062,0.314318,0.319328,0.331425,0.332722,0.332728,0.332750,0.333315,0.333323,0.333330,0.333332,0.333334,0.333335,0.333335,0.333336,0.333336,0.333339,0.333345,0.333345,0.333345,0.333348,0.333348,0.333351,0.333372,0.333393,0.774287,
0.235605,0.235617,0.236519,0.242972,0.266913,0.270203,0.289064,0.298829,0.306403,0.313258,0.313267,0.322106,0.322126,0.322988,0.322989,0.322998,0.324707,0.325536,0.326333,0.330759,0.332092,0.333306,0.333317,0.333322,0.333322,0.333331,0.333332,0.333333,0.333333,0.333334,0.333334,0.333335,0.333337,0.333344,0.333345,0.333349,0.333356,0.333357,0.333451,0.776390,
0.236203,0.241758,0.260218,0.275106,0.287583,0.290502,0.291943,0.302719,0.302748,0.306446,0.311066,0.312150,0.314302,0.321234,0.323004,0.324705,0.326324,0.330753,0.331456,0.333312,0.333319,0.333323,0.333323,0.333325,0.333329,0.333334,0.333335,0.333337,0.333339,0.333340,0.333340,0.333340,0.333341,0.333342,0.333345,0.333351,0.333365,0.333419,0.333437,0.775589,
0.256841,0.275146,0.289062,0.293338,0.300191,0.301514,0.305207,0.306409,0.307621,0.309939,0.314336,0.316394,0.323878,0.324701,0.325538,0.330758,0.330776,0.331427,0.332717,0.333309,0.333317,0.333327,0.333327,0.333328,0.333335,0.333336,0.333336,0.333337,0.333338,0.333338,0.333339,0.333340,0.333344,0.333344,0.333345,0.333349,0.333349,0.333354,0.333371,0.775926,
0.236224,0.239378,0.244947,0.258494,0.263575,0.296139,0.298831,0.303953,0.305219,0.308786,0.312147,0.321217,0.327873,0.330060,0.330062,0.330751,0.330762,0.332715,0.333307,0.333317,0.333318,0.333322,0.333322,0.333323,0.333327,0.333335,0.333335,0.333337,0.333338,0.333339,0.333339,0.333343,0.333344,0.333347,0.333349,0.333350,0.333353,0.333355,0.333363,0.776764,
0.240439,0.241692,0.241715,0.242479,0.244377,0.247496,0.255232,0.258280,0.265182,0.275078,0.276701,0.279893,0.287561,0.296148,0.306404,0.316384,0.323016,0.327878,0.330840,0.331422,0.333309,0.333318,0.333320,0.333323,0.333333,0.333334,0.333335,0.333336,0.333338,0.333340,0.333341,0.333342,0.333345,0.333349,0.333350,0.333353,0.333356,0.333368,0.333498,0.775930,
0.236717,0.238406,0.245818,0.258451,0.263532,0.265206,0.278319,0.286088,0.294724,0.294746,0.300145,0.311065,0.316553,0.319341,0.321209,0.326318,0.327121,0.327887,0.329350,0.329413,0.333318,0.333328,0.333335,0.333335,0.333336,0.333340,0.333342,0.333344,0.333351,0.333352,0.333356,0.333360,0.333363,0.333367,0.333386,0.333390,0.333467,0.333478,0.333626,0.775085,
0.240464,0.253574,0.261820,0.270215,0.275086,0.278319,0.284560,0.296151,0.302728,0.302736,0.303988,0.306427,0.309930,0.311132,0.314303,0.314326,0.318412,0.321205,0.323856,0.326326,0.326339,0.326345,0.329345,0.332082,0.332110,0.333308,0.333322,0.333332,0.333336,0.333338,0.333338,0.333338,0.333345,0.333345,0.333353,0.333357,0.333361,0.333372,0.333396,0.775983,
0.258535,0.268557,0.283011,0.283015,0.286058,0.288999,0.297509,0.298837,0.300162,0.301424,0.302747,0.318376,0.318386,0.320285,0.322097,0.324698,0.326348,0.327101,0.329352,0.329361,0.333310,0.333313,0.333322,0.333330,0.333331,0.333334,0.333338,0.333338,0.333341,0.333341,0.333342,0.333344,0.333345,0.333350,0.333358,0.333362,0.333362,0.333364,0.333394,0.776293,
0.235939,0.261154,0.268557,0.276749,0.291923,0.294746,0.303987,0.306433,0.316389,0.318385,0.319339,0.322142,0.323862,0.325516,0.327880,0.328630,0.333308,0.333310,0.333311,0.333318,0.333323,0.333327,0.333329,0.333335,0.333336,0.333336,0.333338,0.333338,0.333339,0.333340,0.333342,0.333342,0.333342,0.333348,0.333348,0.333350,0.333350,0.333352,0.333372,0.775301,
0.236566,0.275081,0.275103,0.281495,0.286083,0.290447,0.302735,0.309924,0.314317,0.314331,0.317387,0.317394,0.320302,0.322982,0.323849,0.327897,0.330403,0.330752,0.332077,0.333306,0.333317,0.333322,0.333325,0.333327,0.333328,0.333329,0.333329,0.333337,0.333339,0.333339,0.333341,0.333342,0.333342,0.333343,0.333348,0.333352,0.333354,0.333361,0.333429,0.776044,
0.235604,0.242347,0.256799,0.276744,0.279905,0.301468,0.303988,0.308804,0.314306,0.314313,0.315373,0.318389,0.320259,0.321207,0.322102,0.323838,0.327134,0.330061,0.330174,0.330753,0.330753,0.330757,0.332720,0.332721,0.332734,0.333313,0.333314,0.333325,0.333325,0.333326,0.333338,0.333339,0.333341,0.333341,0.333344,0.333345,0.333346,0.333349,0.333354,0.776281,
0.236709,0.261909,0.279921,0.284557,0.291978,0.298837,0.303969,0.313251,0.314321,0.317398,0.319340,0.322101,0.326333,0.327113,0.328038,0.329367,0.330755,0.331436,0.331436,0.333314,0.333318,0.333324,0.333327,0.333334,0.333335,0.333336,0.333336,0.333336,0.333339,0.333339,0.333339,0.333340,0.333341,0.333341,0.333342,0.333345,0.333349,0.333350,0.333419,0.775856,
0.235560,0.275116,0.290483,0.297498,0.300146,0.301447,0.308779,0.309919,0.314313,0.314319,0.315359,0.316411,0.316412,0.324799,0.327131,0.331424,0.331434,0.333317,0.333319,0.333325,0.333326,0.333327,0.333328,0.333331,0.333333,0.333335,0.333336,0.333336,0.333336,0.333336,0.333337,0.333338,0.333340,0.333341,0.333343,0.333344,0.333348,0.333356,0.333370,0.776357,
0.235634,0.236184,0.237527,0.240518,0.245848,0.261702,0.268510,0.273482,0.290482,0.294743,0.312172,0.312181,0.314313,0.314315,0.315380,0.324707,0.326318,0.327109,0.327891,0.329364,0.331434,0.333323,0.333325,0.333326,0.333327,0.333329,0.333330,0.333331,0.333332,0.333335,0.333338,0.333338,0.333338,0.333343,0.333345,0.333345,0.333346,0.333362,0.333419,0.777366,
0.250331,0.266906,0.268604,0.273520,0.276734,0.281441,0.281508,0.284571,0.290507,0.305201,0.305202,0.308776,0.322989,0.327150,0.328612,0.328623,0.330746,0.331420,0.332082,0.333324,0.333334,0.333335,0.333336,0.333336,0.333337,0.333337,0.333338,0.333338,0.333338,0.333339,0.333339,0.333341,0.333343,0.333344,0.333353,0.333385,0.333410,0.333424,0.333791,0.777132,
0.250355,0.251923,0.256845,0.256894,0.266897,0.287572,0.291941,0.291949,0.294742,0.301441,0.301445,0.302730,0.305232,0.312160,0.314317,0.315363,0.317405,0.322101,0.322978,0.323880,0.330761,0.331417,0.332718,0.333307,0.333316,0.333328,0.333329,0.333330,0.333333,0.333334,0.333335,0.333336,0.333336,0.333340,0.333340,0.333346,0.333354,0.333360,0.333367,0.775470,
0.237539,0.244359,0.247338,0.265215,0.273434,0.276731,0.286076,0.286101,0.289047,0.290498,0.290513,0.301432,0.301465,0.303991,0.305199,0.319359,0.321207,0.321218,0.327163,0.328652,0.330743,0.331425,0.333311,0.333321,0.333325,0.333327,0.333327,0.333335,0.333335,0.333336,0.333337,0.333343,0.333344,0.333345,0.333348,0.333350,0.333354,0.333373,0.333374,0.775004,
0.238351,0.239451,0.242949,0.244376,0.244886,0.253562,0.256820,0.289070,0.291937,0.293363,0.296131,0.306414,0.311061,0.317397,0.317401,0.318380,0.322995,0.327124,0.330746,0.332082,0.332109,0.333306,0.333320,0.333324,0.333324,0.333335,0.333337,0.333340,0.333340,0.333342,0.333342,0.333348,0.333349,0.333356,0.333357,0.333361,0.333384,0.333385,0.333449,0.776698,
0.240518,0.244375,0.247239,0.263576,0.273488,0.286069,0.290506,0.294762,0.301464,0.302706,0.312330,0.319335,0.319346,0.321198,0.322102,0.330061,0.331430,0.333307,0.333310,0.333312,0.333313,0.333326,0.333334,0.333337,0.333338,0.333339,0.333340,0.333342,0.333342,0.333348,0.333352,0.333353,0.333354,0.333358,0.333374,0.333377,0.333388,0.333398,0.333399,0.777468,
0.243056,0.245770,0.255144,0.255220,0.263529,0.276738,0.296163,0.297512,0.301454,0.308785,0.312161,0.312167,0.313243,0.313281,0.314358,0.315373,0.319323,0.323835,0.327110,0.328620,0.332086,0.333307,0.333308,0.333311,0.333316,0.333333,0.333335,0.333341,0.333341,0.333345,0.333349,0.333350,0.333351,0.333354,0.333357,0.333361,0.333363,0.333369,0.333385,0.776112,
0.250378,0.255151,0.257973,0.260187,0.265229,0.268525,0.268549,0.287569,0.289042,0.297505,0.303977,0.305236,0.307604,0.313248,0.320272,0.323864,0.324691,0.326370,0.328624,0.330114,0.332086,0.332723,0.333307,0.333308,0.333308,0.333312,0.333318,0.333323,0.333327,0.333332,0.333337,0.333339,0.333339,0.333345,0.333346,0.333347,0.333358,0.333362,0.333376,0.776018,
0.256820,0.258471,0.258526,0.265241,0.273501,0.275124,0.278349,0.283289,0.291932,0.298851,0.312198,0.314370,0.319347,0.327113,0.327857,0.329361,0.330793,0.331421,0.333306,0.333321,0.333323,0.333327,0.333334,0.333335,0.333338,0.333339,0.333339,0.333340,0.333342,0.333344,0.333345,0.333352,0.333355,0.333356,0.333356,0.333361,0.333366,0.333368,0.333371,0.777277,
0.245864,0.262987,0.284582,0.290521,0.291955,0.294766,0.298836,0.302714,0.303978,0.303994,0.317433,0.322971,0.324684,0.333306,0.333307,0.333308,0.333313,0.333316,0.333323,0.333326,0.333332,0.333333,0.333334,0.333335,0.333337,0.333337,0.333338,0.333340,0.333341,0.333341,0.333345,0.333351,0.333353,0.333358,0.333360,0.333363,0.333363,0.333368,0.333371,0.773863,
0.235628,0.237553,0.242274,0.251986,0.261870,0.283031,0.296137,0.311050,0.311057,0.315368,0.316382,0.316385,0.317387,0.322993,0.323010,0.323844,0.324724,0.325080,0.325518,0.326315,0.326326,0.326352,0.327878,0.327894,0.331422,0.333307,0.333309,0.333312,0.333317,0.333318,0.333323,0.333333,0.333337,0.333339,0.333346,0.333349,0.333353,0.333355,0.333384,0.774877,
0.235588,0.240523,0.245777,0.258499,0.298867,0.303983,0.307624,0.309924,0.312167,0.316387,0.318380,0.318385,0.323828,0.327897,0.328626,0.330758,0.331423,0.331443,0.332084,0.333314,0.333335,0.333336,0.333338,0.333338,0.333339,0.333339,0.333340,0.333340,0.333343,0.333343,0.333344,0.333345,0.333353,0.333361,0.333370,0.333378,0.333401,0.333423,0.333483,0.774728,
0.236472,0.245817,0.247773,0.281481,0.294782,0.302708,0.307648,0.312172,0.322106,0.323865,0.327885,0.332085,0.332184,0.333306,0.333307,0.333312,0.333316,0.333324,0.333327,0.333328,0.333328,0.333328,0.333329,0.333332,0.333332,0.333335,0.333335,0.333335,0.333336,0.333338,0.333338,0.333338,0.333342,0.333343,0.333344,0.333346,0.333348,0.333351,0.333372,0.775222,
0.235674,0.241757,0.256909,0.258492,0.258545,0.261870,0.263534,0.283009,0.303983,0.317395,0.317425,0.318367,0.319351,0.328625,0.331417,0.331443,0.332080,0.332082,0.333307,0.333309,0.333318,0.333318,0.333320,0.333323,0.333325,0.333331,0.333332,0.333334,0.333336,0.333336,0.333337,0.333339,0.333349,0.333350,0.333356,0.333359,0.333384,0.333441,0.333514,0.776348,
0.235666,0.261824,0.284565,0.287561,0.307663,0.312174,0.312187,0.313245,0.314316,0.317388,0.321220,0.324728,0.327111,0.330154,0.332083,0.333306,0.333311,0.333318,0.333333,0.333334,0.333334,0.333335,0.333335,0.333335,0.333335,0.333337,0.333339,0.333341,0.333342,0.333343,0.333343,0.333344,0.333344,0.333349,0.333353,0.333356,0.333358,0.333368,0.333371,0.775926,
0.235761,0.255244,0.276736,0.278336,0.279923,0.283017,0.289038,0.296159,0.306421,0.307611,0.307612,0.314296,0.318399,0.319331,0.319338,0.322106,0.323849,0.323852,0.323856,0.332716,0.333306,0.333325,0.333326,0.333332,0.333332,0.333334,0.333334,0.333336,0.333336,0.333337,0.333343,0.333345,0.333345,0.333347,0.333350,0.333356,0.333361,0.333370,0.333413,0.775809,
0.235702,0.238381,0.240451,0.243000,0.263509,0.273478,0.287583,0.293376,0.294751,0.294758,0.297502,0.300149,0.309925,0.311058,0.312148,0.320300,0.322119,0.323845,0.324726,0.332079,0.333307,0.333313,0.333315,0.333320,0.333321,0.333323,0.333325,0.333333,0.333334,0.333334,0.333338,0.333340,0.333341,0.333342,0.333347,0.333352,0.333359,0.333361,0.333413,0.776147,
0.294737,0.301450,0.302725,0.308795,0.316535,0.317396,0.317413,0.319360,0.327875,0.328625,0.328654,0.330062,0.330071,0.330753,0.332720,0.333306,0.333311,0.333316,0.333325,0.333326,0.333327,0.333333,0.333334,0.333340,0.333340,0.333342,0.333343,0.333345,0.333348,0.333350,0.333352,0.333353,0.333353,0.333356,0.333361,0.333363,0.333389,0.333400,0.333422,0.776315,
0.235788,0.248779,0.250301,0.251950,0.278333,0.281487,0.291935,0.294764,0.298855,0.303961,0.303993,0.309950,0.309950,0.311060,0.313272,0.313288,0.316366,0.322098,0.322995,0.322995,0.323841,0.324704,0.330762,0.333308,0.333312,0.333313,0.333315,0.333316,0.333326,0.333327,0.333327,0.333335,0.333336,0.333337,0.333337,0.333338,0.333342,0.333342,0.333348,0.776285,
0.240242,0.266883,0.266906,0.270184,0.283039,0.300147,0.308770,0.309942,0.312256,0.320264,0.320271,0.322111,0.322979,0.324687,0.324698,0.327874,0.330093,0.330759,0.332725,0.333326,0.333332,0.333335,0.333337,0.333338,0.333338,0.333340,0.333340,0.333343,0.333346,0.333347,0.333348,0.333348,0.333351,0.333354,0.333359,0.333361,0.333362,0.333378,0.333381,0.775755,
0.235721,0.236150,0.247786,0.266888,0.278310,0.284539,0.286089,0.298838,0.300171,0.313264,0.314319,0.315366,0.319325,0.320291,0.323890,0.324683,0.325527,0.326322,0.332077,0.332709,0.332743,0.333310,0.333317,0.333319,0.333326,0.333327,0.333334,0.333334,0.333335,0.333336,0.333338,0.333339,0.333340,0.333341,0.333347,0.333350,0.333359,0.333366,0.333466,0.776240,
0.235723,0.241741,0.266868,0.266884,0.273485,0.275131,0.284543,0.300148,0.304030,0.308775,0.312191,0.322987,0.323837,0.324716,0.325524,0.330755,0.333311,0.333317,0.333321,0.333327,0.333327,0.333327,0.333332,0.333332,0.333334,0.333336,0.333337,0.333338,0.333339,0.333342,0.333343,0.333343,0.333345,0.333350,0.333351,0.333351,0.333360,0.333405,0.333521,0.776195,
0.238464,0.244370,0.244398,0.247278,0.271859,0.276715,0.276717,0.283017,0.287568,0.321207,0.322991,0.325619,0.327129,0.327861,0.327896,0.330769,0.333317,0.333318,0.333326,0.333329,0.333334,0.333335,0.333335,0.333336,0.333337,0.333337,0.333337,0.333339,0.333339,0.333339,0.333339,0.333345,0.333350,0.333350,0.333351,0.333357,0.333363,0.333366,0.333391,0.775366,
0.245838,0.256799,0.256831,0.260156,0.271830,0.273483,0.275094,0.276726,0.287545,0.289041,0.290484,0.291959,0.294775,0.298821,0.301413,0.303993,0.304025,0.304027,0.311077,0.314305,0.315362,0.315365,0.318364,0.321219,0.323864,0.328668,0.333308,0.333308,0.333313,0.333319,0.333327,0.333332,0.333334,0.333335,0.333336,0.333336,0.333340,0.333363,0.333398,0.776259,
0.235695,0.236179,0.236859,0.237504,0.244906,0.258515,0.270227,0.271836,0.279873,0.279892,0.283023,0.290518,0.300156,0.301412,0.301493,0.302738,0.306437,0.307622,0.311074,0.316408,0.319364,0.322991,0.325525,0.327111,0.332714,0.332729,0.333309,0.333311,0.333334,0.333335,0.333337,0.333348,0.333348,0.333353,0.333355,0.333356,0.333363,0.333373,0.333374,0.775379,
0.238344,0.240548,0.250383,0.261458,0.261467,0.273450,0.275119,0.287614,0.289040,0.300157,0.307616,0.308781,0.313278,0.314320,0.318366,0.321226,0.325538,0.327105,0.327192,0.330757,0.331427,0.332080,0.332115,0.333310,0.333320,0.333333,0.333334,0.333334,0.333337,0.333338,0.333343,0.333346,0.333348,0.333349,0.333353,0.333355,0.333362,0.333404,0.333423,0.776656,
0.236196,0.255137,0.273502,0.275078,0.278338,0.283081,0.287570,0.294738,0.296137,0.297476,0.301429,0.302724,0.303973,0.318379,0.320273,0.321210,0.321214,0.322150,0.327113,0.327869,0.330768,0.331444,0.332073,0.333313,0.333319,0.333320,0.333322,0.333330,0.333333,0.333334,0.333335,0.333338,0.333345,0.333350,0.333356,0.333362,0.333394,0.333789,0.333808,0.775073,
0.244872,0.283026,0.284541,0.290530,0.305222,0.313308,0.316398,0.320293,0.321214,0.321220,0.322146,0.327126,0.327873,0.328618,0.329353,0.329366,0.331435,0.331446,0.332715,0.332720,0.333309,0.333310,0.333329,0.333332,0.333332,0.333334,0.333335,0.333335,0.333335,0.333337,0.333339,0.333341,0.333349,0.333352,0.333356,0.333359,0.333361,0.333361,0.333362,0.775290,
0.237497,0.242523,0.245783,0.256878,0.263544,0.275138,0.279867,0.284722,0.286024,0.290490,0.306415,0.307632,0.309959,0.311055,0.316385,0.316390,0.316397,0.317396,0.323001,0.326338,0.332717,0.333310,0.333318,0.333322,0.333328,0.333329,0.333332,0.333334,0.333334,0.333334,0.333335,0.333336,0.333337,0.333337,0.333341,0.333343,0.333344,0.333358,0.333359,0.776055,
0.241648,0.256892,0.284521,0.286070,0.286079,0.311093,0.314308,0.315365,0.315375,0.319341,0.320280,0.320436,0.322096,0.322124,0.329366,0.331429,0.333311,0.333312,0.333324,0.333326,0.333330,0.333333,0.333333,0.333334,0.333335,0.333338,0.333339,0.333342,0.333342,0.333343,0.333345,0.333347,0.333347,0.333352,0.333356,0.333358,0.333368,0.333374,0.333401,0.776094,
0.240076,0.258520,0.263527,0.265211,0.271895,0.275130,0.276714,0.286054,0.319341,0.319351,0.319359,0.322099,0.322107,0.322108,0.325536,0.327883,0.330060,0.332077,0.332716,0.332730,0.333312,0.333314,0.333320,0.333324,0.333325,0.333325,0.333327,0.333333,0.333334,0.333337,0.333339,0.333340,0.333340,0.333341,0.333342,0.333342,0.333343,0.333345,0.333373,0.774717,
0.248829,0.255161,0.266883,0.278299,0.284551,0.293386,0.296142,0.297516,0.300164,0.307588,0.307609,0.317403,0.318392,0.319322,0.319336,0.322995,0.328616,0.330758,0.330903,0.333306,0.333326,0.333333,0.333334,0.333334,0.333336,0.333336,0.333337,0.333338,0.333339,0.333340,0.333340,0.333340,0.333341,0.333341,0.333342,0.333349,0.333367,0.333369,0.333371,0.776226,
0.237550,0.247584,0.248866,0.256863,0.266832,0.273470,0.287560,0.289025,0.300130,0.300132,0.300145,0.300157,0.300180,0.303991,0.307635,0.314304,0.314309,0.317403,0.321195,0.322997,0.323031,0.324691,0.326324,0.327106,0.327114,0.330772,0.332078,0.332080,0.332754,0.333307,0.333307,0.333339,0.333340,0.333341,0.333343,0.333350,0.333351,0.333353,0.333358,0.775574,
0.237469,0.256847,0.261863,0.287587,0.291942,0.300171,0.305210,0.309959,0.312163,0.313256,0.316402,0.317383,0.320267,0.321199,0.324684,0.326348,0.329358,0.330068,0.330774,0.332087,0.333312,0.333325,0.333326,0.333327,0.333336,0.333338,0.333340,0.333340,0.333348,0.333350,0.333351,0.333351,0.333355,0.333355,0.333356,0.333363,0.333367,0.333402,0.333522,0.776474,
0.235712,0.236196,0.260166,0.270165,0.271836,0.281476,0.283045,0.284597,0.289062,0.291951,0.305232,0.316392,0.318364,0.318372,0.319330,0.320291,0.322115,0.323863,0.326332,0.327114,0.327119,0.330068,0.333307,0.333309,0.333313,0.333317,0.333318,0.333319,0.333329,0.333330,0.333334,0.333338,0.333339,0.333341,0.333344,0.333349,0.333350,0.333370,0.333401,0.776001,
0.235708,0.255178,0.261843,0.265200,0.266879,0.271868,0.281490,0.286143,0.294756,0.296141,0.297497,0.309929,0.314306,0.314331,0.323853,0.324693,0.328618,0.330078,0.333312,0.333320,0.333326,0.333328,0.333333,0.333336,0.333337,0.333337,0.333339,0.333340,0.333343,0.333345,0.333348,0.333348,0.333352,0.333354,0.333354,0.333355,0.333358,0.333365,0.333409,0.775311,
0.235988,0.248839,0.251946,0.255193,0.260168,0.263522,0.265206,0.281478,0.283059,0.291947,0.291973,0.301510,0.302726,0.308780,0.309933,0.309946,0.311065,0.313271,0.319327,0.321193,0.326334,0.327112,0.327888,0.331440,0.332081,0.333309,0.333325,0.333325,0.333336,0.333336,0.333339,0.333339,0.333344,0.333346,0.333350,0.333357,0.333359,0.333366,0.333376,0.775739,
0.256838,0.258555,0.258556,0.260231,0.271828,0.281481,0.286039,0.287573,0.294763,0.296126,0.296135,0.302726,0.306407,0.315379,0.319334,0.320285,0.320312,0.323855,0.324785,0.325524,0.327110,0.327111,0.327869,0.328641,0.333308,0.333313,0.333317,0.333321,0.333324,0.333330,0.333334,0.333337,0.333338,0.333346,0.333350,0.333350,0.333369,0.333374,0.333377,0.776717,
0.237472,0.239368,0.240436,0.248830,0.256873,0.266898,0.283039,0.291965,0.300149,0.300163,0.303972,0.308780,0.313269,0.313273,0.313280,0.319343,0.319347,0.321198,0.323007,0.326336,0.329372,0.330767,0.331424,0.333318,0.333330,0.333337,0.333337,0.333337,0.333337,0.333341,0.333341,0.333342,0.333344,0.333352,0.333355,0.333356,0.333356,0.333370,0.333371,0.774284,
0.238678,0.238869,0.240284,0.255193,0.265243,0.268522,0.283001,0.291909,0.293380,0.301451,0.302806,0.309945,0.312170,0.313270,0.319328,0.320290,0.325532,0.327112,0.330798,0.332725,0.332728,0.333307,0.333313,0.333316,0.333326,0.333330,0.333331,0.333335,0.333336,0.333336,0.333338,0.333341,0.333342,0.333349,0.333351,0.333358,0.333366,0.333374,0.333397,0.776597,
0.248772,0.248795,0.253602,0.255291,0.263532,0.266906,0.268520,0.271841,0.283044,0.284565,0.290510,0.293492,0.297489,0.308760,0.312174,0.317400,0.320407,0.324707,0.327892,0.327898,0.332110,0.333305,0.333311,0.333311,0.333317,0.333319,0.333326,0.333326,0.333329,0.333331,0.333334,0.333335,0.333338,0.333341,0.333345,0.333346,0.333346,0.333357,0.333368,0.775042,
