0.000000,0.000000,0.000000,0.000000,0.000000,0.000000,0.000000,0.000000,0.000000,0.000000,0.000000,0.000000,0.000000,0.000000,0.000000,0.000000,0.000000,0.000000,0.000000,0.000000,0.000000,0.000000,0.000000,0.000000,0.000000,0.000000,0.000000,0.000000,0.000000,0.000000,0.000000,0.000000,0.000000,0.000000,0.000000,0.000000,0.000000,0.000000,0.000000,0.000000,
0.000000,0.237182,0.245463,0.284480,0.289057,0.290492,0.297731,0.299043,0.310690,0.313002,0.316414,0.321789,0.327313,0.328166,0.330808,0.331557,0.331699,0.332220,0.333310,0.333906,0.334572,0.336970,0.774395,0.775388,0.775423,0.775446,0.775462,0.775507,0.775525,0.775624,0.775724,0.775825,0.775895,0.776232,0.776487,0.776522,0.776561,0.776561,0.776836,0.776849,
0.279884,0.283016,0.285694,0.293113,0.309047,0.310581,0.313259,0.314643,0.315360,0.315370,0.316654,0.320468,0.320932,0.325637,0.332091,0.332091,0.333334,0.333335,0.333336,0.333336,0.333336,0.333336,0.333337,0.333339,0.333339,0.333342,0.333347,0.333352,0.333355,0.333410,0.334421,0.775307,0.775664,0.775749,0.775781,0.775797,0.775851,0.775981,0.776316,0.776456,
0.237476,0.237535,0.270179,0.286055,0.290506,0.293103,0.296131,0.300177,0.301344,0.301462,0.305209,0.307806,0.308909,0.311049,0.326353,0.327130,0.327875,0.328911,0.330502,0.330760,0.333314,0.333316,0.333321,0.333328,0.333328,0.333331,0.333331,0.333334,0.333341,0.333342,0.333343,0.333343,0.333343,0.333346,0.333346,0.333355,0.333358,0.774681,0.775349,0.776110,
0.242994,0.266893,0.268547,0.270176,0.289061,0.308787,0.315378,0.317407,0.319339,0.326336,0.327884,0.329348,0.329351,0.330755,0.332085,0.332156,0.333311,0.333314,0.333321,0.333321,0.333324,0.333324,0.333326,0.333333,0.333335,0.333336,0.333336,0.333338,0.333347,0.333347,0.333348,0.333349,0.333350,0.333350,0.333350,0.333353,0.333356,0.774616,0.775802,0.776330,
0.236570,0.244426,0.260210,0.263513,0.274625,0.279879,0.291954,0.296136,0.298850,0.300143,0.300154,0.305231,0.312170,0.315342,0.315374,0.321223,0.321227,0.325540,0.331427,0.332718,0.333315,0.333318,0.333318,0.333318,0.333319,0.333321,0.333334,0.333335,0.333335,0.333335,0.333336,0.333338,0.333339,0.333342,0.333342,0.333343,0.333350,0.333367,0.774852,0.775343,
0.236784,0.248813,0.251935,0.256935,0.262682,0.268531,0.279881,0.284552,0.298843,0.307615,0.312188,0.313275,0.314303,0.320288,0.326331,0.329347,0.330061,0.330070,0.330081,0.333307,0.333324,0.333330,0.333333,0.333335,0.333337,0.333339,0.333343,0.333344,0.333344,0.333345,0.333346,0.333350,0.333351,0.333353,0.333354,0.333359,0.333370,0.333385,0.775357,0.775772,
0.235624,0.236438,0.237349,0.238341,0.251952,0.261855,0.281462,0.291938,0.300160,0.302722,0.306420,0.309913,0.321198,0.322103,0.323034,0.331435,0.332079,0.332081,0.333311,0.333315,0.333316,0.333317,0.333321,0.333323,0.333332,0.333336,0.333336,0.333337,0.333338,0.333339,0.333345,0.333355,0.333357,0.333359,0.333366,0.333374,0.333378,0.333406,0.333703,0.776428,
0.236573,0.237505,0.239414,0.244380,0.244439,0.250378,0.261878,0.266858,0.271850,0.275106,0.289046,0.291941,0.307613,0.312183,0.313273,0.314335,0.316405,0.319340,0.319343,0.319365,0.321206,0.322985,0.324703,0.332085,0.333306,0.333307,0.333311,0.333313,0.333313,0.333331,0.333332,0.333338,0.333340,0.333341,0.333345,0.333359,0.333397,0.333419,0.333424,0.776021,
0.240463,0.242293,0.245777,0.251950,0.263502,0.263521,0.270198,0.271907,0.276720,0.286076,0.286095,0.308794,0.309928,0.309952,0.317400,0.318487,0.319330,0.322120,0.324696,0.326332,0.330063,0.333307,0.333312,0.333317,0.333335,0.333335,0.333339,0.333340,0.333341,0.333345,0.333345,0.333349,0.333354,0.333361,0.333363,0.333365,0.333379,0.333393,0.333402,0.776977,
0.270201,0.275176,0.276729,0.291927,0.297465,0.305216,0.309941,0.311021,0.311074,0.313268,0.316390,0.319339,0.320273,0.322995,0.324001,0.324732,0.328688,0.330054,0.330778,0.332712,0.333306,0.333310,0.333323,0.333326,0.333327,0.333335,0.333338,0.333339,0.333339,0.333340,0.333341,0.333342,0.333346,0.333355,0.333356,0.333361,0.333364,0.333370,0.333378,0.775127,
0.245796,0.261262,0.268525,0.270202,0.271879,0.281467,0.289040,0.298868,0.312194,0.320269,0.321224,0.321227,0.322971,0.328614,0.333308,0.333313,0.333322,0.333326,0.333328,0.333332,0.333334,0.333335,0.333335,0.333337,0.333338,0.333339,0.333339,0.333340,0.333340,0.333341,0.333342,0.333342,0.333344,0.333345,0.333346,0.333348,0.333354,0.333361,0.333362,0.776243,
0.237563,0.256835,0.270203,0.281455,0.287577,0.294748,0.298852,0.307621,0.311066,0.312164,0.313257,0.314319,0.314366,0.315356,0.316374,0.320613,0.321204,0.322093,0.326339,0.328631,0.330063,0.330769,0.333307,0.333324,0.333324,0.333326,0.333326,0.333327,0.333334,0.333337,0.333339,0.333341,0.333341,0.333342,0.333346,0.333349,0.333354,0.333365,0.333365,0.775243,
0.260144,0.294778,0.298842,0.300124,0.302736,0.311058,0.314310,0.315389,0.316400,0.320290,0.328641,0.329346,0.329357,0.332715,0.333309,0.333309,0.333326,0.333327,0.333335,0.333335,0.333336,0.333336,0.333337,0.333338,0.333338,0.333340,0.333340,0.333341,0.333342,0.333343,0.333344,0.333345,0.333345,0.333351,0.333353,0.333355,0.333359,0.333373,0.333446,0.777151,
0.235546,0.245756,0.247280,0.275129,0.276723,0.279914,0.283031,0.291962,0.302719,0.306404,0.306435,0.308776,0.314320,0.318379,0.322981,0.326320,0.330060,0.333315,0.333317,0.333322,0.333324,0.333324,0.333324,0.333326,0.333327,0.333332,0.333332,0.333335,0.333336,0.333336,0.333337,0.333338,0.333338,0.333341,0.333343,0.333343,0.333351,0.333351,0.333353,0.775027,
0.244360,0.260204,0.261862,0.270198,0.270232,0.291967,0.293356,0.296131,0.298838,0.298845,0.303957,0.306434,0.309944,0.322109,0.322163,0.327120,0.328641,0.331427,0.333307,0.333317,0.333324,0.333324,0.333327,0.333327,0.333331,0.333335,0.333338,0.333338,0.333339,0.333341,0.333344,0.333346,0.333347,0.333347,0.333350,0.333353,0.333358,0.333359,0.333382,0.775922,
0.243079,0.245773,0.265233,0.297502,0.298870,0.305226,0.307626,0.308794,0.309905,0.309931,0.313237,0.313254,0.318361,0.319341,0.322138,0.322996,0.324694,0.324700,0.330786,0.331424,0.332097,0.332131,0.332730,0.333312,0.333315,0.333335,0.333335,0.333336,0.333337,0.333338,0.333338,0.333339,0.333340,0.333340,0.333345,0.333347,0.333348,0.333351,0.333354,0.776176,
0.244439,0.248778,0.250359,0.261893,0.268563,0.270220,0.291944,0.293360,0.294752,0.300152,0.300154,0.308799,0.309924,0.320281,0.322096,0.322101,0.322109,0.325522,0.327891,0.328641,0.332081,0.333315,0.333318,0.333319,0.333320,0.333322,0.333333,0.333334,0.333334,0.333335,0.333335,0.333336,0.333339,0.333341,0.333346,0.333346,0.333347,0.333348,0.333352,0.775537,
0.240477,0.245772,0.270192,0.273499,0.290485,0.291917,0.296129,0.303987,0.307619,0.307627,0.313269,0.315348,0.315371,0.322983,0.323851,0.324704,0.330750,0.332727,0.333317,0.333321,0.333321,0.333325,0.333333,0.333337,0.333337,0.333338,0.333340,0.333341,0.333342,0.333343,0.333344,0.333346,0.333350,0.333353,0.333354,0.333364,0.333365,0.333387,0.333764,0.775153,
0.236614,0.241775,0.258499,0.276735,0.283024,0.287556,0.293357,0.301458,0.302707,0.309977,0.312199,0.317403,0.320301,0.322098,0.326320,0.326321,0.327113,0.328632,0.331429,0.332089,0.332717,0.333306,0.333308,0.333314,0.333315,0.333330,0.333332,0.333333,0.333333,0.333338,0.333339,0.333339,0.333340,0.333340,0.333344,0.333345,0.333349,0.333354,0.333392,0.775139,
0.250329,0.251049,0.253619,0.258145,0.278340,0.284539,0.287538,0.293366,0.300149,0.308777,0.312143,0.316379,0.318376,0.318385,0.320271,0.321201,0.326319,0.330069,0.331428,0.333315,0.333319,0.333327,0.333333,0.333334,0.333337,0.333338,0.333340,0.333341,0.333342,0.333345,0.333346,0.333347,0.333349,0.333351,0.333356,0.333358,0.333362,0.333372,0.333390,0.775696,
0.236699,0.238343,0.260176,0.293373,0.297479,0.297489,0.300151,0.311051,0.317391,0.322105,0.323863,0.324701,0.327116,0.328619,0.328630,0.330062,0.330964,0.331433,0.332718,0.333310,0.333312,0.333313,0.333317,0.333319,0.333323,0.333325,0.333327,0.333330,0.333334,0.333335,0.333337,0.333342,0.333342,0.333346,0.333356,0.333360,0.333377,0.333378,0.333602,0.775794,
0.235791,0.236793,0.239424,0.244325,0.244934,0.262660,0.273524,0.283044,0.284575,0.284578,0.301505,0.307605,0.307630,0.312247,0.321227,0.325511,0.330069,0.332099,0.332716,0.332720,0.333305,0.333306,0.333311,0.333325,0.333332,0.333334,0.333334,0.333335,0.333336,0.333336,0.333336,0.333339,0.333339,0.333340,0.333343,0.333344,0.333344,0.333348,0.333351,0.775350,
0.235661,0.243011,0.253549,0.273470,0.279937,0.284551,0.284568,0.298805,0.298844,0.303989,0.303993,0.307595,0.308774,0.308784,0.312241,0.315355,0.315388,0.315414,0.315436,0.328624,0.330066,0.331421,0.331424,0.333325,0.333328,0.333330,0.333330,0.333332,0.333333,0.333339,0.333345,0.333346,0.333351,0.333357,0.333357,0.333358,0.333396,0.333499,0.333690,0.776317,
0.251928,0.260176,0.261862,0.261891,0.265189,0.268530,0.270204,0.286076,0.287562,0.290517,0.296150,0.302733,0.305216,0.322106,0.325521,0.325616,0.326324,0.330058,0.332074,0.333309,0.333313,0.333323,0.333332,0.333333,0.333334,0.333335,0.333335,0.333339,0.333343,0.333347,0.333348,0.333348,0.333349,0.333350,0.333350,0.333357,0.333359,0.333377,0.333388,0.774059,
0.235556,0.241703,0.251940,0.253582,0.258528,0.260965,0.271862,0.276706,0.283012,0.283023,0.286079,0.301475,0.306426,0.312164,0.321241,0.322987,0.322993,0.323850,0.331423,0.333307,0.333311,0.333317,0.333319,0.333320,0.333334,0.333334,0.333335,0.333335,0.333338,0.333338,0.333338,0.333338,0.333340,0.333348,0.333349,0.333355,0.333357,0.333363,0.333370,0.775173,
0.236552,0.236758,0.242584,0.253527,0.271861,0.276703,0.290515,0.291969,0.291970,0.293353,0.302718,0.306437,0.306764,0.312188,0.313252,0.319340,0.323876,0.324693,0.327097,0.330118,0.331431,0.333307,0.333313,0.333329,0.333329,0.333329,0.333333,0.333335,0.333339,0.333340,0.333343,0.333345,0.333347,0.333351,0.333357,0.333358,0.333359,0.333364,0.333418,0.775717,
0.238754,0.241704,0.244382,0.263552,0.283015,0.287551,0.287559,0.290513,0.290518,0.290527,0.294754,0.294759,0.297516,0.298838,0.308774,0.316392,0.316421,0.320278,0.321207,0.322214,0.324718,0.327102,0.328629,0.333308,0.333309,0.333312,0.333317,0.333321,0.333333,0.333335,0.333335,0.333336,0.333340,0.333342,0.333345,0.333354,0.333355,0.333406,0.333480,0.775820,
0.240288,0.241678,0.248790,0.278349,0.279955,0.284552,0.296169,0.307607,0.307614,0.312159,0.313268,0.313275,0.314308,0.320290,0.321224,0.321232,0.322128,0.322225,0.324720,0.328620,0.330755,0.331427,0.333307,0.333313,0.333314,0.333314,0.333323,0.333326,0.333335,0.333339,0.333341,0.333343,0.333346,0.333351,0.333355,0.333356,0.333358,0.333368,0.333389,0.775610,
0.236800,0.242931,0.250401,0.266877,0.266883,0.270203,0.271838,0.291943,0.293358,0.301457,0.308805,0.309928,0.319345,0.321222,0.325534,0.326479,0.327882,0.328652,0.333308,0.333314,0.333317,0.333321,0.333326,0.333329,0.333336,0.333338,0.333339,0.333340,0.333341,0.333341,0.333341,0.333343,0.333343,0.333344,0.333347,0.333347,0.333361,0.333381,0.333391,0.775338,
0.240502,0.250305,0.253544,0.258536,0.262767,0.265200,0.266868,0.268541,0.278378,0.287576,0.289048,0.289105,0.294732,0.303970,0.306439,0.306457,0.318363,0.319351,0.319359,0.323014,0.324688,0.331426,0.332083,0.333309,0.333323,0.333323,0.333336,0.333336,0.333337,0.333338,0.333341,0.333342,0.333347,0.333347,0.333347,0.333350,0.333367,0.333379,0.333388,0.775863,
0.235655,0.240409,0.242422,0.245778,0.260216,0.275131,0.276723,0.286079,0.297511,0.303989,0.308776,0.314296,0.315366,0.317445,0.318382,0.320282,0.321227,0.323894,0.330474,0.332079,0.332721,0.333307,0.333321,0.333327,0.333331,0.333335,0.333336,0.333340,0.333341,0.333341,0.333341,0.333341,0.333347,0.333347,0.333350,0.333355,0.333359,0.333365,0.333368,0.774777,
0.235689,0.237509,0.241651,0.260136,0.271838,0.287554,0.296135,0.297473,0.297478,0.306426,0.307599,0.308797,0.309915,0.311070,0.312194,0.313243,0.328650,0.328779,0.328798,0.330783,0.333308,0.333314,0.333318,0.333320,0.333326,0.333326,0.333333,0.333334,0.333335,0.333336,0.333337,0.333344,0.333346,0.333349,0.333352,0.333362,0.333370,0.333383,0.333417,0.775145,
0.236504,0.238366,0.247262,0.248769,0.248811,0.265213,0.278307,0.318380,0.319352,0.325517,0.327883,0.333307,0.333310,0.333316,0.333317,0.333318,0.333321,0.333324,0.333334,0.333335,0.333336,0.333338,0.333338,0.333342,0.333344,0.333344,0.333345,0.333346,0.333347,0.333347,0.333348,0.333352,0.333352,0.333356,0.333365,0.333371,0.333391,0.333403,0.333419,0.775576,
0.236763,0.237377,0.239351,0.242449,0.244420,0.271851,0.281500,0.283019,0.293388,0.294798,0.298818,0.298853,0.307623,0.308774,0.309943,0.312198,0.312207,0.314426,0.322984,0.322992,0.323858,0.326325,0.326371,0.330747,0.333309,0.333313,0.333316,0.333316,0.333317,0.333320,0.333321,0.333336,0.333337,0.333341,0.333342,0.333345,0.333361,0.333367,0.333398,0.775576,
0.236125,0.244432,0.275125,0.282990,0.298933,0.307617,0.307639,0.309938,0.309946,0.313256,0.316386,0.325528,0.327108,0.328626,0.332247,0.332732,0.333308,0.333311,0.333325,0.333326,0.333332,0.333337,0.333338,0.333339,0.333339,0.333340,0.333342,0.333343,0.333343,0.333344,0.333346,0.333351,0.333352,0.333358,0.333360,0.333362,0.333363,0.333394,0.333406,0.775419,
0.241800,0.258489,0.266913,0.297497,0.298866,0.305208,0.308783,0.311041,0.313280,0.316407,0.319362,0.321205,0.326328,0.327888,0.328620,0.328630,0.331421,0.332714,0.333307,0.333310,0.333312,0.333315,0.333321,0.333322,0.333327,0.333328,0.333334,0.333334,0.333337,0.333338,0.333338,0.333346,0.333346,0.333347,0.333348,0.333351,0.333362,0.333386,0.333411,0.775430,
0.235821,0.240376,0.255205,0.256864,0.270187,0.284522,0.290533,0.298880,0.308766,0.312173,0.320280,0.320286,0.320306,0.323848,0.324710,0.325535,0.326330,0.327108,0.329376,0.330066,0.332078,0.332714,0.333307,0.333314,0.333321,0.333329,0.333333,0.333334,0.333336,0.333336,0.333337,0.333337,0.333338,0.333341,0.333341,0.333345,0.333346,0.333350,0.333392,0.777449,
0.237539,0.279916,0.286064,0.289004,0.290490,0.293364,0.297522,0.302725,0.303965,0.322991,0.325526,0.326334,0.327145,0.327885,0.330068,0.331428,0.333309,0.333322,0.333322,0.333326,0.333330,0.333331,0.333332,0.333333,0.333335,0.333335,0.333336,0.333341,0.333341,0.333341,0.333345,0.333350,0.333358,0.333361,0.333361,0.333364,0.333376,0.333414,0.333466,0.775578,
0.235511,0.248818,0.255208,0.271871,0.276696,0.276752,0.282971,0.290479,0.293371,0.303970,0.305210,0.307627,0.318447,0.325523,0.326314,0.327887,0.332082,0.333306,0.333308,0.333312,0.333316,0.333317,0.333326,0.333326,0.333327,0.333331,0.333331,0.333332,0.333332,0.333334,0.333335,0.333337,0.333338,0.333341,0.333349,0.333355,0.333357,0.333360,0.333362,0.776554,
0.236783,0.241749,0.247712,0.265234,0.268514,0.279949,0.286085,0.293359,0.296145,0.297508,0.309906,0.311096,0.312173,0.317391,0.321242,0.326323,0.327885,0.330080,0.332077,0.333313,0.333314,0.333319,0.333329,0.333329,0.333329,0.333335,0.333336,0.333337,0.333338,0.333345,0.333347,0.333349,0.333354,0.333358,0.333359,0.333362,0.333364,0.333380,0.333425,0.774310,
0.235538,0.261825,0.268546,0.289210,0.290480,0.294787,0.300134,0.301520,0.309926,0.312156,0.315360,0.317384,0.320268,0.321225,0.323854,0.323863,0.326324,0.330072,0.333309,0.333310,0.333314,0.333319,0.333320,0.333322,0.333334,0.333334,0.333335,0.333336,0.333336,0.333337,0.333337,0.333338,0.333340,0.333345,0.333347,0.333348,0.333352,0.333359,0.333365,0.775376,
0.235875,0.248789,0.255172,0.273495,0.286068,0.297493,0.297518,0.302716,0.311050,0.311057,0.312178,0.315443,0.319348,0.320289,0.322989,0.330069,0.330080,0.333311,0.333317,0.333322,0.333327,0.333329,0.333330,0.333332,0.333335,0.333338,0.333339,0.333340,0.333341,0.333341,0.333343,0.333343,0.333345,0.333347,0.333350,0.333355,0.333355,0.333362,0.333370,0.775961,
0.236691,0.244353,0.252002,0.252022,0.254393,0.256846,0.266843,0.281494,0.282991,0.294792,0.297516,0.301462,0.303952,0.305200,0.309918,0.318389,0.320289,0.326321,0.326343,0.327873,0.330763,0.333314,0.333324,0.333329,0.333329,0.333335,0.333335,0.333338,0.333340,0.333342,0.333343,0.333345,0.333345,0.333349,0.333351,0.333352,0.333357,0.333376,0.333381,0.776379,
0.248925,0.261612,0.279909,0.281448,0.281523,0.283021,0.289066,0.297485,0.298823,0.311046,0.316397,0.317379,0.317385,0.318394,0.326372,0.327118,0.329367,0.330060,0.332089,0.333306,0.333309,0.333313,0.333318,0.333326,0.333326,0.333336,0.333338,0.333338,0.333340,0.333341,0.333342,0.333347,0.333349,0.333351,0.333352,0.333358,0.333359,0.333377,0.333385,0.775691,
0.236742,0.245830,0.270657,0.273474,0.273517,0.281456,0.287576,0.291958,0.300159,0.301439,0.303966,0.308784,0.309942,0.311081,0.314313,0.321189,0.322994,0.325513,0.326329,0.330759,0.332716,0.333311,0.333316,0.333316,0.333325,0.333326,0.333334,0.333335,0.333336,0.333336,0.333338,0.333342,0.333342,0.333346,0.333358,0.333359,0.333359,0.333362,0.333380,0.776387,
0.236267,0.237537,0.240475,0.241719,0.244790,0.255178,0.266879,0.278295,0.293338,0.293348,0.300190,0.313254,0.315379,0.318379,0.321204,0.323067,0.326347,0.328638,0.329347,0.332095,0.332718,0.332725,0.333307,0.333311,0.333322,0.333329,0.333331,0.333334,0.333335,0.333337,0.333338,0.333340,0.333345,0.333345,0.333350,0.333354,0.333355,0.333363,0.333384,0.775445,
0.255159,0.260188,0.268543,0.271822,0.278324,0.281482,0.289055,0.293344,0.294758,0.294768,0.308865,0.313252,0.319350,0.324716,0.328630,0.328643,0.330064,0.330752,0.332714,0.333307,0.333309,0.333314,0.333322,0.333327,0.333329,0.333335,0.333335,0.333336,0.333339,0.333339,0.333340,0.333344,0.333345,0.333350,0.333354,0.333375,0.333390,0.333408,0.333498,0.776047,
0.235558,0.238437,0.239407,0.261851,0.270188,0.271869,0.276730,0.279916,0.296138,0.307600,0.311048,0.311087,0.320276,0.321190,0.322997,0.325524,0.325531,0.331435,0.332750,0.333306,0.333308,0.333314,0.333323,0.333329,0.333331,0.333334,0.333336,0.333336,0.333337,0.333342,0.333344,0.333346,0.333352,0.333352,0.333353,0.333353,0.333359,0.333363,0.333367,0.775297,
0.236820,0.253569,0.254629,0.268533,0.276709,0.287553,0.296120,0.296128,0.300180,0.309937,0.313262,0.313279,0.315379,0.319399,0.322204,0.323838,0.329349,0.329413,0.331440,0.333312,0.333315,0.333330,0.333334,0.333334,0.333336,0.333336,0.333338,0.333338,0.333339,0.333339,0.333341,0.333345,0.333346,0.333347,0.333347,0.333358,0.333360,0.333364,0.333371,0.776101,
0.237349,0.242441,0.243020,0.265193,0.296119,0.301430,0.315382,0.320279,0.321195,0.321210,0.322134,0.322982,0.323844,0.323844,0.324699,0.327921,0.332731,0.332731,0.333309,0.333311,0.333314,0.333322,0.333322,0.333327,0.333329,0.333332,0.333335,0.333339,0.333339,0.333341,0.333342,0.333344,0.333345,0.333346,0.333351,0.333352,0.333365,0.333407,0.333566,0.776183,
0.235779,0.248829,0.258563,0.273520,0.275151,0.279888,0.281475,0.283010,0.293366,0.297499,0.302725,0.305236,0.310037,0.314313,0.316386,0.316387,0.318373,0.322986,0.322993,0.328641,0.329357,0.332732,0.333318,0.333323,0.333323,0.333325,0.333327,0.333332,0.333334,0.333338,0.333339,0.333339,0.333340,0.333341,0.333342,0.333350,0.333352,0.333367,0.333484,0.776481,
0.247300,0.263561,0.266902,0.287553,0.297491,0.298832,0.302735,0.305197,0.314315,0.314334,0.317409,0.317421,0.318386,0.322111,0.326329,0.330082,0.333307,0.333327,0.333328,0.333333,0.333334,0.333334,0.333336,0.333337,0.333339,0.333339,0.333340,0.333340,0.333340,0.333342,0.333343,0.333343,0.333345,0.333349,0.333351,0.333353,0.333359,0.333363,0.333372,0.775247,
0.235711,0.250357,0.270180,0.275077,0.275084,0.297506,0.298824,0.312147,0.317414,0.322129,0.324686,0.327102,0.327878,0.327879,0.333308,0.333309,0.333318,0.333324,0.333325,0.333328,0.333328,0.333330,0.333332,0.333333,0.333334,0.333335,0.333337,0.333338,0.333339,0.333342,0.333343,0.333344,0.333348,0.333349,0.333351,0.333356,0.333366,0.333369,0.333383,0.776723,
0.255211,0.256848,0.273455,0.284573,0.298847,0.301433,0.306409,0.307630,0.311071,0.311078,0.312172,0.316406,0.332819,0.333306,0.333308,0.333313,0.333317,0.333318,0.333319,0.333324,0.333325,0.333328,0.333332,0.333332,0.333333,0.333334,0.333336,0.333337,0.333337,0.333338,0.333339,0.333340,0.333342,0.333346,0.333351,0.333351,0.333361,0.333362,0.333379,0.776151,
0.253610,0.260210,0.273496,0.278311,0.286038,0.297506,0.309940,0.314325,0.321204,0.323002,0.323003,0.324688,0.326320,0.326349,0.333307,0.333310,0.333317,0.333317,0.333325,0.333329,0.333330,0.333334,0.333335,0.333336,0.333338,0.333339,0.333340,0.333343,0.333345,0.333345,0.333345,0.333346,0.333346,0.333347,0.333350,0.333357,0.333361,0.333363,0.333375,0.775481,
0.242491,0.244366,0.248005,0.251142,0.256848,0.268505,0.268552,0.279908,0.286050,0.290493,0.294775,0.297479,0.297485,0.297506,0.303966,0.305208,0.309930,0.311070,0.315359,0.322992,0.323011,0.326347,0.331431,0.333309,0.333318,0.333321,0.333322,0.333324,0.333334,0.333335,0.333336,0.333338,0.333338,0.333339,0.333340,0.333340,0.333344,0.333345,0.333362,0.775257,
0.263532,0.270201,0.273514,0.278313,0.279933,0.301451,0.305222,0.314310,0.314330,0.316580,0.317388,0.318394,0.319338,0.322106,0.325514,0.326326,0.326342,0.330779,0.333325,0.333326,0.333328,0.333329,0.333335,0.333336,0.333338,0.333338,0.333339,0.333340,0.333341,0.333345,0.333347,0.333348,0.333351,0.333353,0.333357,0.333359,0.333365,0.333480,0.333540,0.775739,
0.236613,0.238803,0.256840,0.270174,0.273486,0.284556,0.289061,0.298827,0.303967,0.313264,0.316398,0.319343,0.323847,0.324712,0.327110,0.329346,0.329346,0.331445,0.333309,0.333313,0.333316,0.333317,0.333317,0.333319,0.333325,0.333327,0.333335,0.333336,0.333337,0.333337,0.333338,0.333338,0.333339,0.333344,0.333344,0.333348,0.333360,0.333363,0.333368,0.775604,
0.235428,0.242466,0.251990,0.276732,0.290529,0.297482,0.298835,0.302722,0.303980,0.305209,0.306452,0.311048,0.312178,0.312192,0.314325,0.317371,0.323855,0.324711,0.325519,0.332088,0.333311,0.333320,0.333324,0.333330,0.333332,0.333334,0.333334,0.333335,0.333335,0.333337,0.333338,0.333343,0.333347,0.333349,0.333354,0.333362,0.333374,0.333435,0.333453,0.777013,
0.235767,0.244346,0.244875,0.253585,0.263556,0.266876,0.281436,0.298822,0.305229,0.308768,0.310016,0.312171,0.314308,0.324692,0.327105,0.327881,0.328617,0.329356,0.333306,0.333324,0.333325,0.333326,0.333328,0.333328,0.333329,0.333335,0.333338,0.333339,0.333343,0.333345,0.333345,0.333347,0.333348,0.333349,0.333350,0.333351,0.333351,0.333361,0.333474,0.774294,
0.235681,0.237432,0.244289,0.258484,0.265154,0.270196,0.271863,0.275116,0.286067,0.286073,0.287605,0.293357,0.312171,0.312195,0.315370,0.315399,0.316392,0.317393,0.319322,0.326326,0.330757,0.331484,0.333309,0.333319,0.333319,0.333322,0.333323,0.333329,0.333336,0.333336,0.333337,0.333337,0.333337,0.333338,0.333345,0.333346,0.333375,0.333413,0.333498,0.775940,
0.247259,0.255227,0.256841,0.276729,0.281438,0.289027,0.291930,0.293347,0.307615,0.309939,0.311062,0.311071,0.318371,0.327125,0.329354,0.329383,0.333315,0.333321,0.333322,0.333329,0.333330,0.333335,0.333335,0.333338,0.333341,0.333341,0.333343,0.333344,0.333344,0.333354,0.333356,0.333356,0.333357,0.333365,0.333365,0.333367,0.333385,0.333423,0.333443,0.775820,
0.237460,0.238802,0.245064,0.245795,0.255207,0.268523,0.289024,0.293343,0.297503,0.297503,0.298841,0.298846,0.302749,0.305206,0.315378,0.322107,0.322114,0.322135,0.322999,0.326330,0.327868,0.328619,0.330742,0.332738,0.333312,0.333313,0.333324,0.333325,0.333329,0.333336,0.333336,0.333345,0.333347,0.333347,0.333353,0.333355,0.333361,0.333374,0.333382,0.775338,
0.235840,0.258506,0.258583,0.260213,0.266862,0.279931,0.279940,0.287578,0.293328,0.294730,0.298837,0.305218,0.314319,0.317419,0.319335,0.321207,0.326340,0.329354,0.332075,0.333307,0.333314,0.333315,0.333331,0.333335,0.333336,0.333337,0.333338,0.333339,0.333339,0.333340,0.333343,0.333349,0.333352,0.333352,0.333355,0.333366,0.333383,0.333401,0.333492,0.775898,
0.236878,0.245783,0.250398,0.260183,0.265191,0.283000,0.283001,0.297480,0.298823,0.305192,0.311059,0.322990,0.323855,0.327139,0.327914,0.328635,0.330071,0.332723,0.333308,0.333312,0.333314,0.333317,0.333318,0.333329,0.333330,0.333335,0.333335,0.333336,0.333336,0.333338,0.333340,0.333343,0.333343,0.333347,0.333359,0.333360,0.333371,0.333372,0.333414,0.776015,
0.236148,0.238944,0.239310,0.244827,0.247249,0.260142,0.263500,0.293364,0.301510,0.302739,0.307617,0.309951,0.312177,0.315391,0.319342,0.321227,0.322984,0.322997,0.328618,0.329402,0.332715,0.332717,0.333306,0.333307,0.333329,0.333330,0.333331,0.333333,0.333336,0.333336,0.333337,0.333337,0.333339,0.333346,0.333348,0.333351,0.333354,0.333361,0.333368,0.775159,
0.240253,0.247277,0.270215,0.278353,0.281464,0.291944,0.293392,0.302710,0.314315,0.315394,0.316360,0.316389,0.319328,0.319355,0.321206,0.322105,0.326330,0.328624,0.328676,0.330063,0.331424,0.333308,0.333322,0.333327,0.333327,0.333329,0.333331,0.333334,0.333334,0.333335,0.333336,0.333341,0.333343,0.333351,0.333354,0.333371,0.333394,0.333456,0.333500,0.776092,
0.238360,0.247290,0.251856,0.271829,0.281492,0.291923,0.291938,0.298829,0.298847,0.315379,0.317393,0.318371,0.319331,0.322100,0.323857,0.324694,0.324701,0.327900,0.327901,0.332086,0.333307,0.333310,0.333315,0.333324,0.333327,0.333330,0.333333,0.333333,0.333336,0.333336,0.333336,0.333337,0.333340,0.333341,0.333342,0.333344,0.333344,0.333349,0.333466,0.774564,
0.239325,0.240509,0.247298,0.247674,0.260181,0.260189,0.265268,0.275104,0.286047,0.289067,0.291956,0.294777,0.301448,0.302751,0.303991,0.307621,0.313252,0.322108,0.322985,0.322989,0.323842,0.333324,0.333327,0.333331,0.333335,0.333337,0.333340,0.333340,0.333341,0.333342,0.333343,0.333347,0.333347,0.333353,0.333357,0.333364,0.333377,0.333383,0.333398,0.775544,
0.247239,0.289051,0.292003,0.293361,0.296106,0.304043,0.305240,0.308792,0.313279,0.322996,0.323013,0.323850,0.323862,0.327899,0.332714,0.332735,0.333305,0.333307,0.333315,0.333323,0.333324,0.333326,0.333327,0.333329,0.333335,0.333336,0.333336,0.333336,0.333337,0.333339,0.333339,0.333344,0.333346,0.333350,0.333354,0.333367,0.333371,0.333394,0.333515,0.775808,
0.236163,0.245821,0.258480,0.271829,0.278312,0.287543,0.291952,0.318383,0.319332,0.319333,0.319336,0.321192,0.322111,0.323001,0.325527,0.326324,0.327130,0.327911,0.327925,0.331446,0.332085,0.333324,0.333328,0.333330,0.333334,0.333335,0.333336,0.333337,0.333337,0.333337,0.333338,0.333340,0.333340,0.333345,0.333346,0.333347,0.333348,0.333349,0.333354,0.776159,
0.236809,0.245825,0.255892,0.268558,0.279915,0.284523,0.298845,0.302713,0.319336,0.323852,0.327874,0.328622,0.328641,0.330766,0.332128,0.332804,0.333314,0.333319,0.333321,0.333324,0.333327,0.333330,0.333331,0.333334,0.333335,0.333336,0.333336,0.333337,0.333338,0.333339,0.333340,0.333340,0.333342,0.333342,0.333354,0.333357,0.333360,0.333364,0.333372,0.774544,
0.255205,0.258478,0.263545,0.275132,0.283009,0.291927,0.293367,0.297501,0.306426,0.307605,0.311066,0.322981,0.322993,0.323863,0.325514,0.325520,0.328628,0.329354,0.333307,0.333311,0.333314,0.333325,0.333327,0.333329,0.333329,0.333330,0.333335,0.333336,0.333336,0.333336,0.333337,0.333339,0.333342,0.333343,0.333351,0.333359,0.333366,0.333403,0.333842,0.776191,
0.250383,0.256813,0.268541,0.273489,0.275119,0.289086,0.294755,0.296152,0.297505,0.303996,0.306417,0.311066,0.311078,0.314336,0.315376,0.318415,0.321197,0.322127,0.323848,0.324700,0.329348,0.333311,0.333317,0.333331,0.333335,0.333336,0.333336,0.333336,0.333337,0.333337,0.333338,0.333338,0.333339,0.333347,0.333351,0.333353,0.333355,0.333358,0.333370,0.775994,
0.236680,0.241686,0.242536,0.245791,0.253542,0.260181,0.261907,0.268519,0.268540,0.276726,0.279895,0.284562,0.305227,0.316357,0.316399,0.322979,0.322989,0.324707,0.325522,0.329353,0.332094,0.333317,0.333319,0.333320,0.333324,0.333335,0.333335,0.333335,0.333337,0.333339,0.333340,0.333342,0.333345,0.333346,0.333348,0.333351,0.333351,0.333356,0.333373,0.776042,
0.235554,0.244776,0.247295,0.268541,0.278292,0.286085,0.300148,0.303944,0.307594,0.307624,0.313247,0.314298,0.321204,0.324700,0.325529,0.330752,0.332134,0.332708,0.333305,0.333322,0.333325,0.333330,0.333334,0.333336,0.333338,0.333339,0.333340,0.333342,0.333344,0.333348,0.333358,0.333359,0.333362,0.333366,0.333370,0.333372,0.333392,0.333404,0.333484,0.775940,
0.238767,0.238817,0.240507,0.248781,0.253588,0.256838,0.263485,0.266979,0.271848,0.306395,0.318364,0.318381,0.318384,0.318389,0.323838,0.324689,0.326331,0.330760,0.331436,0.333307,0.333308,0.333310,0.333312,0.333320,0.333329,0.333331,0.333334,0.333337,0.333338,0.333338,0.333339,0.333341,0.333344,0.333345,0.333347,0.333347,0.333358,0.333360,0.333382,0.776011,
0.238425,0.266905,0.275149,0.276757,0.298839,0.311062,0.312165,0.313231,0.317380,0.317386,0.321230,0.326337,0.327124,0.332087,0.332712,0.332715,0.332716,0.333320,0.333322,0.333324,0.333327,0.333335,0.333336,0.333337,0.333337,0.333338,0.333339,0.333341,0.333342,0.333343,0.333348,0.333352,0.333357,0.333364,0.333366,0.333373,0.333381,0.333452,0.333461,0.775890,
0.222968,0.236209,0.248836,0.261547,0.266856,0.271891,0.281459,0.289097,0.296138,0.308792,0.312148,0.314323,0.321207,0.321218,0.323853,0.326319,0.327883,0.330072,0.333305,0.333307,0.333309,0.333325,0.333325,0.333326,0.333326,0.333330,0.333333,0.333334,0.333334,0.333337,0.333338,0.333340,0.333340,0.333341,0.333343,0.333345,0.333351,0.333361,0.333369,0.777209,
0.268559,0.286055,0.286076,0.294769,0.294788,0.296198,0.303968,0.315366,0.316375,0.316375,0.317422,0.327138,0.327887,0.328625,0.328645,0.333307,0.333310,0.333317,0.333322,0.333324,0.333327,0.333333,0.333335,0.333336,0.333337,0.333337,0.333339,0.333339,0.333340,0.333340,0.333345,0.333352,0.333352,0.333354,0.333355,0.333359,0.333363,0.333785,0.334477,0.775835,
0.250360,0.265202,0.278326,0.283044,0.287525,0.289057,0.291931,0.293342,0.297515,0.300141,0.300157,0.302745,0.303972,0.308771,0.313251,0.315390,0.319348,0.320286,0.322116,0.322983,0.323854,0.324685,0.326320,0.328623,0.328629,0.329355,0.332109,0.333311,0.333316,0.333322,0.333333,0.333334,0.333336,0.333337,0.333341,0.333343,0.333354,0.333357,0.333367,0.776348,
0.260189,0.262604,0.263525,0.276726,0.278312,0.281505,0.289073,0.296173,0.297509,0.300150,0.318377,0.322140,0.328634,0.333308,0.333312,0.333315,0.333324,0.333330,0.333334,0.333334,0.333334,0.333336,0.333336,0.333337,0.333338,0.333338,0.333340,0.333342,0.333343,0.333344,0.333347,0.333348,0.333349,0.333350,0.333350,0.333351,0.333355,0.333356,0.333360,0.775146,
0.238415,0.239395,0.250345,0.275143,0.286083,0.297494,0.305224,0.314347,0.316373,0.318359,0.323843,0.324706,0.325530,0.327882,0.330759,0.333310,0.333317,0.333317,0.333318,0.333319,0.333319,0.333323,0.333324,0.333327,0.333329,0.333331,0.333333,0.333333,0.333335,0.333340,0.333346,0.333349,0.333352,0.333352,0.333356,0.333362,0.333368,0.333370,0.333698,0.774250,
0.236823,0.238847,0.258527,0.271890,0.281482,0.297505,0.302721,0.305206,0.314307,0.317398,0.318389,0.331424,0.332716,0.332780,0.333307,0.333310,0.333316,0.333316,0.333332,0.333333,0.333334,0.333335,0.333336,0.333336,0.333337,0.333338,0.333339,0.333339,0.333341,0.333342,0.333343,0.333345,0.333348,0.333351,0.333351,0.333357,0.333363,0.333380,0.333400,0.776316,
0.242540,0.247292,0.260159,0.270209,0.275172,0.278321,0.284556,0.284594,0.286091,0.289060,0.290495,0.293355,0.307627,0.308772,0.319354,0.322116,0.326313,0.330749,0.330756,0.332711,0.332756,0.333309,0.333312,0.333320,0.333324,0.333332,0.333333,0.333335,0.333338,0.333338,0.333339,0.333345,0.333346,0.333349,0.333351,0.333359,0.333363,0.333406,0.333458,0.776932,
0.247218,0.251021,0.276698,0.281515,0.283023,0.286099,0.287540,0.301466,0.305211,0.309923,0.312155,0.324723,0.327127,0.328629,0.328630,0.328632,0.329345,0.333311,0.333313,0.333317,0.333319,0.333332,0.333334,0.333334,0.333336,0.333339,0.333341,0.333342,0.333347,0.333352,0.333354,0.333356,0.333356,0.333357,0.333360,0.333362,0.333363,0.333371,0.333481,0.777015,
0.273501,0.275075,0.284533,0.297501,0.300163,0.301432,0.302714,0.305247,0.306432,0.308790,0.311039,0.313238,0.314316,0.315361,0.315366,0.315386,0.323843,0.324690,0.327904,0.328630,0.329371,0.332717,0.333307,0.333309,0.333310,0.333315,0.333333,0.333335,0.333336,0.333337,0.333337,0.333339,0.333345,0.333347,0.333350,0.333356,0.333358,0.333383,0.333537,0.775774,
0.255216,0.258507,0.265215,0.268499,0.281449,0.289056,0.294750,0.294773,0.303993,0.304005,0.305209,0.307635,0.316391,0.317374,0.318369,0.319358,0.321201,0.322093,0.322989,0.330757,0.332086,0.332725,0.333305,0.333309,0.333319,0.333331,0.333334,0.333338,0.333344,0.333346,0.333348,0.333348,0.333349,0.333350,0.333351,0.333351,0.333353,0.333356,0.333363,0.775891,
0.251010,0.255220,0.258521,0.265193,0.283038,0.286066,0.287550,0.293377,0.296133,0.296169,0.298864,0.306430,0.308782,0.321214,0.326337,0.330751,0.333316,0.333318,0.333319,0.333321,0.333324,0.333333,0.333335,0.333338,0.333339,0.333340,0.333342,0.333343,0.333343,0.333346,0.333348,0.333348,0.333352,0.333355,0.333359,0.333361,0.333367,0.333371,0.333376,0.775678,
0.241739,0.247648,0.250348,0.261838,0.261869,0.278308,0.281467,0.283022,0.286073,0.289025,0.296116,0.303970,0.316394,0.317592,0.318413,0.321220,0.323000,0.323849,0.324702,0.330746,0.331421,0.331441,0.332083,0.333306,0.333309,0.333310,0.333319,0.333327,0.333331,0.333334,0.333337,0.333338,0.333339,0.333339,0.333343,0.333344,0.333347,0.333348,0.333352,0.775570,
0.235905,0.237537,0.256893,0.275078,0.279909,0.279925,0.296152,0.308786,0.313273,0.321211,0.323882,0.324699,0.325525,0.327866,0.330756,0.332117,0.333316,0.333319,0.333329,0.333334,0.333335,0.333335,0.333335,0.333337,0.333337,0.333338,0.333338,0.333340,0.333343,0.333349,0.333351,0.333353,0.333357,0.333358,0.333358,0.333359,0.333378,0.333389,0.333519,0.776784,
0.236013,0.236760,0.240561,0.243027,0.255241,0.260161,0.263506,0.287578,0.294767,0.296244,0.306412,0.313247,0.315363,0.317409,0.319316,0.320286,0.321194,0.323851,0.327882,0.328627,0.330062,0.330758,0.332791,0.333307,0.333310,0.333312,0.333330,0.333332,0.333333,0.333334,0.333335,0.333336,0.333337,0.333338,0.333345,0.333346,0.333352,0.333359,0.333362,0.775942,
0.239391,0.258505,0.261861,0.271858,0.281456,0.287606,0.289056,0.291945,0.296135,0.301467,0.306417,0.309917,0.309924,0.313240,0.318393,0.328632,0.332077,0.332721,0.333310,0.333311,0.333329,0.333332,0.333333,0.333334,0.333335,0.333336,0.333339,0.333341,0.333342,0.333343,0.333345,0.333348,0.333357,0.333362,0.333369,0.333375,0.333387,0.333406,0.333428,0.775067,
0.250306,0.261842,0.265169,0.271871,0.276765,0.283040,0.286057,0.290524,0.291957,0.311052,0.316376,0.317393,0.320297,0.321209,0.322098,0.322103,0.323848,0.327099,0.329361,0.330054,0.332714,0.333306,0.333307,0.333308,0.333313,0.333320,0.333324,0.333326,0.333334,0.333335,0.333336,0.333342,0.333344,0.333346,0.333348,0.333351,0.333352,0.333373,0.333396,0.775514,
0.235647,0.236149,0.250326,0.258504,0.291986,0.298834,0.307642,0.311093,0.312144,0.312169,0.316373,0.317408,0.320281,0.321199,0.323017,0.323858,0.329353,0.330781,0.332717,0.333306,0.333320,0.333322,0.333325,0.333332,0.333334,0.333337,0.333337,0.333340,0.333340,0.333340,0.333341,0.333343,0.333343,0.333354,0.333356,0.333357,0.333359,0.333363,0.333364,0.776373,
0.235786,0.247329,0.260176,0.273496,0.278288,0.287550,0.289084,0.291942,0.291960,0.291966,0.293345,0.293355,0.296139,0.305183,0.308784,0.316379,0.317401,0.319342,0.325518,0.327117,0.327882,0.329360,0.330093,0.333314,0.333325,0.333327,0.333330,0.333336,0.333336,0.333336,0.333337,0.333339,0.333339,0.333343,0.333345,0.333347,0.333372,0.333379,0.333419,0.775902,
0.260164,0.275093,0.290496,0.296137,0.297492,0.311055,0.311071,0.313255,0.317396,0.323859,0.327119,0.327128,0.327886,0.328644,0.333306,0.333306,0.333322,0.333324,0.333325,0.333328,0.333331,0.333335,0.333336,0.333338,0.333338,0.333339,0.333342,0.333346,0.333347,0.333352,0.333352,0.333353,0.333354,0.333356,0.333360,0.333362,0.333372,0.333382,0.333413,0.774718,
0.255197,0.261900,0.294790,0.296139,0.300118,0.301441,0.305216,0.305225,0.307611,0.308779,0.308791,0.323848,0.324697,0.328629,0.329351,0.330756,0.331420,0.332754,0.333307,0.333314,0.333316,0.333316,0.333324,0.333329,0.333331,0.333335,0.333336,0.333337,0.333337,0.333339,0.333340,0.333341,0.333342,0.333345,0.333345,0.333351,0.333352,0.333354,0.333357,0.774608,
0.237459,0.245776,0.268548,0.279901,0.296126,0.297509,0.298830,0.305236,0.306414,0.307606,0.312189,0.319324,0.319355,0.322113,0.323019,0.326341,0.328629,0.331420,0.331436,0.331441,0.332720,0.333317,0.333322,0.333327,0.333328,0.333330,0.333330,0.333330,0.333334,0.333335,0.333335,0.333335,0.333336,0.333336,0.333336,0.333346,0.333347,0.333348,0.333352,0.775572,
