0.000000,0.000000,0.000000,0.000000,0.000000,0.000000,0.000000,0.000000,0.000000,0.000000,0.000000,0.000000,0.000000,0.000000,0.000000,0.000000,0.000000,0.000000,0.000000,0.000000,0.000000,0.000000,0.000000,0.000000,0.000000,0.000000,0.000000,0.000000,0.000000,0.000000,0.000000,0.000000,0.000000,0.000000,0.000000,0.000000,0.000000,0.000000,0.000000,0.000000,
0.000000,5000.000000,5000.000000,5000.000000,5000.000000,5000.000000,5000.000000,5000.000000,5000.000000,5000.000000,5000.000000,5000.000000,5000.000000,5000.000000,5000.000000,5000.000000,5000.000000,5000.000000,5000.000000,5000.000000,5000.000000,5000.000000,5000.000000,5000.000000,5000.000000,5000.000000,5000.000000,5000.000000,5000.000000,5000.000000,5000.000000,5000.000000,5000.000000,5000.000000,5000.000000,5000.000000,5000.000000,5000.000000,5000.000000,5000.000000,
5000.000000,5000.000000,5000.000000,5000.000000,5000.000000,5000.000000,5000.000000,5000.000000,5000.000000,5000.000000,5000.000000,5000.000000,5000.000000,5000.000000,5000.000000,5000.000000,5000.000000,5000.000000,5000.000000,5000.000000,5000.000000,5000.000000,5000.000000,5000.000000,5000.000000,5000.000000,5000.000000,5000.000000,5000.000000,5000.000000,5000.000000,5000.000000,5000.000000,5000.000000,5000.000000,5000.000000,5000.000000,5000.000000,5000.000000,5000.000000,
5000.000000,5000.000000,5000.000000,5000.000000,5000.000000,5000.000000,5000.000000,5000.000000,5000.000000,5000.000000,5000.000000,5000.000000,5000.000000,5000.000000,5000.000000,5000.000000,5000.000000,5000.000000,5000.000000,5000.000000,5000.000000,5000.000000,5000.000000,5000.000000,5000.000000,5000.000000,5000.000000,5000.000000,5000.000000,5000.000000,5000.000000,5000.000000,5000.000000,5000.000000,5000.000000,5000.000000,5000.000000,5000.000000,5000.000000,5000.000000,
5000.000000,5000.000000,5000.000000,5000.000000,5000.000000,5000.000000,5000.000000,5000.000000,5000.000000,5000.000000,5000.000000,5000.000000,5000.000000,5000.000000,5000.000000,5000.000000,5000.000000,5000.000000,5000.000000,5000.000000,5000.000000,5000.000000,5000.000000,5000.000000,5000.000000,5000.000000,5000.000000,5000.000000,5000.000000,5000.000000,5000.000000,5000.000000,5000.000000,5000.000000,5000.000000,5000.000000,5000.000000,5000.000000,5000.000000,5000.000000,
5000.000000,5000.000000,5000.000000,5000.000000,5000.000000,5000.000000,5000.000000,5000.000000,5000.000000,5000.000000,5000.000000,5000.000000,5000.000000,5000.000000,5000.000000,5000.000000,5000.000000,5000.000000,5000.000000,5000.000000,5000.000000,5000.000000,5000.000000,5000.000000,5000.000000,5000.000000,5000.000000,5000.000000,5000.000000,5000.000000,5000.000000,5000.000000,5000.000000,5000.000000,5000.000000,5000.000000,5000.000000,5000.000000,5000.000000,5000.000000,
5000.000000,5000.000000,5000.000000,5000.000000,5000.000000,5000.000000,5000.000000,5000.000000,5000.000000,5000.000000,5000.000000,5000.000000,5000.000000,5000.000000,5000.000000,5000.000000,5000.000000,5000.000000,5000.000000,5000.000000,5000.000000,5000.000000,5000.000000,5000.000000,5000.000000,5000.000000,5000.000000,5000.000000,5000.000000,5000.000000,5000.000000,5000.000000,5000.000000,5000.000000,5000.000000,5000.000000,5000.000000,5000.000000,5000.000000,5000.000000,
5000.000000,5000.000000,5000.000000,5000.000000,5000.000000,5000.000000,5000.000000,5000.000000,5000.000000,5000.000000,5000.000000,5000.000000,5000.000000,5000.000000,5000.000000,5000.000000,5000.000000,5000.000000,5000.000000,5000.000000,5000.000000,5000.000000,5000.000000,5000.000000,5000.000000,5000.000000,5000.000000,5000.000000,5000.000000,5000.000000,5000.000000,5000.000000,5000.000000,5000.000000,5000.000000,5000.000000,5000.000000,5000.000000,5000.000000,5000.000000,
5000.000000,5000.000000,5000.000000,5000.000000,5000.000000,5000.000000,5000.000000,5000.000000,5000.000000,5000.000000,5000.000000,5000.000000,5000.000000,5000.000000,5000.000000,5000.000000,5000.000000,5000.000000,5000.000000,5000.000000,5000.000000,5000.000000,5000.000000,5000.000000,5000.000000,5000.000000,5000.000000,5000.000000,5000.000000,5000.000000,5000.000000,5000.000000,5000.000000,5000.000000,5000.000000,5000.000000,5000.000000,5000.000000,5000.000000,5000.000000,
5000.000000,5000.000000,5000.000000,5000.000000,5000.000000,5000.000000,5000.000000,5000.000000,5000.000000,5000.000000,5000.000000,5000.000000,5000.000000,5000.000000,5000.000000,5000.000000,5000.000000,5000.000000,5000.000000,5000.000000,5000.000000,5000.000000,5000.000000,5000.000000,5000.000000,5000.000000,5000.000000,5000.000000,5000.000000,5000.000000,5000.000000,5000.000000,5000.000000,5000.000000,5000.000000,5000.000000,5000.000000,5000.000000,5000.000000,5000.000000,
3300.000000,5000.000000,5000.000000,5000.000000,5000.000000,5000.000000,5000.000000,5000.000000,5000.000000,5000.000000,5000.000000,5000.000000,5000.000000,5000.000000,5000.000000,5000.000000,5000.000000,5000.000000,5000.000000,5000.000000,5000.000000,5000.000000,5000.000000,5000.000000,5000.000000,5000.000000,5000.000000,5000.000000,5000.000000,5000.000000,5000.000000,5000.000000,5000.000000,5000.000000,5000.000000,5000.000000,5000.000000,5000.000000,5000.000000,5000.000000,
5000.000000,5000.000000,5000.000000,5000.000000,5000.000000,5000.000000,5000.000000,5000.000000,5000.000000,5000.000000,5000.000000,5000.000000,5000.000000,5000.000000,5000.000000,5000.000000,5000.000000,5000.000000,5000.000000,5000.000000,5000.000000,5000.000000,5000.000000,5000.000000,5000.000000,5000.000000,5000.000000,5000.000000,5000.000000,5000.000000,5000.000000,5000.000000,5000.000000,5000.000000,5000.000000,5000.000000,5000.000000,5000.000000,5000.000000,5000.000000,
5000.000000,5000.000000,5000.000000,5000.000000,5000.000000,5000.000000,5000.000000,5000.000000,5000.000000,5000.000000,5000.000000,5000.000000,5000.000000,5000.000000,5000.000000,5000.000000,5000.000000,5000.000000,5000.000000,5000.000000,5000.000000,5000.000000,5000.000000,5000.000000,5000.000000,5000.000000,5000.000000,5000.000000,5000.000000,5000.000000,5000.000000,5000.000000,5000.000000,5000.000000,5000.000000,5000.000000,5000.000000,5000.000000,5000.000000,5000.000000,
5000.000000,5000.000000,5000.000000,5000.000000,5000.000000,5000.000000,5000.000000,5000.000000,5000.000000,5000.000000,5000.000000,5000.000000,5000.000000,5000.000000,5000.000000,5000.000000,5000.000000,5000.000000,5000.000000,5000.000000,5000.000000,5000.000000,5000.000000,5000.000000,5000.000000,5000.000000,5000.000000,5000.000000,5000.000000,5000.000000,5000.000000,5000.000000,5000.000000,5000.000000,5000.000000,5000.000000,5000.000000,5000.000000,5000.000000,5000.000000,
5000.000000,5000.000000,5000.000000,5000.000000,5000.000000,5000.000000,5000.000000,5000.000000,5000.000000,5000.000000,5000.000000,5000.000000,5000.000000,5000.000000,5000.000000,5000.000000,5000.000000,5000.000000,5000.000000,5000.000000,5000.000000,5000.000000,5000.000000,5000.000000,5000.000000,5000.000000,5000.000000,5000.000000,5000.000000,5000.000000,5000.000000,5000.000000,5000.000000,5000.000000,5000.000000,5000.000000,5000.000000,5000.000000,5000.000000,5000.000000,
5000.000000,5000.000000,5000.000000,5000.000000,5000.000000,5000.000000,5000.000000,5000.000000,5000.000000,5000.000000,5000.000000,5000.000000,5000.000000,5000.000000,5000.000000,5000.000000,5000.000000,5000.000000,5000.000000,5000.000000,5000.000000,5000.000000,5000.000000,5000.000000,5000.000000,5000.000000,5000.000000,5000.000000,5000.000000,5000.000000,5000.000000,5000.000000,5000.000000,5000.000000,5000.000000,5000.000000,5000.000000,5000.000000,5000.000000,5000.000000,
5000.000000,5000.000000,5000.000000,5000.000000,5000.000000,5000.000000,5000.000000,5000.000000,5000.000000,5000.000000,5000.000000,5000.000000,5000.000000,5000.000000,5000.000000,5000.000000,5000.000000,5000.000000,5000.000000,5000.000000,5000.000000,5000.000000,5000.000000,5000.000000,5000.000000,5000.000000,5000.000000,5000.000000,5000.000000,5000.000000,5000.000000,5000.000000,5000.000000,5000.000000,5000.000000,5000.000000,5000.000000,5000.000000,5000.000000,5000.000000,
5000.000000,5000.000000,5000.000000,5000.000000,5000.000000,5000.000000,5000.000000,5000.000000,5000.000000,5000.000000,5000.000000,5000.000000,5000.000000,5000.000000,5000.000000,5000.000000,5000.000000,5000.000000,5000.000000,5000.000000,5000.000000,5000.000000,5000.000000,5000.000000,5000.000000,5000.000000,5000.000000,5000.000000,5000.000000,5000.000000,5000.000000,5000.000000,5000.000000,5000.000000,5000.000000,5000.000000,5000.000000,5000.000000,5000.000000,5000.000000,
5000.000000,5000.000000,5000.000000,5000.000000,5000.000000,5000.000000,5000.000000,5000.000000,5000.000000,5000.000000,5000.000000,5000.000000,5000.000000,5000.000000,5000.000000,5000.000000,5000.000000,5000.000000,5000.000000,5000.000000,5000.000000,5000.000000,5000.000000,5000.000000,5000.000000,5000.000000,5000.000000,5000.000000,5000.000000,5000.000000,5000.000000,5000.000000,5000.000000,5000.000000,5000.000000,5000.000000,5000.000000,5000.000000,5000.000000,5000.000000,
5000.000000,5000.000000,5000.000000,5000.000000,5000.000000,5000.000000,5000.000000,5000.000000,5000.000000,5000.000000,5000.000000,5000.000000,5000.000000,5000.000000,5000.000000,5000.000000,5000.000000,5000.000000,5000.000000,5000.000000,5000.000000,5000.000000,5000.000000,5000.000000,5000.000000,5000.000000,5000.000000,5000.000000,5000.000000,5000.000000,5000.000000,5000.000000,5000.000000,5000.000000,5000.000000,5000.000000,5000.000000,5000.000000,5000.000000,5000.000000,
5000.000000,5000.000000,5000.000000,5000.000000,5000.000000,5000.000000,5000.000000,5000.000000,5000.000000,5000.000000,5000.000000,5000.000000,5000.000000,5000.000000,5000.000000,5000.000000,5000.000000,5000.000000,5000.000000,5000.000000,5000.000000,5000.000000,5000.000000,5000.000000,5000.000000,5000.000000,5000.000000,5000.000000,5000.000000,5000.000000,5000.000000,5000.000000,5000.000000,5000.000000,5000.000000,5000.000000,5000.000000,5000.000000,5000.000000,5000.000000,
5000.000000,5000.000000,5000.000000,5000.000000,5000.000000,5000.000000,5000.000000,5000.000000,5000.000000,5000.000000,5000.000000,5000.000000,5000.000000,5000.000000,5000.000000,5000.000000,5000.000000,5000.000000,5000.000000,5000.000000,5000.000000,5000.000000,5000.000000,5000.000000,5000.000000,5000.000000,5000.000000,5000.000000,5000.000000,5000.000000,5000.000000,5000.000000,5000.000000,5000.000000,5000.000000,5000.000000,5000.000000,5000.000000,5000.000000,5000.000000,
5000.000000,5000.000000,5000.000000,5000.000000,5000.000000,5000.000000,5000.000000,5000.000000,5000.000000,5000.000000,5000.000000,5000.000000,5000.000000,5000.000000,5000.000000,5000.000000,5000.000000,5000.000000,5000.000000,5000.000000,5000.000000,5000.000000,5000.000000,5000.000000,5000.000000,5000.000000,5000.000000,5000.000000,5000.000000,5000.000000,5000.000000,5000.000000,5000.000000,5000.000000,5000.000000,5000.000000,5000.000000,5000.000000,5000.000000,5000.000000,
3728.000000,5000.000000,5000.000000,5000.000000,5000.000000,5000.000000,5000.000000,5000.000000,5000.000000,5000.000000,5000.000000,5000.000000,5000.000000,5000.000000,5000.000000,5000.000000,5000.000000,5000.000000,5000.000000,5000.000000,5000.000000,5000.000000,5000.000000,5000.000000,5000.000000,5000.000000,5000.000000,5000.000000,5000.000000,5000.000000,5000.000000,5000.000000,5000.000000,5000.000000,5000.000000,5000.000000,5000.000000,5000.000000,5000.000000,5000.000000,
5000.000000,5000.000000,5000.000000,5000.000000,5000.000000,5000.000000,5000.000000,5000.000000,5000.000000,5000.000000,5000.000000,5000.000000,5000.000000,5000.000000,5000.000000,5000.000000,5000.000000,5000.000000,5000.000000,5000.000000,5000.000000,5000.000000,5000.000000,5000.000000,5000.000000,5000.000000,5000.000000,5000.000000,5000.000000,5000.000000,5000.000000,5000.000000,5000.000000,5000.000000,5000.000000,5000.000000,5000.000000,5000.000000,5000.000000,5000.000000,
5000.000000,5000.000000,5000.000000,5000.000000,5000.000000,5000.000000,5000.000000,5000.000000,5000.000000,5000.000000,5000.000000,5000.000000,5000.000000,5000.000000,5000.000000,5000.000000,5000.000000,5000.000000,5000.000000,5000.000000,5000.000000,5000.000000,5000.000000,5000.000000,5000.000000,5000.000000,5000.000000,5000.000000,5000.000000,5000.000000,5000.000000,5000.000000,5000.000000,5000.000000,5000.000000,5000.000000,5000.000000,5000.000000,5000.000000,5000.000000,
1784.000000,5000.000000,5000.000000,5000.000000,5000.000000,5000.000000,5000.000000,5000.000000,5000.000000,5000.000000,5000.000000,5000.000000,5000.000000,5000.000000,5000.000000,5000.000000,5000.000000,5000.000000,5000.000000,5000.000000,5000.000000,5000.000000,5000.000000,5000.000000,5000.000000,5000.000000,5000.000000,5000.000000,5000.000000,5000.000000,5000.000000,5000.000000,5000.000000,5000.000000,5000.000000,5000.000000,5000.000000,5000.000000,5000.000000,5000.000000,
5000.000000,5000.000000,5000.000000,5000.000000,5000.000000,5000.000000,5000.000000,5000.000000,5000.000000,5000.000000,5000.000000,5000.000000,5000.000000,5000.000000,5000.000000,5000.000000,5000.000000,5000.000000,5000.000000,5000.000000,5000.000000,5000.000000,5000.000000,5000.000000,5000.000000,5000.000000,5000.000000,5000.000000,5000.000000,5000.000000,5000.000000,5000.000000,5000.000000,5000.000000,5000.000000,5000.000000,5000.000000,5000.000000,5000.000000,5000.000000,
5000.000000,5000.000000,5000.000000,5000.000000,5000.000000,5000.000000,5000.000000,5000.000000,5000.000000,5000.000000,5000.000000,5000.000000,5000.000000,5000.000000,5000.000000,5000.000000,5000.000000,5000.000000,5000.000000,5000.000000,5000.000000,5000.000000,5000.000000,5000.000000,5000.000000,5000.000000,5000.000000,5000.000000,5000.000000,5000.000000,5000.000000,5000.000000,5000.000000,5000.000000,5000.000000,5000.000000,5000.000000,5000.000000,5000.000000,5000.000000,
5000.000000,5000.000000,5000.000000,5000.000000,5000.000000,5000.000000,5000.000000,5000.000000,5000.000000,5000.000000,5000.000000,5000.000000,5000.000000,5000.000000,5000.000000,5000.000000,5000.000000,5000.000000,5000.000000,5000.000000,5000.000000,5000.000000,5000.000000,5000.000000,5000.000000,5000.000000,5000.000000,5000.000000,5000.000000,5000.000000,5000.000000,5000.000000,5000.000000,5000.000000,5000.000000,5000.000000,5000.000000,5000.000000,5000.000000,5000.000000,
5000.000000,5000.000000,5000.000000,5000.000000,5000.000000,5000.000000,5000.000000,5000.000000,5000.000000,5000.000000,5000.000000,5000.000000,5000.000000,5000.000000,5000.000000,5000.000000,5000.000000,5000.000000,5000.000000,5000.000000,5000.000000,5000.000000,5000.000000,5000.000000,5000.000000,5000.000000,5000.000000,5000.000000,5000.000000,5000.000000,5000.000000,5000.000000,5000.000000,5000.000000,5000.000000,5000.000000,5000.000000,5000.000000,5000.000000,5000.000000,
5000.000000,5000.000000,5000.000000,5000.000000,5000.000000,5000.000000,5000.000000,5000.000000,5000.000000,5000.000000,5000.000000,5000.000000,5000.000000,5000.000000,5000.000000,5000.000000,5000.000000,5000.000000,5000.000000,5000.000000,5000.000000,5000.000000,5000.000000,5000.000000,5000.000000,5000.000000,5000.000000,5000.000000,5000.000000,5000.000000,5000.000000,5000.000000,5000.000000,5000.000000,5000.000000,5000.000000,5000.000000,5000.000000,5000.000000,5000.000000,
5000.000000,5000.000000,5000.000000,5000.000000,5000.000000,5000.000000,5000.000000,5000.000000,5000.000000,5000.000000,5000.000000,5000.000000,5000.000000,5000.000000,5000.000000,5000.000000,5000.000000,5000.000000,5000.000000,5000.000000,5000.000000,5000.000000,5000.000000,5000.000000,5000.000000,5000.000000,5000.000000,5000.000000,5000.000000,5000.000000,5000.000000,5000.000000,5000.000000,5000.000000,5000.000000,5000.000000,5000.000000,5000.000000,5000.000000,5000.000000,
3509.000000,5000.000000,5000.000000,5000.000000,5000.000000,5000.000000,5000.000000,5000.000000,5000.000000,5000.000000,5000.000000,5000.000000,5000.000000,5000.000000,5000.000000,5000.000000,5000.000000,5000.000000,5000.000000,5000.000000,5000.000000,5000.000000,5000.000000,5000.000000,5000.000000,5000.000000,5000.000000,5000.000000,5000.000000,5000.000000,5000.000000,5000.000000,5000.000000,5000.000000,5000.000000,5000.000000,5000.000000,5000.000000,5000.000000,5000.000000,
5000.000000,5000.000000,5000.000000,5000.000000,5000.000000,5000.000000,5000.000000,5000.000000,5000.000000,5000.000000,5000.000000,5000.000000,5000.000000,5000.000000,5000.000000,5000.000000,5000.000000,5000.000000,5000.000000,5000.000000,5000.000000,5000.000000,5000.000000,5000.000000,5000.000000,5000.000000,5000.000000,5000.000000,5000.000000,5000.000000,5000.000000,5000.000000,5000.000000,5000.000000,5000.000000,5000.000000,5000.000000,5000.000000,5000.000000,5000.000000,
5000.000000,5000.000000,5000.000000,5000.000000,5000.000000,5000.000000,5000.000000,5000.000000,5000.000000,5000.000000,5000.000000,5000.000000,5000.000000,5000.000000,5000.000000,5000.000000,5000.000000,5000.000000,5000.000000,5000.000000,5000.000000,5000.000000,5000.000000,5000.000000,5000.000000,5000.000000,5000.000000,5000.000000,5000.000000,5000.000000,5000.000000,5000.000000,5000.000000,5000.000000,5000.000000,5000.000000,5000.000000,5000.000000,5000.000000,5000.000000,
5000.000000,5000.000000,5000.000000,5000.000000,5000.000000,5000.000000,5000.000000,5000.000000,5000.000000,5000.000000,5000.000000,5000.000000,5000.000000,5000.000000,5000.000000,5000.000000,5000.000000,5000.000000,5000.000000,5000.000000,5000.000000,5000.000000,5000.000000,5000.000000,5000.000000,5000.000000,5000.000000,5000.000000,5000.000000,5000.000000,5000.000000,5000.000000,5000.000000,5000.000000,5000.000000,5000.000000,5000.000000,5000.000000,5000.000000,5000.000000,
5000.000000,5000.000000,5000.000000,5000.000000,5000.000000,5000.000000,5000.000000,5000.000000,5000.000000,5000.000000,5000.000000,5000.000000,5000.000000,5000.000000,5000.000000,5000.000000,5000.000000,5000.000000,5000.000000,5000.000000,5000.000000,5000.000000,5000.000000,5000.000000,5000.000000,5000.000000,5000.000000,5000.000000,5000.000000,5000.000000,5000.000000,5000.000000,5000.000000,5000.000000,5000.000000,5000.000000,5000.000000,5000.000000,5000.000000,5000.000000,
2.000000,5000.000000,5000.000000,5000.000000,5000.000000,5000.000000,5000.000000,5000.000000,5000.000000,5000.000000,5000.000000,5000.000000,5000.000000,5000.000000,5000.000000,5000.000000,5000.000000,5000.000000,5000.000000,5000.000000,5000.000000,5000.000000,5000.000000,5000.000000,5000.000000,5000.000000,5000.000000,5000.000000,5000.000000,5000.000000,5000.000000,5000.000000,5000.000000,5000.000000,5000.000000,5000.000000,5000.000000,5000.000000,5000.000000,5000.000000,
5000.000000,5000.000000,5000.000000,5000.000000,5000.000000,5000.000000,5000.000000,5000.000000,5000.000000,5000.000000,5000.000000,5000.000000,5000.000000,5000.000000,5000.000000,5000.000000,5000.000000,5000.000000,5000.000000,5000.000000,5000.000000,5000.000000,5000.000000,5000.000000,5000.000000,5000.000000,5000.000000,5000.000000,5000.000000,5000.000000,5000.000000,5000.000000,5000.000000,5000.000000,5000.000000,5000.000000,5000.000000,5000.000000,5000.000000,5000.000000,
5000.000000,5000.000000,5000.000000,5000.000000,5000.000000,5000.000000,5000.000000,5000.000000,5000.000000,5000.000000,5000.000000,5000.000000,5000.000000,5000.000000,5000.000000,5000.000000,5000.000000,5000.000000,5000.000000,5000.000000,5000.000000,5000.000000,5000.000000,5000.000000,5000.000000,5000.000000,5000.000000,5000.000000,5000.000000,5000.000000,5000.000000,5000.000000,5000.000000,5000.000000,5000.000000,5000.000000,5000.000000,5000.000000,5000.000000,5000.000000,
2.000000,5000.000000,5000.000000,5000.000000,5000.000000,5000.000000,5000.000000,5000.000000,5000.000000,5000.000000,5000.000000,5000.000000,5000.000000,5000.000000,5000.000000,5000.000000,5000.000000,5000.000000,5000.000000,5000.000000,5000.000000,5000.000000,5000.000000,5000.000000,5000.000000,5000.000000,5000.000000,5000.000000,5000.000000,5000.000000,5000.000000,5000.000000,5000.000000,5000.000000,5000.000000,5000.000000,5000.000000,5000.000000,5000.000000,5000.000000,
5000.000000,5000.000000,5000.000000,5000.000000,5000.000000,5000.000000,5000.000000,5000.000000,5000.000000,5000.000000,5000.000000,5000.000000,5000.000000,5000.000000,5000.000000,5000.000000,5000.000000,5000.000000,5000.000000,5000.000000,5000.000000,5000.000000,5000.000000,5000.000000,5000.000000,5000.000000,5000.000000,5000.000000,5000.000000,5000.000000,5000.000000,5000.000000,5000.000000,5000.000000,5000.000000,5000.000000,5000.000000,5000.000000,5000.000000,5000.000000,
3245.000000,5000.000000,5000.000000,5000.000000,5000.000000,5000.000000,5000.000000,5000.000000,5000.000000,5000.000000,5000.000000,5000.000000,5000.000000,5000.000000,5000.000000,5000.000000,5000.000000,5000.000000,5000.000000,5000.000000,5000.000000,5000.000000,5000.000000,5000.000000,5000.000000,5000.000000,5000.000000,5000.000000,5000.000000,5000.000000,5000.000000,5000.000000,5000.000000,5000.000000,5000.000000,5000.000000,5000.000000,5000.000000,5000.000000,5000.000000,
3885.000000,5000.000000,5000.000000,5000.000000,5000.000000,5000.000000,5000.000000,5000.000000,5000.000000,5000.000000,5000.000000,5000.000000,5000.000000,5000.000000,5000.000000,5000.000000,5000.000000,5000.000000,5000.000000,5000.000000,5000.000000,5000.000000,5000.000000,5000.000000,5000.000000,5000.000000,5000.000000,5000.000000,5000.000000,5000.000000,5000.000000,5000.000000,5000.000000,5000.000000,5000.000000,5000.000000,5000.000000,5000.000000,5000.000000,5000.000000,
5000.000000,5000.000000,5000.000000,5000.000000,5000.000000,5000.000000,5000.000000,5000.000000,5000.000000,5000.000000,5000.000000,5000.000000,5000.000000,5000.000000,5000.000000,5000.000000,5000.000000,5000.000000,5000.000000,5000.000000,5000.000000,5000.000000,5000.000000,5000.000000,5000.000000,5000.000000,5000.000000,5000.000000,5000.000000,5000.000000,5000.000000,5000.000000,5000.000000,5000.000000,5000.000000,5000.000000,5000.000000,5000.000000,5000.000000,5000.000000,
5000.000000,5000.000000,5000.000000,5000.000000,5000.000000,5000.000000,5000.000000,5000.000000,5000.000000,5000.000000,5000.000000,5000.000000,5000.000000,5000.000000,5000.000000,5000.000000,5000.000000,5000.000000,5000.000000,5000.000000,5000.000000,5000.000000,5000.000000,5000.000000,5000.000000,5000.000000,5000.000000,5000.000000,5000.000000,5000.000000,5000.000000,5000.000000,5000.000000,5000.000000,5000.000000,5000.000000,5000.000000,5000.000000,5000.000000,5000.000000,
5000.000000,5000.000000,5000.000000,5000.000000,5000.000000,5000.000000,5000.000000,5000.000000,5000.000000,5000.000000,5000.000000,5000.000000,5000.000000,5000.000000,5000.000000,5000.000000,5000.000000,5000.000000,5000.000000,5000.000000,5000.000000,5000.000000,5000.000000,5000.000000,5000.000000,5000.000000,5000.000000,5000.000000,5000.000000,5000.000000,5000.000000,5000.000000,5000.000000,5000.000000,5000.000000,5000.000000,5000.000000,5000.000000,5000.000000,5000.000000,
5000.000000,5000.000000,5000.000000,5000.000000,5000.000000,5000.000000,5000.000000,5000.000000,5000.000000,5000.000000,5000.000000,5000.000000,5000.000000,5000.000000,5000.000000,5000.000000,5000.000000,5000.000000,5000.000000,5000.000000,5000.000000,5000.000000,5000.000000,5000.000000,5000.000000,5000.000000,5000.000000,5000.000000,5000.000000,5000.000000,5000.000000,5000.000000,5000.000000,5000.000000,5000.000000,5000.000000,5000.000000,5000.000000,5000.000000,5000.000000,
5000.000000,5000.000000,5000.000000,5000.000000,5000.000000,5000.000000,5000.000000,5000.000000,5000.000000,5000.000000,5000.000000,5000.000000,5000.000000,5000.000000,5000.000000,5000.000000,5000.000000,5000.000000,5000.000000,5000.000000,5000.000000,5000.000000,5000.000000,5000.000000,5000.000000,5000.000000,5000.000000,5000.000000,5000.000000,5000.000000,5000.000000,5000.000000,5000.000000,5000.000000,5000.000000,5000.000000,5000.000000,5000.000000,5000.000000,5000.000000,
5000.000000,5000.000000,5000.000000,5000.000000,5000.000000,5000.000000,5000.000000,5000.000000,5000.000000,5000.000000,5000.000000,5000.000000,5000.000000,5000.000000,5000.000000,5000.000000,5000.000000,5000.000000,5000.000000,5000.000000,5000.000000,5000.000000,5000.000000,5000.000000,5000.000000,5000.000000,5000.000000,5000.000000,5000.000000,5000.000000,5000.000000,5000.000000,5000.000000,5000.000000,5000.000000,5000.000000,5000.000000,5000.000000,5000.000000,5000.000000,
5000.000000,5000.000000,5000.000000,5000.000000,5000.000000,5000.000000,5000.000000,5000.000000,5000.000000,5000.000000,5000.000000,5000.000000,5000.000000,5000.000000,5000.000000,5000.000000,5000.000000,5000.000000,5000.000000,5000.000000,5000.000000,5000.000000,5000.000000,5000.000000,5000.000000,5000.000000,5000.000000,5000.000000,5000.000000,5000.000000,5000.000000,5000.000000,5000.000000,5000.000000,5000.000000,5000.000000,5000.000000,5000.000000,5000.000000,5000.000000,
5000.000000,5000.000000,5000.000000,5000.000000,5000.000000,5000.000000,5000.000000,5000.000000,5000.000000,5000.000000,5000.000000,5000.000000,5000.000000,5000.000000,5000.000000,5000.000000,5000.000000,5000.000000,5000.000000,5000.000000,5000.000000,5000.000000,5000.000000,5000.000000,5000.000000,5000.000000,5000.000000,5000.000000,5000.000000,5000.000000,5000.000000,5000.000000,5000.000000,5000.000000,5000.000000,5000.000000,5000.000000,5000.000000,5000.000000,5000.000000,
3331.000000,5000.000000,5000.000000,5000.000000,5000.000000,5000.000000,5000.000000,5000.000000,5000.000000,5000.000000,5000.000000,5000.000000,5000.000000,5000.000000,5000.000000,5000.000000,5000.000000,5000.000000,5000.000000,5000.000000,5000.000000,5000.000000,5000.000000,5000.000000,5000.000000,5000.000000,5000.000000,5000.000000,5000.000000,5000.000000,5000.000000,5000.000000,5000.000000,5000.000000,5000.000000,5000.000000,5000.000000,5000.000000,5000.000000,5000.000000,
2.000000,5000.000000,5000.000000,5000.000000,5000.000000,5000.000000,5000.000000,5000.000000,5000.000000,5000.000000,5000.000000,5000.000000,5000.000000,5000.000000,5000.000000,5000.000000,5000.000000,5000.000000,5000.000000,5000.000000,5000.000000,5000.000000,5000.000000,5000.000000,5000.000000,5000.000000,5000.000000,5000.000000,5000.000000,5000.000000,5000.000000,5000.000000,5000.000000,5000.000000,5000.000000,5000.000000,5000.000000,5000.000000,5000.000000,5000.000000,
5000.000000,5000.000000,5000.000000,5000.000000,5000.000000,5000.000000,5000.000000,5000.000000,5000.000000,5000.000000,5000.000000,5000.000000,5000.000000,5000.000000,5000.000000,5000.000000,5000.000000,5000.000000,5000.000000,5000.000000,5000.000000,5000.000000,5000.000000,5000.000000,5000.000000,5000.000000,5000.000000,5000.000000,5000.000000,5000.000000,5000.000000,5000.000000,5000.000000,5000.000000,5000.000000,5000.000000,5000.000000,5000.000000,5000.000000,5000.000000,
5000.000000,5000.000000,5000.000000,5000.000000,5000.000000,5000.000000,5000.000000,5000.000000,5000.000000,5000.000000,5000.000000,5000.000000,5000.000000,5000.000000,5000.000000,5000.000000,5000.000000,5000.000000,5000.000000,5000.000000,5000.000000,5000.000000,5000.000000,5000.000000,5000.000000,5000.000000,5000.000000,5000.000000,5000.000000,5000.000000,5000.000000,5000.000000,5000.000000,5000.000000,5000.000000,5000.000000,5000.000000,5000.000000,5000.000000,5000.000000,
5000.000000,5000.000000,5000.000000,5000.000000,5000.000000,5000.000000,5000.000000,5000.000000,5000.000000,5000.000000,5000.000000,5000.000000,5000.000000,5000.000000,5000.000000,5000.000000,5000.000000,5000.000000,5000.000000,5000.000000,5000.000000,5000.000000,5000.000000,5000.000000,5000.000000,5000.000000,5000.000000,5000.000000,5000.000000,5000.000000,5000.000000,5000.000000,5000.000000,5000.000000,5000.000000,5000.000000,5000.000000,5000.000000,5000.000000,5000.000000,
5000.000000,5000.000000,5000.000000,5000.000000,5000.000000,5000.000000,5000.000000,5000.000000,5000.000000,5000.000000,5000.000000,5000.000000,5000.000000,5000.000000,5000.000000,5000.000000,5000.000000,5000.000000,5000.000000,5000.000000,5000.000000,5000.000000,5000.000000,5000.000000,5000.000000,5000.000000,5000.000000,5000.000000,5000.000000,5000.000000,5000.000000,5000.000000,5000.000000,5000.000000,5000.000000,5000.000000,5000.000000,5000.000000,5000.000000,5000.000000,
5000.000000,5000.000000,5000.000000,5000.000000,5000.000000,5000.000000,5000.000000,5000.000000,5000.000000,5000.000000,5000.000000,5000.000000,5000.000000,5000.000000,5000.000000,5000.000000,5000.000000,5000.000000,5000.000000,5000.000000,5000.000000,5000.000000,5000.000000,5000.000000,5000.000000,5000.000000,5000.000000,5000.000000,5000.000000,5000.000000,5000.000000,5000.000000,5000.000000,5000.000000,5000.000000,5000.000000,5000.000000,5000.000000,5000.000000,5000.000000,
5000.000000,5000.000000,5000.000000,5000.000000,5000.000000,5000.000000,5000.000000,5000.000000,5000.000000,5000.000000,5000.000000,5000.000000,5000.000000,5000.000000,5000.000000,5000.000000,5000.000000,5000.000000,5000.000000,5000.000000,5000.000000,5000.000000,5000.000000,5000.000000,5000.000000,5000.000000,5000.000000,5000.000000,5000.000000,5000.000000,5000.000000,5000.000000,5000.000000,5000.000000,5000.000000,5000.000000,5000.000000,5000.000000,5000.000000,5000.000000,
5000.000000,5000.000000,5000.000000,5000.000000,5000.000000,5000.000000,5000.000000,5000.000000,5000.000000,5000.000000,5000.000000,5000.000000,5000.000000,5000.000000,5000.000000,5000.000000,5000.000000,5000.000000,5000.000000,5000.000000,5000.000000,5000.000000,5000.000000,5000.000000,5000.000000,5000.000000,5000.000000,5000.000000,5000.000000,5000.000000,5000.000000,5000.000000,5000.000000,5000.000000,5000.000000,5000.000000,5000.000000,5000.000000,5000.000000,5000.000000,
5000.000000,5000.000000,5000.000000,5000.000000,5000.000000,5000.000000,5000.000000,5000.000000,5000.000000,5000.000000,5000.000000,5000.000000,5000.000000,5000.000000,5000.000000,5000.000000,5000.000000,5000.000000,5000.000000,5000.000000,5000.000000,5000.000000,5000.000000,5000.000000,5000.000000,5000.000000,5000.000000,5000.000000,5000.000000,5000.000000,5000.000000,5000.000000,5000.000000,5000.000000,5000.000000,5000.000000,5000.000000,5000.000000,5000.000000,5000.000000,
5000.000000,5000.000000,5000.000000,5000.000000,5000.000000,5000.000000,5000.000000,5000.000000,5000.000000,5000.000000,5000.000000,5000.000000,5000.000000,5000.000000,5000.000000,5000.000000,5000.000000,5000.000000,5000.000000,5000.000000,5000.000000,5000.000000,5000.000000,5000.000000,5000.000000,5000.000000,5000.000000,5000.000000,5000.000000,5000.000000,5000.000000,5000.000000,5000.000000,5000.000000,5000.000000,5000.000000,5000.000000,5000.000000,5000.000000,5000.000000,
5000.000000,5000.000000,5000.000000,5000.000000,5000.000000,5000.000000,5000.000000,5000.000000,5000.000000,5000.000000,5000.000000,5000.000000,5000.000000,5000.000000,5000.000000,5000.000000,5000.000000,5000.000000,5000.000000,5000.000000,5000.000000,5000.000000,5000.000000,5000.000000,5000.000000,5000.000000,5000.000000,5000.000000,5000.000000,5000.000000,5000.000000,5000.000000,5000.000000,5000.000000,5000.000000,5000.000000,5000.000000,5000.000000,5000.000000,5000.000000,
5000.000000,5000.000000,5000.000000,5000.000000,5000.000000,5000.000000,5000.000000,5000.000000,5000.000000,5000.000000,5000.000000,5000.000000,5000.000000,5000.000000,5000.000000,5000.000000,5000.000000,5000.000000,5000.000000,5000.000000,5000.000000,5000.000000,5000.000000,5000.000000,5000.000000,5000.000000,5000.000000,5000.000000,5000.000000,5000.000000,5000.000000,5000.000000,5000.000000,5000.000000,5000.000000,5000.000000,5000.000000,5000.000000,5000.000000,5000.000000,
2.000000,5000.000000,5000.000000,5000.000000,5000.000000,5000.000000,5000.000000,5000.000000,5000.000000,5000.000000,5000.000000,5000.000000,5000.000000,5000.000000,5000.000000,5000.000000,5000.000000,5000.000000,5000.000000,5000.000000,5000.000000,5000.000000,5000.000000,5000.000000,5000.000000,5000.000000,5000.000000,5000.000000,5000.000000,5000.000000,5000.000000,5000.000000,5000.000000,5000.000000,5000.000000,5000.000000,5000.000000,5000.000000,5000.000000,5000.000000,
5000.000000,5000.000000,5000.000000,5000.000000,5000.000000,5000.000000,5000.000000,5000.000000,5000.000000,5000.000000,5000.000000,5000.000000,5000.000000,5000.000000,5000.000000,5000.000000,5000.000000,5000.000000,5000.000000,5000.000000,5000.000000,5000.000000,5000.000000,5000.000000,5000.000000,5000.000000,5000.000000,5000.000000,5000.000000,5000.000000,5000.000000,5000.000000,5000.000000,5000.000000,5000.000000,5000.000000,5000.000000,5000.000000,5000.000000,5000.000000,
5000.000000,5000.000000,5000.000000,5000.000000,5000.000000,5000.000000,5000.000000,5000.000000,5000.000000,5000.000000,5000.000000,5000.000000,5000.000000,5000.000000,5000.000000,5000.000000,5000.000000,5000.000000,5000.000000,5000.000000,5000.000000,5000.000000,5000.000000,5000.000000,5000.000000,5000.000000,5000.000000,5000.000000,5000.000000,5000.000000,5000.000000,5000.000000,5000.000000,5000.000000,5000.000000,5000.000000,5000.000000,5000.000000,5000.000000,5000.000000,
5000.000000,5000.000000,5000.000000,5000.000000,5000.000000,5000.000000,5000.000000,5000.000000,5000.000000,5000.000000,5000.000000,5000.000000,5000.000000,5000.000000,5000.000000,5000.000000,5000.000000,5000.000000,5000.000000,5000.000000,5000.000000,5000.000000,5000.000000,5000.000000,5000.000000,5000.000000,5000.000000,5000.000000,5000.000000,5000.000000,5000.000000,5000.000000,5000.000000,5000.000000,5000.000000,5000.000000,5000.000000,5000.000000,5000.000000,5000.000000,
5000.000000,5000.000000,5000.000000,5000.000000,5000.000000,5000.000000,5000.000000,5000.000000,5000.000000,5000.000000,5000.000000,5000.000000,5000.000000,5000.000000,5000.000000,5000.000000,5000.000000,5000.000000,5000.000000,5000.000000,5000.000000,5000.000000,5000.000000,5000.000000,5000.000000,5000.000000,5000.000000,5000.000000,5000.000000,5000.000000,5000.000000,5000.000000,5000.000000,5000.000000,5000.000000,5000.000000,5000.000000,5000.000000,5000.000000,5000.000000,
5000.000000,5000.000000,5000.000000,5000.000000,5000.000000,5000.000000,5000.000000,5000.000000,5000.000000,5000.000000,5000.000000,5000.000000,5000.000000,5000.000000,5000.000000,5000.000000,5000.000000,5000.000000,5000.000000,5000.000000,5000.000000,5000.000000,5000.000000,5000.000000,5000.000000,5000.000000,5000.000000,5000.000000,5000.000000,5000.000000,5000.000000,5000.000000,5000.000000,5000.000000,5000.000000,5000.000000,5000.000000,5000.000000,5000.000000,5000.000000,
5000.000000,5000.000000,5000.000000,5000.000000,5000.000000,5000.000000,5000.000000,5000.000000,5000.000000,5000.000000,5000.000000,5000.000000,5000.000000,5000.000000,5000.000000,5000.000000,5000.000000,5000.000000,5000.000000,5000.000000,5000.000000,5000.000000,5000.000000,5000.000000,5000.000000,5000.000000,5000.000000,5000.000000,5000.000000,5000.000000,5000.000000,5000.000000,5000.000000,5000.000000,5000.000000,5000.000000,5000.000000,5000.000000,5000.000000,5000.000000,
5000.000000,5000.000000,5000.000000,5000.000000,5000.000000,5000.000000,5000.000000,5000.000000,5000.000000,5000.000000,5000.000000,5000.000000,5000.000000,5000.000000,5000.000000,5000.000000,5000.000000,5000.000000,5000.000000,5000.000000,5000.000000,5000.000000,5000.000000,5000.000000,5000.000000,5000.000000,5000.000000,5000.000000,5000.000000,5000.000000,5000.000000,5000.000000,5000.000000,5000.000000,5000.000000,5000.000000,5000.000000,5000.000000,5000.000000,5000.000000,
5000.000000,5000.000000,5000.000000,5000.000000,5000.000000,5000.000000,5000.000000,5000.000000,5000.000000,5000.000000,5000.000000,5000.000000,5000.000000,5000.000000,5000.000000,5000.000000,5000.000000,5000.000000,5000.000000,5000.000000,5000.000000,5000.000000,5000.000000,5000.000000,5000.000000,5000.000000,5000.000000,5000.000000,5000.000000,5000.000000,5000.000000,5000.000000,5000.000000,5000.000000,5000.000000,5000.000000,5000.000000,5000.000000,5000.000000,5000.000000,
5000.000000,5000.000000,5000.000000,5000.000000,5000.000000,5000.000000,5000.000000,5000.000000,5000.000000,5000.000000,5000.000000,5000.000000,5000.000000,5000.000000,5000.000000,5000.000000,5000.000000,5000.000000,5000.000000,5000.000000,5000.000000,5000.000000,5000.000000,5000.000000,5000.000000,5000.000000,5000.000000,5000.000000,5000.000000,5000.000000,5000.000000,5000.000000,5000.000000,5000.000000,5000.000000,5000.000000,5000.000000,5000.000000,5000.000000,5000.000000,
5000.000000,5000.000000,5000.000000,5000.000000,5000.000000,5000.000000,5000.000000,5000.000000,5000.000000,5000.000000,5000.000000,5000.000000,5000.000000,5000.000000,5000.000000,5000.000000,5000.000000,5000.000000,5000.000000,5000.000000,5000.000000,5000.000000,5000.000000,5000.000000,5000.000000,5000.000000,5000.000000,5000.000000,5000.000000,5000.000000,5000.000000,5000.000000,5000.000000,5000.000000,5000.000000,5000.000000,5000.000000,5000.000000,5000.000000,5000.000000,
5000.000000,5000.000000,5000.000000,5000.000000,5000.000000,5000.000000,5000.000000,5000.000000,5000.000000,5000.000000,5000.000000,5000.000000,5000.000000,5000.000000,5000.000000,5000.000000,5000.000000,5000.000000,5000.000000,5000.000000,5000.000000,5000.000000,5000.000000,5000.000000,5000.000000,5000.000000,5000.000000,5000.000000,5000.000000,5000.000000,5000.000000,5000.000000,5000.000000,5000.000000,5000.000000,5000.000000,5000.000000,5000.000000,5000.000000,5000.000000,
5000.000000,5000.000000,5000.000000,5000.000000,5000.000000,5000.000000,5000.000000,5000.000000,5000.000000,5000.000000,5000.000000,5000.000000,5000.000000,5000.000000,5000.000000,5000.000000,5000.000000,5000.000000,5000.000000,5000.000000,5000.000000,5000.000000,5000.000000,5000.000000,5000.000000,5000.000000,5000.000000,5000.000000,5000.000000,5000.000000,5000.000000,5000.000000,5000.000000,5000.000000,5000.000000,5000.000000,5000.000000,5000.000000,5000.000000,5000.000000,
5000.000000,5000.000000,5000.000000,5000.000000,5000.000000,5000.000000,5000.000000,5000.000000,5000.000000,5000.000000,5000.000000,5000.000000,5000.000000,5000.000000,5000.000000,5000.000000,5000.000000,5000.000000,5000.000000,5000.000000,5000.000000,5000.000000,5000.000000,5000.000000,5000.000000,5000.000000,5000.000000,5000.000000,5000.000000,5000.000000,5000.000000,5000.000000,5000.000000,5000.000000,5000.000000,5000.000000,5000.000000,5000.000000,5000.000000,5000.000000,
5000.000000,5000.000000,5000.000000,5000.000000,5000.000000,5000.000000,5000.000000,5000.000000,5000.000000,5000.000000,5000.000000,5000.000000,5000.000000,5000.000000,5000.000000,5000.000000,5000.000000,5000.000000,5000.000000,5000.000000,5000.000000,5000.000000,5000.000000,5000.000000,5000.000000,5000.000000,5000.000000,5000.000000,5000.000000,5000.000000,5000.000000,5000.000000,5000.000000,5000.000000,5000.000000,5000.000000,5000.000000,5000.000000,5000.000000,5000.000000,
5000.000000,5000.000000,5000.000000,5000.000000,5000.000000,5000.000000,5000.000000,5000.000000,5000.000000,5000.000000,5000.000000,5000.000000,5000.000000,5000.000000,5000.000000,5000.000000,5000.000000,5000.000000,5000.000000,5000.000000,5000.000000,5000.000000,5000.000000,5000.000000,5000.000000,5000.000000,5000.000000,5000.000000,5000.000000,5000.000000,5000.000000,5000.000000,5000.000000,5000.000000,5000.000000,5000.000000,5000.000000,5000.000000,5000.000000,5000.000000,
5000.000000,5000.000000,5000.000000,5000.000000,5000.000000,5000.000000,5000.000000,5000.000000,5000.000000,5000.000000,5000.000000,5000.000000,5000.000000,5000.000000,5000.000000,5000.000000,5000.000000,5000.000000,5000.000000,5000.000000,5000.000000,5000.000000,5000.000000,5000.000000,5000.000000,5000.000000,5000.000000,5000.000000,5000.000000,5000.000000,5000.000000,5000.000000,5000.000000,5000.000000,5000.000000,5000.000000,5000.000000,5000.000000,5000.000000,5000.000000,
5000.000000,5000.000000,5000.000000,5000.000000,5000.000000,5000.000000,5000.000000,5000.000000,5000.000000,5000.000000,5000.000000,5000.000000,5000.000000,5000.000000,5000.000000,5000.000000,5000.000000,5000.000000,5000.000000,5000.000000,5000.000000,5000.000000,5000.000000,5000.000000,5000.000000,5000.000000,5000.000000,5000.000000,5000.000000,5000.000000,5000.000000,5000.000000,5000.000000,5000.000000,5000.000000,5000.000000,5000.000000,5000.000000,5000.000000,5000.000000,
5000.000000,5000.000000,5000.000000,5000.000000,5000.000000,5000.000000,5000.000000,5000.000000,5000.000000,5000.000000,5000.000000,5000.000000,5000.000000,5000.000000,5000.000000,5000.000000,5000.000000,5000.000000,5000.000000,5000.000000,5000.000000,5000.000000,5000.000000,5000.000000,5000.000000,5000.000000,5000.000000,5000.000000,5000.000000,5000.000000,5000.000000,5000.000000,5000.000000,5000.000000,5000.000000,5000.000000,5000.000000,5000.000000,5000.000000,5000.000000,
5000.000000,5000.000000,5000.000000,5000.000000,5000.000000,5000.000000,5000.000000,5000.000000,5000.000000,5000.000000,5000.000000,5000.000000,5000.000000,5000.000000,5000.000000,5000.000000,5000.000000,5000.000000,5000.000000,5000.000000,5000.000000,5000.000000,5000.000000,5000.000000,5000.000000,5000.000000,5000.000000,5000.000000,5000.000000,5000.000000,5000.000000,5000.000000,5000.000000,5000.000000,5000.000000,5000.000000,5000.000000,5000.000000,5000.000000,5000.000000,
5000.000000,5000.000000,5000.000000,5000.000000,5000.000000,5000.000000,5000.000000,5000.000000,5000.000000,5000.000000,5000.000000,5000.000000,5000.000000,5000.000000,5000.000000,5000.000000,5000.000000,5000.000000,5000.000000,5000.000000,5000.000000,5000.000000,5000.000000,5000.000000,5000.000000,5000.000000,5000.000000,5000.000000,5000.000000,5000.000000,5000.000000,5000.000000,5000.000000,5000.000000,5000.000000,5000.000000,5000.000000,5000.000000,5000.000000,5000.000000,
189.000000,5000.000000,5000.000000,5000.000000,5000.000000,5000.000000,5000.000000,5000.000000,5000.000000,5000.000000,5000.000000,5000.000000,5000.000000,5000.000000,5000.000000,5000.000000,5000.000000,5000.000000,5000.000000,5000.000000,5000.000000,5000.000000,5000.000000,5000.000000,5000.000000,5000.000000,5000.000000,5000.000000,5000.000000,5000.000000,5000.000000,5000.000000,5000.000000,5000.000000,5000.000000,5000.000000,5000.000000,5000.000000,5000.000000,5000.000000,
5000.000000,5000.000000,5000.000000,5000.000000,5000.000000,5000.000000,5000.000000,5000.000000,5000.000000,5000.000000,5000.000000,5000.000000,5000.000000,5000.000000,5000.000000,5000.000000,5000.000000,5000.000000,5000.000000,5000.000000,5000.000000,5000.000000,5000.000000,5000.000000,5000.000000,5000.000000,5000.000000,5000.000000,5000.000000,5000.000000,5000.000000,5000.000000,5000.000000,5000.000000,5000.000000,5000.000000,5000.000000,5000.000000,5000.000000,5000.000000,
5000.000000,5000.000000,5000.000000,5000.000000,5000.000000,5000.000000,5000.000000,5000.000000,5000.000000,5000.000000,5000.000000,5000.000000,5000.000000,5000.000000,5000.000000,5000.000000,5000.000000,5000.000000,5000.000000,5000.000000,5000.000000,5000.000000,5000.000000,5000.000000,5000.000000,5000.000000,5000.000000,5000.000000,5000.000000,5000.000000,5000.000000,5000.000000,5000.000000,5000.000000,5000.000000,5000.000000,5000.000000,5000.000000,5000.000000,5000.000000,
5000.000000,5000.000000,5000.000000,5000.000000,5000.000000,5000.000000,5000.000000,5000.000000,5000.000000,5000.000000,5000.000000,5000.000000,5000.000000,5000.000000,5000.000000,5000.000000,5000.000000,5000.000000,5000.000000,5000.000000,5000.000000,5000.000000,5000.000000,5000.000000,5000.000000,5000.000000,5000.000000,5000.000000,5000.000000,5000.000000,5000.000000,5000.000000,5000.000000,5000.000000,5000.000000,5000.000000,5000.000000,5000.000000,5000.000000,5000.000000,
5000.000000,5000.000000,5000.000000,5000.000000,5000.000000,5000.000000,5000.000000,5000.000000,5000.000000,5000.000000,5000.000000,5000.000000,5000.000000,5000.000000,5000.000000,5000.000000,5000.000000,5000.000000,5000.000000,5000.000000,5000.000000,5000.000000,5000.000000,5000.000000,5000.000000,5000.000000,5000.000000,5000.000000,5000.000000,5000.000000,5000.000000,5000.000000,5000.000000,5000.000000,5000.000000,5000.000000,5000.000000,5000.000000,5000.000000,5000.000000,
5000.000000,5000.000000,5000.000000,5000.000000,5000.000000,5000.000000,5000.000000,5000.000000,5000.000000,5000.000000,5000.000000,5000.000000,5000.000000,5000.000000,5000.000000,5000.000000,5000.000000,5000.000000,5000.000000,5000.000000,5000.000000,5000.000000,5000.000000,5000.000000,5000.000000,5000.000000,5000.000000,5000.000000,5000.000000,5000.000000,5000.000000,5000.000000,5000.000000,5000.000000,5000.000000,5000.000000,5000.000000,5000.000000,5000.000000,5000.000000,
5000.000000,5000.000000,5000.000000,5000.000000,5000.000000,5000.000000,5000.000000,5000.000000,5000.000000,5000.000000,5000.000000,5000.000000,5000.000000,5000.000000,5000.000000,5000.000000,5000.000000,5000.000000,5000.000000,5000.000000,5000.000000,5000.000000,5000.000000,5000.000000,5000.000000,5000.000000,5000.000000,5000.000000,5000.000000,5000.000000,5000.000000,5000.000000,5000.000000,5000.000000,5000.000000,5000.000000,5000.000000,5000.000000,5000.000000,5000.000000,
5000.000000,5000.000000,5000.000000,5000.000000,5000.000000,5000.000000,5000.000000,5000.000000,5000.000000,5000.000000,5000.000000,5000.000000,5000.000000,5000.000000,5000.000000,5000.000000,5000.000000,5000.000000,5000.000000,5000.000000,5000.000000,5000.000000,5000.000000,5000.000000,5000.000000,5000.000000,5000.000000,5000.000000,5000.000000,5000.000000,5000.000000,5000.000000,5000.000000,5000.000000,5000.000000,5000.000000,5000.000000,5000.000000,5000.000000,5000.000000,
1998.000000,5000.000000,5000.000000,5000.000000,5000.000000,5000.000000,5000.000000,5000.000000,5000.000000,5000.000000,5000.000000,5000.000000,5000.000000,5000.000000,5000.000000,5000.000000,5000.000000,5000.000000,5000.000000,5000.000000,5000.000000,5000.000000,5000.000000,5000.000000,5000.000000,5000.000000,5000.000000,5000.000000,5000.000000,5000.000000,5000.000000,5000.000000,5000.000000,5000.000000,5000.000000,5000.000000,5000.000000,5000.000000,5000.000000,5000.000000,
2815.000000,5000.000000,5000.000000,5000.000000,5000.000000,5000.000000,5000.000000,5000.000000,5000.000000,5000.000000,5000.000000,5000.000000,5000.000000,5000.000000,5000.000000,5000.000000,5000.000000,5000.000000,5000.000000,5000.000000,5000.000000,5000.000000,5000.000000,5000.000000,5000.000000,5000.000000,5000.000000,5000.000000,5000.000000,5000.000000,5000.000000,5000.000000,5000.000000,5000.000000,5000.000000,5000.000000,5000.000000,5000.000000,5000.000000,5000.000000,
5000.000000,5000.000000,5000.000000,5000.000000,5000.000000,5000.000000,5000.000000,5000.000000,5000.000000,5000.000000,5000.000000,5000.000000,5000.000000,5000.000000,5000.000000,5000.000000,5000.000000,5000.000000,5000.000000,5000.000000,5000.000000,5000.000000,5000.000000,5000.000000,5000.000000,5000.000000,5000.000000,5000.000000,5000.000000,5000.000000,5000.000000,5000.000000,5000.000000,5000.000000,5000.000000,5000.000000,5000.000000,5000.000000,5000.000000,5000.000000,
1295.000000,4283.000000,5000.000000,5000.000000,5000.000000,5000.000000,5000.000000,5000.000000,5000.000000,5000.000000,5000.000000,5000.000000,5000.000000,5000.000000,5000.000000,5000.000000,5000.000000,5000.000000,5000.000000,5000.000000,5000.000000,5000.000000,5000.000000,5000.000000,5000.000000,5000.000000,5000.000000,5000.000000,5000.000000,5000.000000,5000.000000,5000.000000,5000.000000,5000.000000,5000.000000,5000.000000,5000.000000,5000.000000,5000.000000,5000.000000,
5000.000000,5000.000000,5000.000000,5000.000000,5000.000000,5000.000000,5000.000000,5000.000000,5000.000000,5000.000000,5000.000000,5000.000000,5000.000000,5000.000000,5000.000000,5000.000000,5000.000000,5000.000000,5000.000000,5000.000000,5000.000000,5000.000000,5000.000000,5000.000000,5000.000000,5000.000000,5000.000000,5000.000000,5000.000000,5000.000000,5000.000000,5000.000000,5000.000000,5000.000000,5000.000000,5000.000000,5000.000000,5000.000000,5000.000000,5000.000000,
