0.000000,0.000000,0.000000,0.000000,0.000000,0.000000,0.000000,0.000000,0.000000,0.000000,0.000000,0.000000,0.000000,0.000000,0.000000,0.000000,0.000000,0.000000,0.000000,0.000000,0.000000,0.000000,0.000000,0.000000,0.000000,0.000000,0.000000,0.000000,0.000000,0.000000,0.000000,0.000000,0.000000,0.000000,0.000000,0.000000,0.000000,0.000000,0.000000,0.000000,
0.000000,5000.000000,5000.000000,5000.000000,5000.000000,5000.000000,5000.000000,5000.000000,5000.000000,5000.000000,5000.000000,5000.000000,5000.000000,5000.000000,5000.000000,5000.000000,5000.000000,5000.000000,5000.000000,5000.000000,5000.000000,5000.000000,5000.000000,5000.000000,5000.000000,5000.000000,5000.000000,5000.000000,5000.000000,5000.000000,5000.000000,5000.000000,5000.000000,5000.000000,5000.000000,5000.000000,5000.000000,5000.000000,5000.000000,5000.000000,
5000.000000,5000.000000,5000.000000,5000.000000,5000.000000,5000.000000,5000.000000,5000.000000,5000.000000,5000.000000,5000.000000,5000.000000,5000.000000,5000.000000,5000.000000,5000.000000,5000.000000,5000.000000,5000.000000,5000.000000,5000.000000,5000.000000,5000.000000,5000.000000,5000.000000,5000.000000,5000.000000,5000.000000,5000.000000,5000.000000,5000.000000,5000.000000,5000.000000,5000.000000,5000.000000,5000.000000,5000.000000,5000.000000,5000.000000,5000.000000,
5000.000000,5000.000000,5000.000000,5000.000000,5000.000000,5000.000000,5000.000000,5000.000000,5000.000000,5000.000000,5000.000000,5000.000000,5000.000000,5000.000000,5000.000000,5000.000000,5000.000000,5000.000000,5000.000000,5000.000000,5000.000000,5000.000000,5000.000000,5000.000000,5000.000000,5000.000000,5000.000000,5000.000000,5000.000000,5000.000000,5000.000000,5000.000000,5000.000000,5000.000000,5000.000000,5000.000000,5000.000000,5000.000000,5000.000000,5000.000000,
2515.000000,5000.000000,5000.000000,5000.000000,5000.000000,5000.000000,5000.000000,5000.000000,5000.000000,5000.000000,5000.000000,5000.000000,5000.000000,5000.000000,5000.000000,5000.000000,5000.000000,5000.000000,5000.000000,5000.000000,5000.000000,5000.000000,5000.000000,5000.000000,5000.000000,5000.000000,5000.000000,5000.000000,5000.000000,5000.000000,5000.000000,5000.000000,5000.000000,5000.000000,5000.000000,5000.000000,5000.000000,5000.000000,5000.000000,5000.000000,
5000.000000,5000.000000,5000.000000,5000.000000,5000.000000,5000.000000,5000.000000,5000.000000,5000.000000,5000.000000,5000.000000,5000.000000,5000.000000,5000.000000,5000.000000,5000.000000,5000.000000,5000.000000,5000.000000,5000.000000,5000.000000,5000.000000,5000.000000,5000.000000,5000.000000,5000.000000,5000.000000,5000.000000,5000.000000,5000.000000,5000.000000,5000.000000,5000.000000,5000.000000,5000.000000,5000.000000,5000.000000,5000.000000,5000.000000,5000.000000,
5000.000000,5000.000000,5000.000000,5000.000000,5000.000000,5000.000000,5000.000000,5000.000000,5000.000000,5000.000000,5000.000000,5000.000000,5000.000000,5000.000000,5000.000000,5000.000000,5000.000000,5000.000000,5000.000000,5000.000000,5000.000000,5000.000000,5000.000000,5000.000000,5000.000000,5000.000000,5000.000000,5000.000000,5000.000000,5000.000000,5000.000000,5000.000000,5000.000000,5000.000000,5000.000000,5000.000000,5000.000000,5000.000000,5000.000000,5000.000000,
5000.000000,5000.000000,5000.000000,5000.000000,5000.000000,5000.000000,5000.000000,5000.000000,5000.000000,5000.000000,5000.000000,5000.000000,5000.000000,5000.000000,5000.000000,5000.000000,5000.000000,5000.000000,5000.000000,5000.000000,5000.000000,5000.000000,5000.000000,5000.000000,5000.000000,5000.000000,5000.000000,5000.000000,5000.000000,5000.000000,5000.000000,5000.000000,5000.000000,5000.000000,5000.000000,5000.000000,5000.000000,5000.000000,5000.000000,5000.000000,
5000.000000,5000.000000,5000.000000,5000.000000,5000.000000,5000.000000,5000.000000,5000.000000,5000.000000,5000.000000,5000.000000,5000.000000,5000.000000,5000.000000,5000.000000,5000.000000,5000.000000,5000.000000,5000.000000,5000.000000,5000.000000,5000.000000,5000.000000,5000.000000,5000.000000,5000.000000,5000.000000,5000.000000,5000.000000,5000.000000,5000.000000,5000.000000,5000.000000,5000.000000,5000.000000,5000.000000,5000.000000,5000.000000,5000.000000,5000.000000,
5000.000000,5000.000000,5000.000000,5000.000000,5000.000000,5000.000000,5000.000000,5000.000000,5000.000000,5000.000000,5000.000000,5000.000000,5000.000000,5000.000000,5000.000000,5000.000000,5000.000000,5000.000000,5000.000000,5000.000000,5000.000000,5000.000000,5000.000000,5000.000000,5000.000000,5000.000000,5000.000000,5000.000000,5000.000000,5000.000000,5000.000000,5000.000000,5000.000000,5000.000000,5000.000000,5000.000000,5000.000000,5000.000000,5000.000000,5000.000000,
5000.000000,5000.000000,5000.000000,5000.000000,5000.000000,5000.000000,5000.000000,5000.000000,5000.000000,5000.000000,5000.000000,5000.000000,5000.000000,5000.000000,5000.000000,5000.000000,5000.000000,5000.000000,5000.000000,5000.000000,5000.000000,5000.000000,5000.000000,5000.000000,5000.000000,5000.000000,5000.000000,5000.000000,5000.000000,5000.000000,5000.000000,5000.000000,5000.000000,5000.000000,5000.000000,5000.000000,5000.000000,5000.000000,5000.000000,5000.000000,
5000.000000,5000.000000,5000.000000,5000.000000,5000.000000,5000.000000,5000.000000,5000.000000,5000.000000,5000.000000,5000.000000,5000.000000,5000.000000,5000.000000,5000.000000,5000.000000,5000.000000,5000.000000,5000.000000,5000.000000,5000.000000,5000.000000,5000.000000,5000.000000,5000.000000,5000.000000,5000.000000,5000.000000,5000.000000,5000.000000,5000.000000,5000.000000,5000.000000,5000.000000,5000.000000,5000.000000,5000.000000,5000.000000,5000.000000,5000.000000,
2.000000,5000.000000,5000.000000,5000.000000,5000.000000,5000.000000,5000.000000,5000.000000,5000.000000,5000.000000,5000.000000,5000.000000,5000.000000,5000.000000,5000.000000,5000.000000,5000.000000,5000.000000,5000.000000,5000.000000,5000.000000,5000.000000,5000.000000,5000.000000,5000.000000,5000.000000,5000.000000,5000.000000,5000.000000,5000.000000,5000.000000,5000.000000,5000.000000,5000.000000,5000.000000,5000.000000,5000.000000,5000.000000,5000.000000,5000.000000,
5000.000000,5000.000000,5000.000000,5000.000000,5000.000000,5000.000000,5000.000000,5000.000000,5000.000000,5000.000000,5000.000000,5000.000000,5000.000000,5000.000000,5000.000000,5000.000000,5000.000000,5000.000000,5000.000000,5000.000000,5000.000000,5000.000000,5000.000000,5000.000000,5000.000000,5000.000000,5000.000000,5000.000000,5000.000000,5000.000000,5000.000000,5000.000000,5000.000000,5000.000000,5000.000000,5000.000000,5000.000000,5000.000000,5000.000000,5000.000000,
5000.000000,5000.000000,5000.000000,5000.000000,5000.000000,5000.000000,5000.000000,5000.000000,5000.000000,5000.000000,5000.000000,5000.000000,5000.000000,5000.000000,5000.000000,5000.000000,5000.000000,5000.000000,5000.000000,5000.000000,5000.000000,5000.000000,5000.000000,5000.000000,5000.000000,5000.000000,5000.000000,5000.000000,5000.000000,5000.000000,5000.000000,5000.000000,5000.000000,5000.000000,5000.000000,5000.000000,5000.000000,5000.000000,5000.000000,5000.000000,
5000.000000,5000.000000,5000.000000,5000.000000,5000.000000,5000.000000,5000.000000,5000.000000,5000.000000,5000.000000,5000.000000,5000.000000,5000.000000,5000.000000,5000.000000,5000.000000,5000.000000,5000.000000,5000.000000,5000.000000,5000.000000,5000.000000,5000.000000,5000.000000,5000.000000,5000.000000,5000.000000,5000.000000,5000.000000,5000.000000,5000.000000,5000.000000,5000.000000,5000.000000,5000.000000,5000.000000,5000.000000,5000.000000,5000.000000,5000.000000,
5000.000000,5000.000000,5000.000000,5000.000000,5000.000000,5000.000000,5000.000000,5000.000000,5000.000000,5000.000000,5000.000000,5000.000000,5000.000000,5000.000000,5000.000000,5000.000000,5000.000000,5000.000000,5000.000000,5000.000000,5000.000000,5000.000000,5000.000000,5000.000000,5000.000000,5000.000000,5000.000000,5000.000000,5000.000000,5000.000000,5000.000000,5000.000000,5000.000000,5000.000000,5000.000000,5000.000000,5000.000000,5000.000000,5000.000000,5000.000000,
5000.000000,5000.000000,5000.000000,5000.000000,5000.000000,5000.000000,5000.000000,5000.000000,5000.000000,5000.000000,5000.000000,5000.000000,5000.000000,5000.000000,5000.000000,5000.000000,5000.000000,5000.000000,5000.000000,5000.000000,5000.000000,5000.000000,5000.000000,5000.000000,5000.000000,5000.000000,5000.000000,5000.000000,5000.000000,5000.000000,5000.000000,5000.000000,5000.000000,5000.000000,5000.000000,5000.000000,5000.000000,5000.000000,5000.000000,5000.000000,
5000.000000,5000.000000,5000.000000,5000.000000,5000.000000,5000.000000,5000.000000,5000.000000,5000.000000,5000.000000,5000.000000,5000.000000,5000.000000,5000.000000,5000.000000,5000.000000,5000.000000,5000.000000,5000.000000,5000.000000,5000.000000,5000.000000,5000.000000,5000.000000,5000.000000,5000.000000,5000.000000,5000.000000,5000.000000,5000.000000,5000.000000,5000.000000,5000.000000,5000.000000,5000.000000,5000.000000,5000.000000,5000.000000,5000.000000,5000.000000,
5000.000000,5000.000000,5000.000000,5000.000000,5000.000000,5000.000000,5000.000000,5000.000000,5000.000000,5000.000000,5000.000000,5000.000000,5000.000000,5000.000000,5000.000000,5000.000000,5000.000000,5000.000000,5000.000000,5000.000000,5000.000000,5000.000000,5000.000000,5000.000000,5000.000000,5000.000000,5000.000000,5000.000000,5000.000000,5000.000000,5000.000000,5000.000000,5000.000000,5000.000000,5000.000000,5000.000000,5000.000000,5000.000000,5000.000000,5000.000000,
5000.000000,5000.000000,5000.000000,5000.000000,5000.000000,5000.000000,5000.000000,5000.000000,5000.000000,5000.000000,5000.000000,5000.000000,5000.000000,5000.000000,5000.000000,5000.000000,5000.000000,5000.000000,5000.000000,5000.000000,5000.000000,5000.000000,5000.000000,5000.000000,5000.000000,5000.000000,5000.000000,5000.000000,5000.000000,5000.000000,5000.000000,5000.000000,5000.000000,5000.000000,5000.000000,5000.000000,5000.000000,5000.000000,5000.000000,5000.000000,
5000.000000,5000.000000,5000.000000,5000.000000,5000.000000,5000.000000,5000.000000,5000.000000,5000.000000,5000.000000,5000.000000,5000.000000,5000.000000,5000.000000,5000.000000,5000.000000,5000.000000,5000.000000,5000.000000,5000.000000,5000.000000,5000.000000,5000.000000,5000.000000,5000.000000,5000.000000,5000.000000,5000.000000,5000.000000,5000.000000,5000.000000,5000.000000,5000.000000,5000.000000,5000.000000,5000.000000,5000.000000,5000.000000,5000.000000,5000.000000,
5000.000000,5000.000000,5000.000000,5000.000000,5000.000000,5000.000000,5000.000000,5000.000000,5000.000000,5000.000000,5000.000000,5000.000000,5000.000000,5000.000000,5000.000000,5000.000000,5000.000000,5000.000000,5000.000000,5000.000000,5000.000000,5000.000000,5000.000000,5000.000000,5000.000000,5000.000000,5000.000000,5000.000000,5000.000000,5000.000000,5000.000000,5000.000000,5000.000000,5000.000000,5000.000000,5000.000000,5000.000000,5000.000000,5000.000000,5000.000000,
5000.000000,5000.000000,5000.000000,5000.000000,5000.000000,5000.000000,5000.000000,5000.000000,5000.000000,5000.000000,5000.000000,5000.000000,5000.000000,5000.000000,5000.000000,5000.000000,5000.000000,5000.000000,5000.000000,5000.000000,5000.000000,5000.000000,5000.000000,5000.000000,5000.000000,5000.000000,5000.000000,5000.000000,5000.000000,5000.000000,5000.000000,5000.000000,5000.000000,5000.000000,5000.000000,5000.000000,5000.000000,5000.000000,5000.000000,5000.000000,
5000.000000,5000.000000,5000.000000,5000.000000,5000.000000,5000.000000,5000.000000,5000.000000,5000.000000,5000.000000,5000.000000,5000.000000,5000.000000,5000.000000,5000.000000,5000.000000,5000.000000,5000.000000,5000.000000,5000.000000,5000.000000,5000.000000,5000.000000,5000.000000,5000.000000,5000.000000,5000.000000,5000.000000,5000.000000,5000.000000,5000.000000,5000.000000,5000.000000,5000.000000,5000.000000,5000.000000,5000.000000,5000.000000,5000.000000,5000.000000,
5000.000000,5000.000000,5000.000000,5000.000000,5000.000000,5000.000000,5000.000000,5000.000000,5000.000000,5000.000000,5000.000000,5000.000000,5000.000000,5000.000000,5000.000000,5000.000000,5000.000000,5000.000000,5000.000000,5000.000000,5000.000000,5000.000000,5000.000000,5000.000000,5000.000000,5000.000000,5000.000000,5000.000000,5000.000000,5000.000000,5000.000000,5000.000000,5000.000000,5000.000000,5000.000000,5000.000000,5000.000000,5000.000000,5000.000000,5000.000000,
5000.000000,5000.000000,5000.000000,5000.000000,5000.000000,5000.000000,5000.000000,5000.000000,5000.000000,5000.000000,5000.000000,5000.000000,5000.000000,5000.000000,5000.000000,5000.000000,5000.000000,5000.000000,5000.000000,5000.000000,5000.000000,5000.000000,5000.000000,5000.000000,5000.000000,5000.000000,5000.000000,5000.000000,5000.000000,5000.000000,5000.000000,5000.000000,5000.000000,5000.000000,5000.000000,5000.000000,5000.000000,5000.000000,5000.000000,5000.000000,
5000.000000,5000.000000,5000.000000,5000.000000,5000.000000,5000.000000,5000.000000,5000.000000,5000.000000,5000.000000,5000.000000,5000.000000,5000.000000,5000.000000,5000.000000,5000.000000,5000.000000,5000.000000,5000.000000,5000.000000,5000.000000,5000.000000,5000.000000,5000.000000,5000.000000,5000.000000,5000.000000,5000.000000,5000.000000,5000.000000,5000.000000,5000.000000,5000.000000,5000.000000,5000.000000,5000.000000,5000.000000,5000.000000,5000.000000,5000.000000,
5000.000000,5000.000000,5000.000000,5000.000000,5000.000000,5000.000000,5000.000000,5000.000000,5000.000000,5000.000000,5000.000000,5000.000000,5000.000000,5000.000000,5000.000000,5000.000000,5000.000000,5000.000000,5000.000000,5000.000000,5000.000000,5000.000000,5000.000000,5000.000000,5000.000000,5000.000000,5000.000000,5000.000000,5000.000000,5000.000000,5000.000000,5000.000000,5000.000000,5000.000000,5000.000000,5000.000000,5000.000000,5000.000000,5000.000000,5000.000000,
5000.000000,5000.000000,5000.000000,5000.000000,5000.000000,5000.000000,5000.000000,5000.000000,5000.000000,5000.000000,5000.000000,5000.000000,5000.000000,5000.000000,5000.000000,5000.000000,5000.000000,5000.000000,5000.000000,5000.000000,5000.000000,5000.000000,5000.000000,5000.000000,5000.000000,5000.000000,5000.000000,5000.000000,5000.000000,5000.000000,5000.000000,5000.000000,5000.000000,5000.000000,5000.000000,5000.000000,5000.000000,5000.000000,5000.000000,5000.000000,
5000.000000,5000.000000,5000.000000,5000.000000,5000.000000,5000.000000,5000.000000,5000.000000,5000.000000,5000.000000,5000.000000,5000.000000,5000.000000,5000.000000,5000.000000,5000.000000,5000.000000,5000.000000,5000.000000,5000.000000,5000.000000,5000.000000,5000.000000,5000.000000,5000.000000,5000.000000,5000.000000,5000.000000,5000.000000,5000.000000,5000.000000,5000.000000,5000.000000,5000.000000,5000.000000,5000.000000,5000.000000,5000.000000,5000.000000,5000.000000,
5000.000000,5000.000000,5000.000000,5000.000000,5000.000000,5000.000000,5000.000000,5000.000000,5000.000000,5000.000000,5000.000000,5000.000000,5000.000000,5000.000000,5000.000000,5000.000000,5000.000000,5000.000000,5000.000000,5000.000000,5000.000000,5000.000000,5000.000000,5000.000000,5000.000000,5000.000000,5000.000000,5000.000000,5000.000000,5000.000000,5000.000000,5000.000000,5000.000000,5000.000000,5000.000000,5000.000000,5000.000000,5000.000000,5000.000000,5000.000000,
542.000000,5000.000000,5000.000000,5000.000000,5000.000000,5000.000000,5000.000000,5000.000000,5000.000000,5000.000000,5000.000000,5000.000000,5000.000000,5000.000000,5000.000000,5000.000000,5000.000000,5000.000000,5000.000000,5000.000000,5000.000000,5000.000000,5000.000000,5000.000000,5000.000000,5000.000000,5000.000000,5000.000000,5000.000000,5000.000000,5000.000000,5000.000000,5000.000000,5000.000000,5000.000000,5000.000000,5000.000000,5000.000000,5000.000000,5000.000000,
3277.000000,5000.000000,5000.000000,5000.000000,5000.000000,5000.000000,5000.000000,5000.000000,5000.000000,5000.000000,5000.000000,5000.000000,5000.000000,5000.000000,5000.000000,5000.000000,5000.000000,5000.000000,5000.000000,5000.000000,5000.000000,5000.000000,5000.000000,5000.000000,5000.000000,5000.000000,5000.000000,5000.000000,5000.000000,5000.000000,5000.000000,5000.000000,5000.000000,5000.000000,5000.000000,5000.000000,5000.000000,5000.000000,5000.000000,5000.000000,
5000.000000,5000.000000,5000.000000,5000.000000,5000.000000,5000.000000,5000.000000,5000.000000,5000.000000,5000.000000,5000.000000,5000.000000,5000.000000,5000.000000,5000.000000,5000.000000,5000.000000,5000.000000,5000.000000,5000.000000,5000.000000,5000.000000,5000.000000,5000.000000,5000.000000,5000.000000,5000.000000,5000.000000,5000.000000,5000.000000,5000.000000,5000.000000,5000.000000,5000.000000,5000.000000,5000.000000,5000.000000,5000.000000,5000.000000,5000.000000,
5000.000000,5000.000000,5000.000000,5000.000000,5000.000000,5000.000000,5000.000000,5000.000000,5000.000000,5000.000000,5000.000000,5000.000000,5000.000000,5000.000000,5000.000000,5000.000000,5000.000000,5000.000000,5000.000000,5000.000000,5000.000000,5000.000000,5000.000000,5000.000000,5000.000000,5000.000000,5000.000000,5000.000000,5000.000000,5000.000000,5000.000000,5000.000000,5000.000000,5000.000000,5000.000000,5000.000000,5000.000000,5000.000000,5000.000000,5000.000000,
5000.000000,5000.000000,5000.000000,5000.000000,5000.000000,5000.000000,5000.000000,5000.000000,5000.000000,5000.000000,5000.000000,5000.000000,5000.000000,5000.000000,5000.000000,5000.000000,5000.000000,5000.000000,5000.000000,5000.000000,5000.000000,5000.000000,5000.000000,5000.000000,5000.000000,5000.000000,5000.000000,5000.000000,5000.000000,5000.000000,5000.000000,5000.000000,5000.000000,5000.000000,5000.000000,5000.000000,5000.000000,5000.000000,5000.000000,5000.000000,
5000.000000,5000.000000,5000.000000,5000.000000,5000.000000,5000.000000,5000.000000,5000.000000,5000.000000,5000.000000,5000.000000,5000.000000,5000.000000,5000.000000,5000.000000,5000.000000,5000.000000,5000.000000,5000.000000,5000.000000,5000.000000,5000.000000,5000.000000,5000.000000,5000.000000,5000.000000,5000.000000,5000.000000,5000.000000,5000.000000,5000.000000,5000.000000,5000.000000,5000.000000,5000.000000,5000.000000,5000.000000,5000.000000,5000.000000,5000.000000,
5000.000000,5000.000000,5000.000000,5000.000000,5000.000000,5000.000000,5000.000000,5000.000000,5000.000000,5000.000000,5000.000000,5000.000000,5000.000000,5000.000000,5000.000000,5000.000000,5000.000000,5000.000000,5000.000000,5000.000000,5000.000000,5000.000000,5000.000000,5000.000000,5000.000000,5000.000000,5000.000000,5000.000000,5000.000000,5000.000000,5000.000000,5000.000000,5000.000000,5000.000000,5000.000000,5000.000000,5000.000000,5000.000000,5000.000000,5000.000000,
5000.000000,5000.000000,5000.000000,5000.000000,5000.000000,5000.000000,5000.000000,5000.000000,5000.000000,5000.000000,5000.000000,5000.000000,5000.000000,5000.000000,5000.000000,5000.000000,5000.000000,5000.000000,5000.000000,5000.000000,5000.000000,5000.000000,5000.000000,5000.000000,5000.000000,5000.000000,5000.000000,5000.000000,5000.000000,5000.000000,5000.000000,5000.000000,5000.000000,5000.000000,5000.000000,5000.000000,5000.000000,5000.000000,5000.000000,5000.000000,
5000.000000,5000.000000,5000.000000,5000.000000,5000.000000,5000.000000,5000.000000,5000.000000,5000.000000,5000.000000,5000.000000,5000.000000,5000.000000,5000.000000,5000.000000,5000.000000,5000.000000,5000.000000,5000.000000,5000.000000,5000.000000,5000.000000,5000.000000,5000.000000,5000.000000,5000.000000,5000.000000,5000.000000,5000.000000,5000.000000,5000.000000,5000.000000,5000.000000,5000.000000,5000.000000,5000.000000,5000.000000,5000.000000,5000.000000,5000.000000,
5000.000000,5000.000000,5000.000000,5000.000000,5000.000000,5000.000000,5000.000000,5000.000000,5000.000000,5000.000000,5000.000000,5000.000000,5000.000000,5000.000000,5000.000000,5000.000000,5000.000000,5000.000000,5000.000000,5000.000000,5000.000000,5000.000000,5000.000000,5000.000000,5000.000000,5000.000000,5000.000000,5000.000000,5000.000000,5000.000000,5000.000000,5000.000000,5000.000000,5000.000000,5000.000000,5000.000000,5000.000000,5000.000000,5000.000000,5000.000000,
5000.000000,5000.000000,5000.000000,5000.000000,5000.000000,5000.000000,5000.000000,5000.000000,5000.000000,5000.000000,5000.000000,5000.000000,5000.000000,5000.000000,5000.000000,5000.000000,5000.000000,5000.000000,5000.000000,5000.000000,5000.000000,5000.000000,5000.000000,5000.000000,5000.000000,5000.000000,5000.000000,5000.000000,5000.000000,5000.000000,5000.000000,5000.000000,5000.000000,5000.000000,5000.000000,5000.000000,5000.000000,5000.000000,5000.000000,5000.000000,
5000.000000,5000.000000,5000.000000,5000.000000,5000.000000,5000.000000,5000.000000,5000.000000,5000.000000,5000.000000,5000.000000,5000.000000,5000.000000,5000.000000,5000.000000,5000.000000,5000.000000,5000.000000,5000.000000,5000.000000,5000.000000,5000.000000,5000.000000,5000.000000,5000.000000,5000.000000,5000.000000,5000.000000,5000.000000,5000.000000,5000.000000,5000.000000,5000.000000,5000.000000,5000.000000,5000.000000,5000.000000,5000.000000,5000.000000,5000.000000,
5000.000000,5000.000000,5000.000000,5000.000000,5000.000000,5000.000000,5000.000000,5000.000000,5000.000000,5000.000000,5000.000000,5000.000000,5000.000000,5000.000000,5000.000000,5000.000000,5000.000000,5000.000000,5000.000000,5000.000000,5000.000000,5000.000000,5000.000000,5000.000000,5000.000000,5000.000000,5000.000000,5000.000000,5000.000000,5000.000000,5000.000000,5000.000000,5000.000000,5000.000000,5000.000000,5000.000000,5000.000000,5000.000000,5000.000000,5000.000000,
803.000000,1519.000000,5000.000000,5000.000000,5000.000000,5000.000000,5000.000000,5000.000000,5000.000000,5000.000000,5000.000000,5000.000000,5000.000000,5000.000000,5000.000000,5000.000000,5000.000000,5000.000000,5000.000000,5000.000000,5000.000000,5000.000000,5000.000000,5000.000000,5000.000000,5000.000000,5000.000000,5000.000000,5000.000000,5000.000000,5000.000000,5000.000000,5000.000000,5000.000000,5000.000000,5000.000000,5000.000000,5000.000000,5000.000000,5000.000000,
888.000000,1449.000000,5000.000000,5000.000000,5000.000000,5000.000000,5000.000000,5000.000000,5000.000000,5000.000000,5000.000000,5000.000000,5000.000000,5000.000000,5000.000000,5000.000000,5000.000000,5000.000000,5000.000000,5000.000000,5000.000000,5000.000000,5000.000000,5000.000000,5000.000000,5000.000000,5000.000000,5000.000000,5000.000000,5000.000000,5000.000000,5000.000000,5000.000000,5000.000000,5000.000000,5000.000000,5000.000000,5000.000000,5000.000000,5000.000000,
1961.000000,5000.000000,5000.000000,5000.000000,5000.000000,5000.000000,5000.000000,5000.000000,5000.000000,5000.000000,5000.000000,5000.000000,5000.000000,5000.000000,5000.000000,5000.000000,5000.000000,5000.000000,5000.000000,5000.000000,5000.000000,5000.000000,5000.000000,5000.000000,5000.000000,5000.000000,5000.000000,5000.000000,5000.000000,5000.000000,5000.000000,5000.000000,5000.000000,5000.000000,5000.000000,5000.000000,5000.000000,5000.000000,5000.000000,5000.000000,
3224.000000,5000.000000,5000.000000,5000.000000,5000.000000,5000.000000,5000.000000,5000.000000,5000.000000,5000.000000,5000.000000,5000.000000,5000.000000,5000.000000,5000.000000,5000.000000,5000.000000,5000.000000,5000.000000,5000.000000,5000.000000,5000.000000,5000.000000,5000.000000,5000.000000,5000.000000,5000.000000,5000.000000,5000.000000,5000.000000,5000.000000,5000.000000,5000.000000,5000.000000,5000.000000,5000.000000,5000.000000,5000.000000,5000.000000,5000.000000,
5000.000000,5000.000000,5000.000000,5000.000000,5000.000000,5000.000000,5000.000000,5000.000000,5000.000000,5000.000000,5000.000000,5000.000000,5000.000000,5000.000000,5000.000000,5000.000000,5000.000000,5000.000000,5000.000000,5000.000000,5000.000000,5000.000000,5000.000000,5000.000000,5000.000000,5000.000000,5000.000000,5000.000000,5000.000000,5000.000000,5000.000000,5000.000000,5000.000000,5000.000000,5000.000000,5000.000000,5000.000000,5000.000000,5000.000000,5000.000000,
5000.000000,5000.000000,5000.000000,5000.000000,5000.000000,5000.000000,5000.000000,5000.000000,5000.000000,5000.000000,5000.000000,5000.000000,5000.000000,5000.000000,5000.000000,5000.000000,5000.000000,5000.000000,5000.000000,5000.000000,5000.000000,5000.000000,5000.000000,5000.000000,5000.000000,5000.000000,5000.000000,5000.000000,5000.000000,5000.000000,5000.000000,5000.000000,5000.000000,5000.000000,5000.000000,5000.000000,5000.000000,5000.000000,5000.000000,5000.000000,
4541.000000,5000.000000,5000.000000,5000.000000,5000.000000,5000.000000,5000.000000,5000.000000,5000.000000,5000.000000,5000.000000,5000.000000,5000.000000,5000.000000,5000.000000,5000.000000,5000.000000,5000.000000,5000.000000,5000.000000,5000.000000,5000.000000,5000.000000,5000.000000,5000.000000,5000.000000,5000.000000,5000.000000,5000.000000,5000.000000,5000.000000,5000.000000,5000.000000,5000.000000,5000.000000,5000.000000,5000.000000,5000.000000,5000.000000,5000.000000,
5000.000000,5000.000000,5000.000000,5000.000000,5000.000000,5000.000000,5000.000000,5000.000000,5000.000000,5000.000000,5000.000000,5000.000000,5000.000000,5000.000000,5000.000000,5000.000000,5000.000000,5000.000000,5000.000000,5000.000000,5000.000000,5000.000000,5000.000000,5000.000000,5000.000000,5000.000000,5000.000000,5000.000000,5000.000000,5000.000000,5000.000000,5000.000000,5000.000000,5000.000000,5000.000000,5000.000000,5000.000000,5000.000000,5000.000000,5000.000000,
5000.000000,5000.000000,5000.000000,5000.000000,5000.000000,5000.000000,5000.000000,5000.000000,5000.000000,5000.000000,5000.000000,5000.000000,5000.000000,5000.000000,5000.000000,5000.000000,5000.000000,5000.000000,5000.000000,5000.000000,5000.000000,5000.000000,5000.000000,5000.000000,5000.000000,5000.000000,5000.000000,5000.000000,5000.000000,5000.000000,5000.000000,5000.000000,5000.000000,5000.000000,5000.000000,5000.000000,5000.000000,5000.000000,5000.000000,5000.000000,
5000.000000,5000.000000,5000.000000,5000.000000,5000.000000,5000.000000,5000.000000,5000.000000,5000.000000,5000.000000,5000.000000,5000.000000,5000.000000,5000.000000,5000.000000,5000.000000,5000.000000,5000.000000,5000.000000,5000.000000,5000.000000,5000.000000,5000.000000,5000.000000,5000.000000,5000.000000,5000.000000,5000.000000,5000.000000,5000.000000,5000.000000,5000.000000,5000.000000,5000.000000,5000.000000,5000.000000,5000.000000,5000.000000,5000.000000,5000.000000,
5000.000000,5000.000000,5000.000000,5000.000000,5000.000000,5000.000000,5000.000000,5000.000000,5000.000000,5000.000000,5000.000000,5000.000000,5000.000000,5000.000000,5000.000000,5000.000000,5000.000000,5000.000000,5000.000000,5000.000000,5000.000000,5000.000000,5000.000000,5000.000000,5000.000000,5000.000000,5000.000000,5000.000000,5000.000000,5000.000000,5000.000000,5000.000000,5000.000000,5000.000000,5000.000000,5000.000000,5000.000000,5000.000000,5000.000000,5000.000000,
5000.000000,5000.000000,5000.000000,5000.000000,5000.000000,5000.000000,5000.000000,5000.000000,5000.000000,5000.000000,5000.000000,5000.000000,5000.000000,5000.000000,5000.000000,5000.000000,5000.000000,5000.000000,5000.000000,5000.000000,5000.000000,5000.000000,5000.000000,5000.000000,5000.000000,5000.000000,5000.000000,5000.000000,5000.000000,5000.000000,5000.000000,5000.000000,5000.000000,5000.000000,5000.000000,5000.000000,5000.000000,5000.000000,5000.000000,5000.000000,
2.000000,2589.000000,5000.000000,5000.000000,5000.000000,5000.000000,5000.000000,5000.000000,5000.000000,5000.000000,5000.000000,5000.000000,5000.000000,5000.000000,5000.000000,5000.000000,5000.000000,5000.000000,5000.000000,5000.000000,5000.000000,5000.000000,5000.000000,5000.000000,5000.000000,5000.000000,5000.000000,5000.000000,5000.000000,5000.000000,5000.000000,5000.000000,5000.000000,5000.000000,5000.000000,5000.000000,5000.000000,5000.000000,5000.000000,5000.000000,
5000.000000,5000.000000,5000.000000,5000.000000,5000.000000,5000.000000,5000.000000,5000.000000,5000.000000,5000.000000,5000.000000,5000.000000,5000.000000,5000.000000,5000.000000,5000.000000,5000.000000,5000.000000,5000.000000,5000.000000,5000.000000,5000.000000,5000.000000,5000.000000,5000.000000,5000.000000,5000.000000,5000.000000,5000.000000,5000.000000,5000.000000,5000.000000,5000.000000,5000.000000,5000.000000,5000.000000,5000.000000,5000.000000,5000.000000,5000.000000,
5000.000000,5000.000000,5000.000000,5000.000000,5000.000000,5000.000000,5000.000000,5000.000000,5000.000000,5000.000000,5000.000000,5000.000000,5000.000000,5000.000000,5000.000000,5000.000000,5000.000000,5000.000000,5000.000000,5000.000000,5000.000000,5000.000000,5000.000000,5000.000000,5000.000000,5000.000000,5000.000000,5000.000000,5000.000000,5000.000000,5000.000000,5000.000000,5000.000000,5000.000000,5000.000000,5000.000000,5000.000000,5000.000000,5000.000000,5000.000000,
2.000000,2723.000000,5000.000000,5000.000000,5000.000000,5000.000000,5000.000000,5000.000000,5000.000000,5000.000000,5000.000000,5000.000000,5000.000000,5000.000000,5000.000000,5000.000000,5000.000000,5000.000000,5000.000000,5000.000000,5000.000000,5000.000000,5000.000000,5000.000000,5000.000000,5000.000000,5000.000000,5000.000000,5000.000000,5000.000000,5000.000000,5000.000000,5000.000000,5000.000000,5000.000000,5000.000000,5000.000000,5000.000000,5000.000000,5000.000000,
5000.000000,5000.000000,5000.000000,5000.000000,5000.000000,5000.000000,5000.000000,5000.000000,5000.000000,5000.000000,5000.000000,5000.000000,5000.000000,5000.000000,5000.000000,5000.000000,5000.000000,5000.000000,5000.000000,5000.000000,5000.000000,5000.000000,5000.000000,5000.000000,5000.000000,5000.000000,5000.000000,5000.000000,5000.000000,5000.000000,5000.000000,5000.000000,5000.000000,5000.000000,5000.000000,5000.000000,5000.000000,5000.000000,5000.000000,5000.000000,
5000.000000,5000.000000,5000.000000,5000.000000,5000.000000,5000.000000,5000.000000,5000.000000,5000.000000,5000.000000,5000.000000,5000.000000,5000.000000,5000.000000,5000.000000,5000.000000,5000.000000,5000.000000,5000.000000,5000.000000,5000.000000,5000.000000,5000.000000,5000.000000,5000.000000,5000.000000,5000.000000,5000.000000,5000.000000,5000.000000,5000.000000,5000.000000,5000.000000,5000.000000,5000.000000,5000.000000,5000.000000,5000.000000,5000.000000,5000.000000,
5000.000000,5000.000000,5000.000000,5000.000000,5000.000000,5000.000000,5000.000000,5000.000000,5000.000000,5000.000000,5000.000000,5000.000000,5000.000000,5000.000000,5000.000000,5000.000000,5000.000000,5000.000000,5000.000000,5000.000000,5000.000000,5000.000000,5000.000000,5000.000000,5000.000000,5000.000000,5000.000000,5000.000000,5000.000000,5000.000000,5000.000000,5000.000000,5000.000000,5000.000000,5000.000000,5000.000000,5000.000000,5000.000000,5000.000000,5000.000000,
5000.000000,5000.000000,5000.000000,5000.000000,5000.000000,5000.000000,5000.000000,5000.000000,5000.000000,5000.000000,5000.000000,5000.000000,5000.000000,5000.000000,5000.000000,5000.000000,5000.000000,5000.000000,5000.000000,5000.000000,5000.000000,5000.000000,5000.000000,5000.000000,5000.000000,5000.000000,5000.000000,5000.000000,5000.000000,5000.000000,5000.000000,5000.000000,5000.000000,5000.000000,5000.000000,5000.000000,5000.000000,5000.000000,5000.000000,5000.000000,
5000.000000,5000.000000,5000.000000,5000.000000,5000.000000,5000.000000,5000.000000,5000.000000,5000.000000,5000.000000,5000.000000,5000.000000,5000.000000,5000.000000,5000.000000,5000.000000,5000.000000,5000.000000,5000.000000,5000.000000,5000.000000,5000.000000,5000.000000,5000.000000,5000.000000,5000.000000,5000.000000,5000.000000,5000.000000,5000.000000,5000.000000,5000.000000,5000.000000,5000.000000,5000.000000,5000.000000,5000.000000,5000.000000,5000.000000,5000.000000,
3526.000000,5000.000000,5000.000000,5000.000000,5000.000000,5000.000000,5000.000000,5000.000000,5000.000000,5000.000000,5000.000000,5000.000000,5000.000000,5000.000000,5000.000000,5000.000000,5000.000000,5000.000000,5000.000000,5000.000000,5000.000000,5000.000000,5000.000000,5000.000000,5000.000000,5000.000000,5000.000000,5000.000000,5000.000000,5000.000000,5000.000000,5000.000000,5000.000000,5000.000000,5000.000000,5000.000000,5000.000000,5000.000000,5000.000000,5000.000000,
5000.000000,5000.000000,5000.000000,5000.000000,5000.000000,5000.000000,5000.000000,5000.000000,5000.000000,5000.000000,5000.000000,5000.000000,5000.000000,5000.000000,5000.000000,5000.000000,5000.000000,5000.000000,5000.000000,5000.000000,5000.000000,5000.000000,5000.000000,5000.000000,5000.000000,5000.000000,5000.000000,5000.000000,5000.000000,5000.000000,5000.000000,5000.000000,5000.000000,5000.000000,5000.000000,5000.000000,5000.000000,5000.000000,5000.000000,5000.000000,
5000.000000,5000.000000,5000.000000,5000.000000,5000.000000,5000.000000,5000.000000,5000.000000,5000.000000,5000.000000,5000.000000,5000.000000,5000.000000,5000.000000,5000.000000,5000.000000,5000.000000,5000.000000,5000.000000,5000.000000,5000.000000,5000.000000,5000.000000,5000.000000,5000.000000,5000.000000,5000.000000,5000.000000,5000.000000,5000.000000,5000.000000,5000.000000,5000.000000,5000.000000,5000.000000,5000.000000,5000.000000,5000.000000,5000.000000,5000.000000,
5000.000000,5000.000000,5000.000000,5000.000000,5000.000000,5000.000000,5000.000000,5000.000000,5000.000000,5000.000000,5000.000000,5000.000000,5000.000000,5000.000000,5000.000000,5000.000000,5000.000000,5000.000000,5000.000000,5000.000000,5000.000000,5000.000000,5000.000000,5000.000000,5000.000000,5000.000000,5000.000000,5000.000000,5000.000000,5000.000000,5000.000000,5000.000000,5000.000000,5000.000000,5000.000000,5000.000000,5000.000000,5000.000000,5000.000000,5000.000000,
1772.000000,5000.000000,5000.000000,5000.000000,5000.000000,5000.000000,5000.000000,5000.000000,5000.000000,5000.000000,5000.000000,5000.000000,5000.000000,5000.000000,5000.000000,5000.000000,5000.000000,5000.000000,5000.000000,5000.000000,5000.000000,5000.000000,5000.000000,5000.000000,5000.000000,5000.000000,5000.000000,5000.000000,5000.000000,5000.000000,5000.000000,5000.000000,5000.000000,5000.000000,5000.000000,5000.000000,5000.000000,5000.000000,5000.000000,5000.000000,
5000.000000,5000.000000,5000.000000,5000.000000,5000.000000,5000.000000,5000.000000,5000.000000,5000.000000,5000.000000,5000.000000,5000.000000,5000.000000,5000.000000,5000.000000,5000.000000,5000.000000,5000.000000,5000.000000,5000.000000,5000.000000,5000.000000,5000.000000,5000.000000,5000.000000,5000.000000,5000.000000,5000.000000,5000.000000,5000.000000,5000.000000,5000.000000,5000.000000,5000.000000,5000.000000,5000.000000,5000.000000,5000.000000,5000.000000,5000.000000,
5000.000000,5000.000000,5000.000000,5000.000000,5000.000000,5000.000000,5000.000000,5000.000000,5000.000000,5000.000000,5000.000000,5000.000000,5000.000000,5000.000000,5000.000000,5000.000000,5000.000000,5000.000000,5000.000000,5000.000000,5000.000000,5000.000000,5000.000000,5000.000000,5000.000000,5000.000000,5000.000000,5000.000000,5000.000000,5000.000000,5000.000000,5000.000000,5000.000000,5000.000000,5000.000000,5000.000000,5000.000000,5000.000000,5000.000000,5000.000000,
5000.000000,5000.000000,5000.000000,5000.000000,5000.000000,5000.000000,5000.000000,5000.000000,5000.000000,5000.000000,5000.000000,5000.000000,5000.000000,5000.000000,5000.000000,5000.000000,5000.000000,5000.000000,5000.000000,5000.000000,5000.000000,5000.000000,5000.000000,5000.000000,5000.000000,5000.000000,5000.000000,5000.000000,5000.000000,5000.000000,5000.000000,5000.000000,5000.000000,5000.000000,5000.000000,5000.000000,5000.000000,5000.000000,5000.000000,5000.000000,
5000.000000,5000.000000,5000.000000,5000.000000,5000.000000,5000.000000,5000.000000,5000.000000,5000.000000,5000.000000,5000.000000,5000.000000,5000.000000,5000.000000,5000.000000,5000.000000,5000.000000,5000.000000,5000.000000,5000.000000,5000.000000,5000.000000,5000.000000,5000.000000,5000.000000,5000.000000,5000.000000,5000.000000,5000.000000,5000.000000,5000.000000,5000.000000,5000.000000,5000.000000,5000.000000,5000.000000,5000.000000,5000.000000,5000.000000,5000.000000,
5000.000000,5000.000000,5000.000000,5000.000000,5000.000000,5000.000000,5000.000000,5000.000000,5000.000000,5000.000000,5000.000000,5000.000000,5000.000000,5000.000000,5000.000000,5000.000000,5000.000000,5000.000000,5000.000000,5000.000000,5000.000000,5000.000000,5000.000000,5000.000000,5000.000000,5000.000000,5000.000000,5000.000000,5000.000000,5000.000000,5000.000000,5000.000000,5000.000000,5000.000000,5000.000000,5000.000000,5000.000000,5000.000000,5000.000000,5000.000000,
5000.000000,5000.000000,5000.000000,5000.000000,5000.000000,5000.000000,5000.000000,5000.000000,5000.000000,5000.000000,5000.000000,5000.000000,5000.000000,5000.000000,5000.000000,5000.000000,5000.000000,5000.000000,5000.000000,5000.000000,5000.000000,5000.000000,5000.000000,5000.000000,5000.000000,5000.000000,5000.000000,5000.000000,5000.000000,5000.000000,5000.000000,5000.000000,5000.000000,5000.000000,5000.000000,5000.000000,5000.000000,5000.000000,5000.000000,5000.000000,
5000.000000,5000.000000,5000.000000,5000.000000,5000.000000,5000.000000,5000.000000,5000.000000,5000.000000,5000.000000,5000.000000,5000.000000,5000.000000,5000.000000,5000.000000,5000.000000,5000.000000,5000.000000,5000.000000,5000.000000,5000.000000,5000.000000,5000.000000,5000.000000,5000.000000,5000.000000,5000.000000,5000.000000,5000.000000,5000.000000,5000.000000,5000.000000,5000.000000,5000.000000,5000.000000,5000.000000,5000.000000,5000.000000,5000.000000,5000.000000,
5000.000000,5000.000000,5000.000000,5000.000000,5000.000000,5000.000000,5000.000000,5000.000000,5000.000000,5000.000000,5000.000000,5000.000000,5000.000000,5000.000000,5000.000000,5000.000000,5000.000000,5000.000000,5000.000000,5000.000000,5000.000000,5000.000000,5000.000000,5000.000000,5000.000000,5000.000000,5000.000000,5000.000000,5000.000000,5000.000000,5000.000000,5000.000000,5000.000000,5000.000000,5000.000000,5000.000000,5000.000000,5000.000000,5000.000000,5000.000000,
3394.000000,5000.000000,5000.000000,5000.000000,5000.000000,5000.000000,5000.000000,5000.000000,5000.000000,5000.000000,5000.000000,5000.000000,5000.000000,5000.000000,5000.000000,5000.000000,5000.000000,5000.000000,5000.000000,5000.000000,5000.000000,5000.000000,5000.000000,5000.000000,5000.000000,5000.000000,5000.000000,5000.000000,5000.000000,5000.000000,5000.000000,5000.000000,5000.000000,5000.000000,5000.000000,5000.000000,5000.000000,5000.000000,5000.000000,5000.000000,
5000.000000,5000.000000,5000.000000,5000.000000,5000.000000,5000.000000,5000.000000,5000.000000,5000.000000,5000.000000,5000.000000,5000.000000,5000.000000,5000.000000,5000.000000,5000.000000,5000.000000,5000.000000,5000.000000,5000.000000,5000.000000,5000.000000,5000.000000,5000.000000,5000.000000,5000.000000,5000.000000,5000.000000,5000.000000,5000.000000,5000.000000,5000.000000,5000.000000,5000.000000,5000.000000,5000.000000,5000.000000,5000.000000,5000.000000,5000.000000,
1968.000000,5000.000000,5000.000000,5000.000000,5000.000000,5000.000000,5000.000000,5000.000000,5000.000000,5000.000000,5000.000000,5000.000000,5000.000000,5000.000000,5000.000000,5000.000000,5000.000000,5000.000000,5000.000000,5000.000000,5000.000000,5000.000000,5000.000000,5000.000000,5000.000000,5000.000000,5000.000000,5000.000000,5000.000000,5000.000000,5000.000000,5000.000000,5000.000000,5000.000000,5000.000000,5000.000000,5000.000000,5000.000000,5000.000000,5000.000000,
5000.000000,5000.000000,5000.000000,5000.000000,5000.000000,5000.000000,5000.000000,5000.000000,5000.000000,5000.000000,5000.000000,5000.000000,5000.000000,5000.000000,5000.000000,5000.000000,5000.000000,5000.000000,5000.000000,5000.000000,5000.000000,5000.000000,5000.000000,5000.000000,5000.000000,5000.000000,5000.000000,5000.000000,5000.000000,5000.000000,5000.000000,5000.000000,5000.000000,5000.000000,5000.000000,5000.000000,5000.000000,5000.000000,5000.000000,5000.000000,
5000.000000,5000.000000,5000.000000,5000.000000,5000.000000,5000.000000,5000.000000,5000.000000,5000.000000,5000.000000,5000.000000,5000.000000,5000.000000,5000.000000,5000.000000,5000.000000,5000.000000,5000.000000,5000.000000,5000.000000,5000.000000,5000.000000,5000.000000,5000.000000,5000.000000,5000.000000,5000.000000,5000.000000,5000.000000,5000.000000,5000.000000,5000.000000,5000.000000,5000.000000,5000.000000,5000.000000,5000.000000,5000.000000,5000.000000,5000.000000,
5000.000000,5000.000000,5000.000000,5000.000000,5000.000000,5000.000000,5000.000000,5000.000000,5000.000000,5000.000000,5000.000000,5000.000000,5000.000000,5000.000000,5000.000000,5000.000000,5000.000000,5000.000000,5000.000000,5000.000000,5000.000000,5000.000000,5000.000000,5000.000000,5000.000000,5000.000000,5000.000000,5000.000000,5000.000000,5000.000000,5000.000000,5000.000000,5000.000000,5000.000000,5000.000000,5000.000000,5000.000000,5000.000000,5000.000000,5000.000000,
5000.000000,5000.000000,5000.000000,5000.000000,5000.000000,5000.000000,5000.000000,5000.000000,5000.000000,5000.000000,5000.000000,5000.000000,5000.000000,5000.000000,5000.000000,5000.000000,5000.000000,5000.000000,5000.000000,5000.000000,5000.000000,5000.000000,5000.000000,5000.000000,5000.000000,5000.000000,5000.000000,5000.000000,5000.000000,5000.000000,5000.000000,5000.000000,5000.000000,5000.000000,5000.000000,5000.000000,5000.000000,5000.000000,5000.000000,5000.000000,
5000.000000,5000.000000,5000.000000,5000.000000,5000.000000,5000.000000,5000.000000,5000.000000,5000.000000,5000.000000,5000.000000,5000.000000,5000.000000,5000.000000,5000.000000,5000.000000,5000.000000,5000.000000,5000.000000,5000.000000,5000.000000,5000.000000,5000.000000,5000.000000,5000.000000,5000.000000,5000.000000,5000.000000,5000.000000,5000.000000,5000.000000,5000.000000,5000.000000,5000.000000,5000.000000,5000.000000,5000.000000,5000.000000,5000.000000,5000.000000,
5000.000000,5000.000000,5000.000000,5000.000000,5000.000000,5000.000000,5000.000000,5000.000000,5000.000000,5000.000000,5000.000000,5000.000000,5000.000000,5000.000000,5000.000000,5000.000000,5000.000000,5000.000000,5000.000000,5000.000000,5000.000000,5000.000000,5000.000000,5000.000000,5000.000000,5000.000000,5000.000000,5000.000000,5000.000000,5000.000000,5000.000000,5000.000000,5000.000000,5000.000000,5000.000000,5000.000000,5000.000000,5000.000000,5000.000000,5000.000000,
5000.000000,5000.000000,5000.000000,5000.000000,5000.000000,5000.000000,5000.000000,5000.000000,5000.000000,5000.000000,5000.000000,5000.000000,5000.000000,5000.000000,5000.000000,5000.000000,5000.000000,5000.000000,5000.000000,5000.000000,5000.000000,5000.000000,5000.000000,5000.000000,5000.000000,5000.000000,5000.000000,5000.000000,5000.000000,5000.000000,5000.000000,5000.000000,5000.000000,5000.000000,5000.000000,5000.000000,5000.000000,5000.000000,5000.000000,5000.000000,
5000.000000,5000.000000,5000.000000,5000.000000,5000.000000,5000.000000,5000.000000,5000.000000,5000.000000,5000.000000,5000.000000,5000.000000,5000.000000,5000.000000,5000.000000,5000.000000,5000.000000,5000.000000,5000.000000,5000.000000,5000.000000,5000.000000,5000.000000,5000.000000,5000.000000,5000.000000,5000.000000,5000.000000,5000.000000,5000.000000,5000.000000,5000.000000,5000.000000,5000.000000,5000.000000,5000.000000,5000.000000,5000.000000,5000.000000,5000.000000,
5000.000000,5000.000000,5000.000000,5000.000000,5000.000000,5000.000000,5000.000000,5000.000000,5000.000000,5000.000000,5000.000000,5000.000000,5000.000000,5000.000000,5000.000000,5000.000000,5000.000000,5000.000000,5000.000000,5000.000000,5000.000000,5000.000000,5000.000000,5000.000000,5000.000000,5000.000000,5000.000000,5000.000000,5000.000000,5000.000000,5000.000000,5000.000000,5000.000000,5000.000000,5000.000000,5000.000000,5000.000000,5000.000000,5000.000000,5000.000000,
5000.000000,5000.000000,5000.000000,5000.000000,5000.000000,5000.000000,5000.000000,5000.000000,5000.000000,5000.000000,5000.000000,5000.000000,5000.000000,5000.000000,5000.000000,5000.000000,5000.000000,5000.000000,5000.000000,5000.000000,5000.000000,5000.000000,5000.000000,5000.000000,5000.000000,5000.000000,5000.000000,5000.000000,5000.000000,5000.000000,5000.000000,5000.000000,5000.000000,5000.000000,5000.000000,5000.000000,5000.000000,5000.000000,5000.000000,5000.000000,
5000.000000,5000.000000,5000.000000,5000.000000,5000.000000,5000.000000,5000.000000,5000.000000,5000.000000,5000.000000,5000.000000,5000.000000,5000.000000,5000.000000,5000.000000,5000.000000,5000.000000,5000.000000,5000.000000,5000.000000,5000.000000,5000.000000,5000.000000,5000.000000,5000.000000,5000.000000,5000.000000,5000.000000,5000.000000,5000.000000,5000.000000,5000.000000,5000.000000,5000.000000,5000.000000,5000.000000,5000.000000,5000.000000,5000.000000,5000.000000,
1484.000000,5000.000000,5000.000000,5000.000000,5000.000000,5000.000000,5000.000000,5000.000000,5000.000000,5000.000000,5000.000000,5000.000000,5000.000000,5000.000000,5000.000000,5000.000000,5000.000000,5000.000000,5000.000000,5000.000000,5000.000000,5000.000000,5000.000000,5000.000000,5000.000000,5000.000000,5000.000000,5000.000000,5000.000000,5000.000000,5000.000000,5000.000000,5000.000000,5000.000000,5000.000000,5000.000000,5000.000000,5000.000000,5000.000000,5000.000000,
5000.000000,5000.000000,5000.000000,5000.000000,5000.000000,5000.000000,5000.000000,5000.000000,5000.000000,5000.000000,5000.000000,5000.000000,5000.000000,5000.000000,5000.000000,5000.000000,5000.000000,5000.000000,5000.000000,5000.000000,5000.000000,5000.000000,5000.000000,5000.000000,5000.000000,5000.000000,5000.000000,5000.000000,5000.000000,5000.000000,5000.000000,5000.000000,5000.000000,5000.000000,5000.000000,5000.000000,5000.000000,5000.000000,5000.000000,5000.000000,
1971.000000,5000.000000,5000.000000,5000.000000,5000.000000,5000.000000,5000.000000,5000.000000,5000.000000,5000.000000,5000.000000,5000.000000,5000.000000,5000.000000,5000.000000,5000.000000,5000.000000,5000.000000,5000.000000,5000.000000,5000.000000,5000.000000,5000.000000,5000.000000,5000.000000,5000.000000,5000.000000,5000.000000,5000.000000,5000.000000,5000.000000,5000.000000,5000.000000,5000.000000,5000.000000,5000.000000,5000.000000,5000.000000,5000.000000,5000.000000,
5000.000000,5000.000000,5000.000000,5000.000000,5000.000000,5000.000000,5000.000000,5000.000000,5000.000000,5000.000000,5000.000000,5000.000000,5000.000000,5000.000000,5000.000000,5000.000000,5000.000000,5000.000000,5000.000000,5000.000000,5000.000000,5000.000000,5000.000000,5000.000000,5000.000000,5000.000000,5000.000000,5000.000000,5000.000000,5000.000000,5000.000000,5000.000000,5000.000000,5000.000000,5000.000000,5000.000000,5000.000000,5000.000000,5000.000000,5000.000000,
5000.000000,5000.000000,5000.000000,5000.000000,5000.000000,5000.000000,5000.000000,5000.000000,5000.000000,5000.000000,5000.000000,5000.000000,5000.000000,5000.000000,5000.000000,5000.000000,5000.000000,5000.000000,5000.000000,5000.000000,5000.000000,5000.000000,5000.000000,5000.000000,5000.000000,5000.000000,5000.000000,5000.000000,5000.000000,5000.000000,5000.000000,5000.000000,5000.000000,5000.000000,5000.000000,5000.000000,5000.000000,5000.000000,5000.000000,5000.000000,
5000.000000,5000.000000,5000.000000,5000.000000,5000.000000,5000.000000,5000.000000,5000.000000,5000.000000,5000.000000,5000.000000,5000.000000,5000.000000,5000.000000,5000.000000,5000.000000,5000.000000,5000.000000,5000.000000,5000.000000,5000.000000,5000.000000,5000.000000,5000.000000,5000.000000,5000.000000,5000.000000,5000.000000,5000.000000,5000.000000,5000.000000,5000.000000,5000.000000,5000.000000,5000.000000,5000.000000,5000.000000,5000.000000,5000.000000,5000.000000,
5000.000000,5000.000000,5000.000000,5000.000000,5000.000000,5000.000000,5000.000000,5000.000000,5000.000000,5000.000000,5000.000000,5000.000000,5000.000000,5000.000000,5000.000000,5000.000000,5000.000000,5000.000000,5000.000000,5000.000000,5000.000000,5000.000000,5000.000000,5000.000000,5000.000000,5000.000000,5000.000000,5000.000000,5000.000000,5000.000000,5000.000000,5000.000000,5000.000000,5000.000000,5000.000000,5000.000000,5000.000000,5000.000000,5000.000000,5000.000000,
