0.000000,0.000000,0.000000,0.000000,0.000000,0.000000,0.000000,0.000000,0.000000,0.000000,0.000000,0.000000,0.000000,0.000000,0.000000,0.000000,0.000000,0.000000,0.000000,0.000000,0.000000,0.000000,0.000000,0.000000,0.000000,0.000000,0.000000,0.000000,0.000000,0.000000,0.000000,0.000000,0.000000,0.000000,0.000000,0.000000,0.000000,0.000000,0.000000,0.000000,
0.000000,0.236933,0.237440,0.237787,0.238305,0.238541,0.242883,0.245556,0.246890,0.248162,0.248355,0.249930,0.258159,0.262801,0.264860,0.268111,0.276456,0.279693,0.281397,0.299047,0.304350,0.306872,0.308262,0.314166,0.315217,0.315271,0.318532,0.321498,0.322505,0.322582,0.323642,0.329021,0.329024,0.329026,0.329091,0.329873,0.332933,0.333075,0.333776,0.333914,
0.235867,0.236409,0.236646,0.236765,0.239337,0.241746,0.245746,0.248262,0.248936,0.251030,0.251934,0.253613,0.255207,0.255228,0.258555,0.262901,0.268491,0.278423,0.284572,0.291902,0.291926,0.297874,0.302695,0.303943,0.305222,0.305374,0.306436,0.308806,0.313273,0.315369,0.320267,0.322134,0.322139,0.323860,0.323863,0.324710,0.327882,0.328629,0.330068,0.330754,
0.000172,0.222774,0.222964,0.235600,0.235911,0.238622,0.240437,0.240481,0.243603,0.243609,0.244827,0.248801,0.251051,0.255195,0.258506,0.258516,0.258519,0.260249,0.261089,0.261810,0.261825,0.261853,0.261878,0.262034,0.263523,0.263557,0.279911,0.283038,0.289016,0.298849,0.298850,0.302736,0.315359,0.315472,0.318767,0.330757,0.330764,0.331424,0.332131,0.332932,
0.235624,0.236352,0.236593,0.236625,0.241706,0.243293,0.244737,0.244856,0.245794,0.251952,0.253646,0.257888,0.258503,0.258651,0.261820,0.261893,0.263493,0.270167,0.270190,0.286166,0.287568,0.292278,0.293376,0.294248,0.305229,0.307613,0.307705,0.311057,0.313277,0.315376,0.316447,0.318498,0.322133,0.323006,0.325527,0.328869,0.330748,0.330754,0.331463,0.332717,
0.236303,0.236745,0.236790,0.237461,0.240349,0.240508,0.242278,0.244895,0.248802,0.251910,0.255620,0.256854,0.260232,0.261123,0.263545,0.263559,0.273470,0.281471,0.289014,0.289069,0.291983,0.296152,0.297514,0.297591,0.298830,0.300176,0.305204,0.307639,0.309949,0.309988,0.310629,0.311080,0.311150,0.318375,0.322991,0.322997,0.328633,0.332718,0.332724,0.332995,
0.000506,0.003990,0.235788,0.236105,0.236214,0.236701,0.237449,0.238280,0.240320,0.241958,0.243527,0.248752,0.250334,0.251053,0.255173,0.258557,0.261087,0.261670,0.261805,0.261926,0.262696,0.281477,0.283013,0.283058,0.287566,0.305235,0.306444,0.307629,0.307688,0.307765,0.312174,0.313273,0.316392,0.317418,0.321204,0.322103,0.329353,0.331435,0.332083,0.332714,
0.236180,0.236454,0.236478,0.237434,0.238369,0.239363,0.250383,0.250939,0.251949,0.252523,0.255183,0.255832,0.261870,0.263485,0.263572,0.270555,0.273478,0.275107,0.275306,0.275548,0.284551,0.289101,0.291935,0.293354,0.293387,0.296194,0.298879,0.301441,0.308779,0.313286,0.314327,0.315373,0.320276,0.320311,0.323860,0.325001,0.325656,0.327152,0.330770,0.332716,
0.222870,0.235869,0.236475,0.236701,0.237476,0.238374,0.238774,0.239320,0.239440,0.240466,0.242350,0.242404,0.247254,0.253551,0.255149,0.256944,0.257745,0.260209,0.261599,0.261884,0.262011,0.265203,0.270181,0.279986,0.289054,0.289086,0.298886,0.300244,0.302727,0.305213,0.313295,0.314328,0.323511,0.323854,0.324719,0.324734,0.325519,0.328628,0.329358,0.332715,
0.235534,0.235548,0.235775,0.236903,0.237390,0.237480,0.238401,0.238404,0.241743,0.242267,0.253524,0.254673,0.255208,0.257765,0.258489,0.260203,0.261095,0.265218,0.270616,0.281522,0.284588,0.291989,0.294775,0.296113,0.307618,0.308809,0.312162,0.312197,0.315412,0.321264,0.322169,0.327262,0.328108,0.330078,0.330762,0.331428,0.331581,0.332087,0.332717,0.332722,
0.235834,0.236536,0.236722,0.239358,0.241680,0.242205,0.244324,0.244401,0.244415,0.245774,0.250354,0.250362,0.257095,0.257899,0.257980,0.260172,0.263575,0.263745,0.268538,0.270425,0.276723,0.279946,0.286049,0.286065,0.286085,0.287574,0.290489,0.293414,0.294786,0.294848,0.301456,0.308795,0.312158,0.314329,0.322136,0.325532,0.327883,0.328797,0.332715,0.332728,
0.237347,0.237372,0.238390,0.240292,0.241649,0.242159,0.242362,0.242378,0.242451,0.242963,0.243025,0.244570,0.247694,0.250338,0.251931,0.254487,0.255188,0.256839,0.258543,0.261705,0.273479,0.278335,0.286078,0.286091,0.290503,0.300420,0.301442,0.307639,0.308793,0.309075,0.311101,0.312158,0.312171,0.315380,0.317399,0.317428,0.326371,0.328695,0.329363,0.332715,
0.000089,0.223127,0.235998,0.236532,0.238371,0.239329,0.240458,0.247595,0.248808,0.251005,0.253532,0.253560,0.254453,0.255694,0.256018,0.257974,0.260760,0.261870,0.267296,0.270294,0.271825,0.275124,0.278310,0.284567,0.286072,0.286083,0.287704,0.293384,0.300290,0.304134,0.307612,0.312211,0.319366,0.320419,0.323024,0.323847,0.324715,0.330769,0.331662,0.332714,
0.236208,0.236567,0.237350,0.243120,0.248756,0.248775,0.250367,0.250704,0.255191,0.258088,0.260975,0.261827,0.261877,0.265705,0.266945,0.270223,0.273469,0.275118,0.276882,0.283019,0.283240,0.293384,0.296112,0.296171,0.298854,0.302718,0.303993,0.307616,0.311142,0.312179,0.319361,0.321488,0.326338,0.327126,0.328183,0.328629,0.331439,0.331445,0.332098,0.332719,
0.000066,0.000347,0.235461,0.235689,0.236110,0.236165,0.236391,0.236764,0.236775,0.237484,0.244294,0.245836,0.246044,0.247594,0.251127,0.253596,0.254571,0.256870,0.257911,0.261842,0.262038,0.262635,0.266867,0.281548,0.290486,0.294756,0.301455,0.306473,0.311062,0.313261,0.315359,0.319337,0.320292,0.323020,0.323205,0.329412,0.330104,0.331451,0.332719,0.332722,
0.223153,0.235956,0.236104,0.236414,0.236773,0.238723,0.242334,0.244952,0.245793,0.248796,0.253851,0.255208,0.255944,0.258145,0.258177,0.258502,0.260703,0.262919,0.264858,0.271907,0.283012,0.284620,0.287630,0.287909,0.290520,0.293343,0.294802,0.298832,0.302728,0.308987,0.315366,0.318405,0.324702,0.324716,0.325573,0.326245,0.326581,0.329367,0.330754,0.332715,
0.000156,0.235634,0.235640,0.235687,0.236982,0.237323,0.238769,0.240364,0.242312,0.245021,0.247662,0.248753,0.250416,0.250784,0.252106,0.255217,0.255641,0.257782,0.261504,0.265202,0.273502,0.279889,0.279904,0.279905,0.281497,0.289563,0.290542,0.293328,0.294776,0.311429,0.312277,0.314409,0.321209,0.323857,0.324701,0.329353,0.329378,0.329437,0.331473,0.332721,
0.235661,0.236222,0.236482,0.237982,0.240544,0.242384,0.245784,0.247305,0.250367,0.253772,0.255656,0.258515,0.260237,0.260866,0.261096,0.261388,0.261938,0.262847,0.266923,0.266960,0.271538,0.271903,0.273509,0.284963,0.298815,0.300128,0.302731,0.304145,0.306422,0.306451,0.308930,0.314315,0.317577,0.322121,0.322997,0.325688,0.327883,0.327884,0.330106,0.332716,
0.235601,0.235944,0.236434,0.236609,0.238696,0.239340,0.240384,0.242362,0.245851,0.245858,0.251037,0.251923,0.263512,0.265235,0.270197,0.271896,0.273517,0.276708,0.276708,0.276728,0.279909,0.281546,0.281804,0.283010,0.284562,0.294770,0.294789,0.298843,0.302751,0.306436,0.306753,0.306949,0.308781,0.309965,0.314310,0.314356,0.327135,0.327184,0.328027,0.332720,
0.222699,0.236402,0.237454,0.237463,0.238346,0.238422,0.239410,0.240219,0.241682,0.243441,0.248783,0.250301,0.250449,0.250969,0.251943,0.253618,0.256009,0.256809,0.256941,0.261342,0.261529,0.265223,0.266875,0.275090,0.275096,0.276723,0.276725,0.278431,0.279891,0.281463,0.283159,0.290511,0.293335,0.303973,0.308804,0.321243,0.323878,0.329369,0.332099,0.332716,
0.000261,0.235658,0.235772,0.236036,0.237373,0.243740,0.244864,0.247573,0.250798,0.251939,0.258096,0.260168,0.263721,0.268522,0.270191,0.270292,0.279889,0.279928,0.283026,0.284670,0.287566,0.289105,0.291988,0.295308,0.300162,0.303975,0.308514,0.315365,0.319368,0.319808,0.320293,0.321201,0.322999,0.323035,0.323038,0.327917,0.329360,0.330764,0.332099,0.332717,
0.223171,0.223266,0.235870,0.237371,0.237418,0.238707,0.243501,0.244890,0.244931,0.247650,0.247733,0.256827,0.258472,0.268543,0.271817,0.273468,0.273504,0.275089,0.279877,0.289033,0.289039,0.302846,0.302898,0.305224,0.309936,0.311033,0.312176,0.314309,0.318358,0.318540,0.319346,0.323878,0.324720,0.324722,0.326428,0.327114,0.327116,0.328713,0.332715,0.332748,
0.222652,0.222942,0.236064,0.237530,0.240484,0.241691,0.242235,0.247251,0.248046,0.248805,0.248873,0.250661,0.250851,0.255807,0.255954,0.256844,0.258466,0.261374,0.261906,0.262517,0.279914,0.291933,0.291945,0.293477,0.296140,0.300327,0.306422,0.307622,0.312167,0.312186,0.318394,0.320274,0.324726,0.325515,0.327907,0.328759,0.329358,0.330088,0.332108,0.332716,
0.000083,0.000191,0.004255,0.222921,0.235617,0.235875,0.238481,0.238799,0.238825,0.244943,0.245751,0.251923,0.254347,0.260849,0.261051,0.268545,0.271881,0.272364,0.275389,0.279152,0.279935,0.284642,0.286059,0.289062,0.296175,0.300190,0.300521,0.302725,0.303996,0.309330,0.314324,0.316399,0.319560,0.322171,0.326330,0.328623,0.328645,0.332112,0.332716,0.332738,
0.222794,0.235762,0.237479,0.242488,0.243325,0.248876,0.256867,0.260173,0.260210,0.262656,0.262969,0.266877,0.270264,0.278342,0.278606,0.280084,0.282977,0.284423,0.284516,0.286082,0.291397,0.291964,0.296138,0.300253,0.301458,0.301461,0.304075,0.306428,0.308792,0.313253,0.313257,0.318437,0.321529,0.323006,0.324687,0.327183,0.327882,0.332715,0.333082,0.334063,
0.222890,0.222899,0.235816,0.236131,0.236153,0.236235,0.236412,0.239033,0.240394,0.243317,0.248800,0.251941,0.254317,0.260931,0.261070,0.261935,0.263538,0.265199,0.271846,0.273494,0.273503,0.283079,0.290480,0.291952,0.300173,0.301442,0.301465,0.305211,0.306428,0.306562,0.313250,0.316803,0.321233,0.323842,0.325516,0.326321,0.328642,0.329370,0.330069,0.330756,
0.003513,0.222732,0.235744,0.236009,0.239004,0.240494,0.242333,0.242377,0.242744,0.243581,0.247228,0.247286,0.253573,0.255204,0.255630,0.258496,0.258514,0.260915,0.262683,0.267268,0.270259,0.278310,0.284541,0.293338,0.293352,0.294757,0.299255,0.302832,0.305223,0.312396,0.314329,0.317394,0.320364,0.322108,0.323867,0.323884,0.328633,0.328715,0.330754,0.330800,
0.235492,0.235581,0.235685,0.235862,0.237362,0.237579,0.240355,0.240851,0.241960,0.242455,0.250441,0.253553,0.255787,0.256856,0.258560,0.260156,0.261097,0.261204,0.262345,0.262778,0.263683,0.265189,0.266874,0.268548,0.270177,0.277364,0.286090,0.290489,0.290536,0.290650,0.298855,0.302851,0.307647,0.317409,0.318373,0.320655,0.328084,0.328721,0.330755,0.330779,
0.235967,0.236759,0.237487,0.238652,0.239355,0.242405,0.247937,0.250361,0.253497,0.256928,0.258474,0.262731,0.268518,0.268526,0.268633,0.268639,0.268888,0.275113,0.278303,0.278319,0.279952,0.287891,0.291023,0.296154,0.297525,0.298838,0.301541,0.305257,0.307601,0.313259,0.313295,0.314359,0.316559,0.318388,0.323003,0.324717,0.327875,0.330752,0.331444,0.331753,
0.222899,0.235600,0.235612,0.235969,0.236806,0.238318,0.238408,0.238499,0.239381,0.242293,0.243189,0.245760,0.245844,0.248760,0.250404,0.255225,0.257678,0.258212,0.260172,0.261960,0.271824,0.271843,0.278397,0.281452,0.284585,0.289077,0.293373,0.298870,0.315381,0.318402,0.319350,0.323026,0.323374,0.323859,0.326348,0.327887,0.330065,0.330133,0.331422,0.331427,
0.000074,0.235782,0.235980,0.236172,0.236188,0.236197,0.236750,0.238356,0.238739,0.240388,0.240465,0.240811,0.244361,0.250901,0.251956,0.255782,0.258504,0.265230,0.271866,0.276758,0.287552,0.290566,0.297493,0.298807,0.298832,0.298917,0.304001,0.307628,0.307639,0.307648,0.308829,0.317419,0.318414,0.322087,0.324694,0.325531,0.329367,0.331422,0.332152,0.333004,
0.235915,0.238680,0.239351,0.241179,0.244394,0.244630,0.245741,0.245818,0.245833,0.255787,0.262623,0.265185,0.270189,0.278419,0.279922,0.281485,0.283087,0.285088,0.286142,0.289055,0.294794,0.296123,0.298903,0.302738,0.309970,0.309988,0.315455,0.316390,0.316414,0.316537,0.323855,0.330792,0.330804,0.330884,0.330969,0.331433,0.331497,0.331575,0.332088,0.332717,
0.223254,0.235639,0.236749,0.239460,0.242320,0.244347,0.244745,0.248769,0.250461,0.253619,0.255212,0.255920,0.257841,0.263547,0.271822,0.271829,0.273473,0.276708,0.281485,0.283045,0.289056,0.293496,0.294749,0.296146,0.301444,0.307661,0.309945,0.311085,0.312171,0.313279,0.321312,0.322125,0.322990,0.323016,0.323859,0.324418,0.327109,0.327882,0.332458,0.332715,
0.222787,0.223029,0.235632,0.238642,0.240338,0.240346,0.240544,0.247266,0.247482,0.250288,0.251162,0.258103,0.258530,0.262910,0.263006,0.278435,0.287545,0.287568,0.292835,0.293385,0.293635,0.293914,0.302723,0.302729,0.302737,0.308785,0.309959,0.314347,0.315380,0.318417,0.319335,0.322154,0.323864,0.327112,0.328046,0.329348,0.330140,0.332091,0.332717,0.332726,
0.222866,0.222997,0.238792,0.240289,0.240522,0.241688,0.242719,0.242972,0.244355,0.244677,0.247398,0.248796,0.250988,0.252023,0.255202,0.255524,0.255910,0.261207,0.261271,0.261598,0.261771,0.261851,0.268795,0.275119,0.286449,0.289037,0.289045,0.301429,0.302710,0.314323,0.316598,0.319350,0.320385,0.322991,0.323069,0.328629,0.329359,0.329395,0.330757,0.332717,
0.235767,0.237272,0.237834,0.238290,0.242339,0.243632,0.244394,0.244729,0.248817,0.250721,0.251931,0.251935,0.256953,0.257907,0.258509,0.258531,0.261381,0.262833,0.271840,0.276739,0.278514,0.286053,0.291940,0.298853,0.301933,0.307320,0.308826,0.309941,0.312160,0.313696,0.314473,0.317550,0.321355,0.323862,0.324422,0.324707,0.326899,0.330064,0.331461,0.332717,
0.237485,0.240297,0.240477,0.247291,0.247763,0.248816,0.248846,0.253580,0.253942,0.256847,0.257900,0.260111,0.265294,0.266855,0.273482,0.278336,0.281504,0.286054,0.286317,0.289037,0.290507,0.291946,0.293355,0.297519,0.305364,0.307629,0.308774,0.309471,0.311064,0.312541,0.316410,0.318555,0.319372,0.319389,0.325531,0.325537,0.327886,0.330105,0.332716,0.332729,
0.222432,0.223067,0.238340,0.239350,0.240270,0.240325,0.240453,0.241807,0.244665,0.248908,0.250367,0.258005,0.258347,0.258463,0.261318,0.261446,0.261855,0.262661,0.263530,0.263544,0.268512,0.275104,0.278338,0.286048,0.289052,0.289099,0.293353,0.304048,0.305318,0.312169,0.312171,0.314320,0.318379,0.320296,0.321241,0.322113,0.323005,0.328628,0.332088,0.332716,
0.223373,0.235660,0.235669,0.236126,0.236994,0.237376,0.237414,0.240427,0.242461,0.242538,0.243013,0.244344,0.244946,0.245729,0.250422,0.251266,0.254275,0.258493,0.265258,0.272208,0.273523,0.289213,0.293359,0.294738,0.299723,0.302726,0.309951,0.313397,0.314309,0.318825,0.323008,0.323857,0.323914,0.327179,0.327906,0.329358,0.330089,0.331723,0.332718,0.332721,
0.235677,0.236290,0.238318,0.240469,0.240510,0.247259,0.250362,0.251938,0.261941,0.261958,0.262794,0.265304,0.268543,0.273515,0.276748,0.279922,0.283221,0.284601,0.286053,0.291959,0.300155,0.300162,0.300322,0.301462,0.301571,0.303989,0.306433,0.306434,0.315394,0.321218,0.322206,0.324694,0.324721,0.331663,0.332081,0.332093,0.332715,0.332757,0.332805,0.332876,
0.235587,0.235632,0.235829,0.236167,0.236514,0.236738,0.238378,0.238382,0.238538,0.243623,0.244392,0.247799,0.247886,0.254322,0.254584,0.256075,0.262214,0.262636,0.271861,0.281455,0.281884,0.290488,0.290500,0.291934,0.294774,0.296153,0.302727,0.315349,0.315374,0.315413,0.319325,0.322993,0.325540,0.326334,0.330083,0.331422,0.331450,0.332098,0.332716,0.332718,
0.223278,0.235565,0.235609,0.235790,0.235883,0.238309,0.244666,0.244884,0.246228,0.247636,0.247826,0.248760,0.250968,0.251908,0.251925,0.260196,0.261848,0.284594,0.289057,0.292028,0.292053,0.293379,0.294985,0.297509,0.300329,0.302748,0.303968,0.304071,0.304079,0.308860,0.312155,0.313494,0.319339,0.321899,0.322174,0.323002,0.326347,0.328831,0.332129,0.332715,
0.235635,0.236115,0.236122,0.238354,0.238365,0.239341,0.240285,0.241672,0.243054,0.244496,0.245039,0.251994,0.257008,0.257908,0.258494,0.262791,0.262881,0.266874,0.271828,0.273499,0.279863,0.279984,0.286130,0.286212,0.291991,0.294942,0.304119,0.314396,0.315402,0.318403,0.321209,0.321233,0.323850,0.325525,0.326325,0.327874,0.329359,0.330072,0.332165,0.332713,
0.223020,0.238415,0.238587,0.240275,0.242286,0.243460,0.248819,0.250907,0.251071,0.251117,0.251928,0.251934,0.253566,0.258506,0.260224,0.261848,0.262476,0.267214,0.275117,0.275136,0.283029,0.294748,0.296521,0.300152,0.301476,0.302773,0.308777,0.309940,0.312338,0.314359,0.315508,0.316392,0.317402,0.317412,0.318387,0.324134,0.327115,0.330087,0.332715,0.332801,
0.004075,0.235632,0.235914,0.235920,0.236010,0.237458,0.238687,0.238739,0.244738,0.245766,0.251955,0.251956,0.255765,0.256011,0.256859,0.258234,0.261837,0.261846,0.262219,0.262837,0.266908,0.270305,0.276750,0.278322,0.283032,0.283061,0.290512,0.308789,0.310597,0.314451,0.315344,0.315361,0.317398,0.319362,0.325515,0.326538,0.327112,0.331451,0.331471,0.332715,
0.001704,0.006108,0.235543,0.237426,0.238640,0.240170,0.241659,0.241797,0.244898,0.247610,0.248799,0.250702,0.250938,0.255189,0.261902,0.263509,0.266892,0.268599,0.270182,0.271838,0.271854,0.279906,0.287569,0.287675,0.297468,0.303970,0.306411,0.308293,0.309939,0.310126,0.311175,0.312261,0.322246,0.322399,0.323879,0.329350,0.329364,0.330083,0.332087,0.332717,
0.235894,0.238289,0.238310,0.240429,0.240473,0.241806,0.242378,0.244359,0.244383,0.247396,0.247437,0.250882,0.251951,0.252009,0.256921,0.257666,0.260161,0.260180,0.263068,0.273463,0.275102,0.276446,0.276695,0.289014,0.294757,0.296156,0.297473,0.300171,0.303965,0.315403,0.316365,0.317425,0.321214,0.321214,0.323002,0.326330,0.327941,0.332717,0.332723,0.332761,
0.235557,0.236717,0.241928,0.248916,0.250340,0.251904,0.254680,0.257771,0.258057,0.258516,0.260350,0.271864,0.275075,0.281433,0.281469,0.287598,0.289391,0.290535,0.290730,0.292061,0.293386,0.296164,0.296213,0.298819,0.300154,0.300177,0.300183,0.303976,0.309943,0.311116,0.313245,0.314462,0.321246,0.322984,0.323032,0.327118,0.327886,0.328694,0.330793,0.332718,
0.223036,0.235937,0.236160,0.236163,0.238854,0.240346,0.241723,0.244790,0.244893,0.250336,0.250763,0.255766,0.256109,0.258575,0.260149,0.261860,0.266834,0.276703,0.284551,0.287536,0.289024,0.293359,0.293380,0.302746,0.305221,0.306421,0.309933,0.313245,0.314335,0.315363,0.317681,0.318386,0.325519,0.326348,0.330060,0.330067,0.330076,0.331041,0.331443,0.332718,
0.000071,0.235594,0.235630,0.236770,0.243079,0.243655,0.243711,0.244372,0.244865,0.244883,0.251971,0.255316,0.256888,0.258367,0.258735,0.261862,0.262622,0.263529,0.266000,0.266842,0.270274,0.275123,0.283027,0.286629,0.291930,0.291957,0.303983,0.304136,0.306451,0.316372,0.316385,0.316425,0.316555,0.318405,0.321207,0.322118,0.323875,0.326317,0.330094,0.332717,
0.002285,0.235798,0.236187,0.236371,0.237652,0.238348,0.238552,0.242433,0.242941,0.243902,0.246901,0.247254,0.251966,0.254277,0.257807,0.261828,0.262777,0.266846,0.273538,0.278313,0.296537,0.303958,0.306421,0.306462,0.307045,0.308775,0.311074,0.312186,0.320293,0.321252,0.325533,0.327202,0.327287,0.327886,0.328630,0.329363,0.331461,0.332719,0.332751,0.333552,
0.236179,0.236183,0.238792,0.248792,0.250405,0.253562,0.254174,0.257850,0.261962,0.271810,0.273485,0.276712,0.283099,0.289117,0.290491,0.290501,0.294909,0.296106,0.300149,0.300157,0.300225,0.301434,0.302717,0.303990,0.305452,0.311056,0.313303,0.315374,0.317409,0.318407,0.321493,0.322137,0.324701,0.328632,0.329355,0.329750,0.330110,0.330761,0.330761,0.332719,
0.000124,0.235602,0.236524,0.236789,0.237421,0.239459,0.240534,0.242352,0.254569,0.254685,0.255902,0.261313,0.261962,0.262609,0.265205,0.283026,0.283306,0.287587,0.289052,0.289063,0.289066,0.290485,0.290519,0.294765,0.297486,0.304036,0.305213,0.308787,0.309944,0.312189,0.313247,0.316396,0.325607,0.326347,0.329374,0.330068,0.332113,0.332714,0.332726,0.332731,
0.235681,0.235898,0.236027,0.236690,0.243434,0.243749,0.247206,0.247822,0.251978,0.253566,0.255795,0.258569,0.265501,0.284521,0.286200,0.291962,0.293359,0.297536,0.297548,0.302721,0.308782,0.308783,0.308788,0.308801,0.310024,0.314305,0.314365,0.317379,0.319348,0.319358,0.323844,0.323899,0.324690,0.324699,0.329103,0.331353,0.332093,0.332532,0.332713,0.335531,
0.235543,0.236760,0.236845,0.236907,0.238738,0.240588,0.242147,0.255601,0.257901,0.257915,0.257975,0.261036,0.261416,0.263518,0.263531,0.265185,0.271866,0.275077,0.276720,0.278315,0.279926,0.291935,0.291945,0.294839,0.297480,0.306428,0.306430,0.311167,0.312202,0.313246,0.324714,0.327130,0.328624,0.329353,0.330089,0.330636,0.331433,0.331438,0.332079,0.332087,
0.235863,0.235956,0.238358,0.238578,0.238764,0.243376,0.244281,0.248773,0.250948,0.252004,0.253758,0.254447,0.255548,0.261110,0.265217,0.270180,0.275102,0.276978,0.286109,0.294796,0.297508,0.306470,0.308777,0.310470,0.313249,0.314333,0.314333,0.315381,0.316392,0.316660,0.320773,0.322236,0.323095,0.327107,0.328625,0.329362,0.330070,0.332084,0.332114,0.332741,
0.223330,0.235792,0.237660,0.238370,0.243009,0.244320,0.247266,0.252114,0.253560,0.262559,0.266890,0.267171,0.271823,0.278368,0.281485,0.283024,0.286074,0.289046,0.292003,0.296154,0.296159,0.300165,0.303974,0.304612,0.306434,0.308776,0.308807,0.308843,0.309952,0.310052,0.315365,0.315372,0.317391,0.320278,0.327114,0.328137,0.330064,0.330768,0.332097,0.332719,
0.235489,0.235518,0.235709,0.235767,0.236205,0.236540,0.236580,0.236785,0.237515,0.237534,0.240540,0.241709,0.243110,0.260192,0.261871,0.270190,0.270194,0.284536,0.289014,0.289864,0.291940,0.301442,0.301467,0.306464,0.308792,0.308805,0.311059,0.314335,0.315396,0.318379,0.318402,0.320696,0.322108,0.322977,0.323854,0.325566,0.330098,0.330129,0.331434,0.332716,
0.236722,0.237502,0.237664,0.239380,0.244421,0.245734,0.247288,0.247291,0.251926,0.255213,0.256044,0.256879,0.257893,0.261179,0.261663,0.261865,0.261955,0.262386,0.275132,0.279887,0.284582,0.287641,0.290499,0.298855,0.302773,0.306434,0.308792,0.311156,0.312179,0.316406,0.319313,0.321244,0.323107,0.323858,0.323924,0.324705,0.327236,0.328624,0.330080,0.332717,
0.000100,0.235528,0.236477,0.238360,0.238366,0.239379,0.240928,0.241741,0.244343,0.245024,0.250366,0.250897,0.251937,0.253835,0.254776,0.261420,0.261444,0.262117,0.263520,0.266856,0.273464,0.273910,0.281481,0.289054,0.296161,0.297512,0.298831,0.302752,0.306430,0.308839,0.309944,0.317442,0.317444,0.319450,0.321216,0.323859,0.325546,0.327099,0.329392,0.332716,
0.222903,0.235748,0.235767,0.235857,0.240873,0.242253,0.242323,0.243462,0.243527,0.247292,0.251920,0.251936,0.251952,0.253703,0.255864,0.261547,0.262623,0.267060,0.268531,0.270151,0.270220,0.278337,0.281504,0.287560,0.297507,0.298815,0.305670,0.306427,0.306661,0.309989,0.314384,0.318366,0.323854,0.327168,0.328362,0.330761,0.332087,0.332717,0.332725,0.332739,
0.223080,0.235576,0.236125,0.236213,0.236489,0.236722,0.236818,0.237472,0.240319,0.242656,0.243013,0.243723,0.244361,0.245160,0.250327,0.251967,0.251986,0.258118,0.258487,0.261814,0.262572,0.271908,0.273465,0.275104,0.293364,0.294770,0.297548,0.298832,0.298923,0.303953,0.304115,0.308808,0.309964,0.312206,0.317406,0.320315,0.323859,0.325977,0.332714,0.333483,
0.222960,0.235900,0.237490,0.238340,0.238378,0.238533,0.240292,0.241736,0.243012,0.243013,0.243023,0.248778,0.250385,0.258513,0.261034,0.261831,0.261855,0.261867,0.270211,0.270643,0.271828,0.271873,0.276728,0.279941,0.290518,0.291337,0.302744,0.309939,0.313341,0.313971,0.317779,0.318474,0.322267,0.324759,0.325520,0.329359,0.329418,0.331037,0.332194,0.332717,
0.222827,0.223200,0.235708,0.236783,0.237304,0.237465,0.239439,0.241063,0.243480,0.244295,0.244982,0.247288,0.253562,0.255194,0.255219,0.255225,0.256847,0.263161,0.266854,0.273493,0.273498,0.293453,0.296156,0.297509,0.298819,0.298858,0.298902,0.302732,0.309936,0.313287,0.317450,0.318386,0.323015,0.325519,0.327129,0.328740,0.330108,0.330762,0.332082,0.332715,
0.235701,0.235720,0.240298,0.242434,0.242480,0.250356,0.253540,0.255176,0.255854,0.255981,0.257929,0.258648,0.264343,0.265228,0.265245,0.270244,0.276715,0.286058,0.300163,0.300165,0.301503,0.303982,0.309935,0.309940,0.312199,0.315366,0.319405,0.320283,0.324731,0.326326,0.329328,0.329381,0.330066,0.330198,0.331144,0.331495,0.332115,0.332717,0.332728,0.332771,
0.002112,0.235729,0.235791,0.235794,0.235907,0.235960,0.237514,0.237677,0.238725,0.242414,0.242492,0.243609,0.247853,0.248837,0.250985,0.251962,0.257973,0.261021,0.261871,0.263517,0.269068,0.275115,0.283030,0.287587,0.289075,0.290624,0.297485,0.300291,0.302726,0.304100,0.307644,0.307654,0.308778,0.313280,0.314321,0.322995,0.325558,0.327868,0.332078,0.332714,
0.235701,0.238266,0.238805,0.240711,0.243542,0.247658,0.250346,0.254257,0.255220,0.261154,0.261804,0.263553,0.263579,0.265310,0.271867,0.271915,0.275126,0.276712,0.276860,0.284616,0.285983,0.286076,0.292010,0.292011,0.294824,0.300150,0.300167,0.301468,0.303991,0.306424,0.307603,0.312439,0.315470,0.319352,0.323006,0.323862,0.325544,0.329375,0.330759,0.332720,
0.000102,0.238302,0.241662,0.241690,0.242171,0.242951,0.243024,0.243595,0.247261,0.247684,0.247797,0.252526,0.256850,0.260200,0.260477,0.262742,0.262743,0.276728,0.278343,0.284533,0.290710,0.291966,0.294740,0.294776,0.296132,0.298851,0.298877,0.303976,0.305210,0.305211,0.308792,0.308797,0.316368,0.318392,0.323864,0.325017,0.325623,0.329369,0.330071,0.332717,
0.236089,0.236774,0.237430,0.238643,0.238657,0.238853,0.247511,0.248795,0.250928,0.254718,0.255673,0.258633,0.260871,0.263563,0.263569,0.263679,0.266886,0.266977,0.274835,0.276713,0.286353,0.289046,0.291942,0.294763,0.297482,0.297531,0.301495,0.307622,0.315361,0.319369,0.324707,0.325934,0.327143,0.327907,0.328626,0.328637,0.330070,0.331440,0.332719,0.332778,
0.240176,0.242598,0.248774,0.250835,0.257898,0.257914,0.258558,0.261452,0.261879,0.268576,0.270182,0.271884,0.275107,0.276719,0.278330,0.281496,0.281528,0.281596,0.287576,0.289036,0.290516,0.292006,0.293383,0.298823,0.300188,0.303988,0.308778,0.309936,0.312188,0.316424,0.317388,0.317737,0.318444,0.321440,0.323870,0.326320,0.327677,0.329382,0.331430,0.332717,
0.235646,0.236686,0.236726,0.237463,0.237483,0.238735,0.241705,0.250921,0.251887,0.253573,0.255190,0.256857,0.256892,0.257984,0.258497,0.260969,0.265205,0.282985,0.283034,0.289033,0.289045,0.290516,0.293651,0.294770,0.296141,0.297508,0.298981,0.302740,0.303979,0.305254,0.309926,0.311508,0.315379,0.315612,0.318368,0.320283,0.329365,0.331434,0.332718,0.332741,
0.235488,0.235539,0.235763,0.235936,0.236569,0.236793,0.238387,0.241734,0.243024,0.243032,0.244415,0.247826,0.251873,0.255630,0.257867,0.260169,0.266899,0.272193,0.273551,0.273616,0.275108,0.276704,0.276724,0.286074,0.286112,0.287577,0.296146,0.298870,0.299050,0.300173,0.302748,0.306385,0.313361,0.318409,0.321219,0.323924,0.324690,0.326330,0.327953,0.332715,
0.000177,0.004104,0.235612,0.236179,0.237461,0.242990,0.244299,0.245748,0.253524,0.255192,0.263768,0.265194,0.270191,0.273519,0.273534,0.290510,0.291957,0.297498,0.298851,0.302762,0.303979,0.304064,0.306423,0.307621,0.311127,0.312177,0.313345,0.314333,0.314342,0.318426,0.318921,0.320291,0.321294,0.323004,0.324744,0.327931,0.329358,0.331426,0.332717,0.332736,
0.222929,0.235596,0.236512,0.237491,0.243310,0.244345,0.244763,0.244811,0.247230,0.253594,0.259870,0.261222,0.261506,0.262539,0.262541,0.263536,0.266859,0.271857,0.275114,0.278312,0.278338,0.281479,0.282980,0.301461,0.302727,0.303957,0.304023,0.305242,0.308871,0.313299,0.317441,0.319392,0.320295,0.320303,0.322109,0.323844,0.326248,0.327120,0.330768,0.332716,
0.235529,0.236158,0.237431,0.238078,0.238373,0.240306,0.240594,0.240899,0.247441,0.265972,0.271829,0.271985,0.276719,0.276778,0.279881,0.280201,0.287929,0.290471,0.296173,0.298855,0.301846,0.302715,0.307604,0.307622,0.307653,0.313249,0.313254,0.314355,0.316397,0.318404,0.320272,0.323002,0.323872,0.324721,0.327117,0.327881,0.328626,0.329370,0.330760,0.332716,
0.235908,0.236761,0.237357,0.237476,0.237485,0.237485,0.237487,0.238536,0.240414,0.241700,0.243446,0.244894,0.247204,0.247218,0.247806,0.248820,0.250345,0.250361,0.251950,0.253535,0.255586,0.263507,0.265193,0.271863,0.271909,0.279928,0.282997,0.296174,0.296240,0.301452,0.306423,0.312183,0.315354,0.315436,0.316414,0.322105,0.323880,0.323908,0.324699,0.332717,
0.000106,0.236734,0.236740,0.242216,0.242945,0.242989,0.243569,0.244346,0.245760,0.245761,0.247968,0.250871,0.250946,0.251303,0.251941,0.258509,0.258518,0.260629,0.261872,0.263512,0.263584,0.265246,0.268606,0.275100,0.275136,0.278314,0.278346,0.279887,0.280062,0.289047,0.289068,0.291956,0.301434,0.311765,0.315484,0.323000,0.326332,0.326340,0.331469,0.332716,
0.235771,0.236128,0.236809,0.237305,0.238328,0.239380,0.243403,0.243665,0.244326,0.248855,0.250838,0.261484,0.262687,0.265364,0.279900,0.281461,0.284553,0.286108,0.294984,0.300169,0.301494,0.304026,0.306430,0.307613,0.307667,0.310140,0.313318,0.314325,0.316407,0.317400,0.317405,0.317507,0.319342,0.321203,0.322143,0.325675,0.326335,0.329379,0.332714,0.332739,
0.235792,0.236012,0.236131,0.236713,0.236785,0.237504,0.239395,0.240336,0.240341,0.240501,0.240549,0.243515,0.244716,0.247227,0.247275,0.250944,0.253583,0.255163,0.255214,0.255748,0.255906,0.265192,0.275445,0.279885,0.283025,0.284555,0.284638,0.302714,0.302792,0.303379,0.303988,0.305269,0.306424,0.306426,0.309938,0.310345,0.314322,0.318395,0.330764,0.332718,
0.001874,0.236291,0.236489,0.236732,0.236744,0.237498,0.238581,0.240138,0.240497,0.242220,0.242505,0.254190,0.254450,0.255561,0.260173,0.260991,0.266846,0.273491,0.275227,0.284544,0.287581,0.289049,0.289050,0.293356,0.298857,0.298916,0.301960,0.302893,0.307651,0.315610,0.320285,0.320288,0.320291,0.323072,0.327883,0.330761,0.332082,0.332712,0.332747,0.332819,
0.236105,0.236153,0.238727,0.239394,0.239407,0.243019,0.244365,0.244618,0.249211,0.255348,0.255522,0.255782,0.258560,0.266874,0.270217,0.279914,0.289115,0.290533,0.300165,0.306558,0.308794,0.308931,0.309957,0.313262,0.313283,0.313340,0.316381,0.316401,0.318387,0.318395,0.319326,0.320694,0.321255,0.323837,0.324715,0.324736,0.326318,0.326327,0.328045,0.332718,
0.007187,0.235573,0.236108,0.236158,0.238381,0.238734,0.239438,0.240276,0.242978,0.242989,0.243007,0.243538,0.244695,0.251146,0.253552,0.257350,0.275204,0.276717,0.287586,0.291942,0.296136,0.300175,0.301455,0.301456,0.302718,0.306466,0.308845,0.309969,0.313780,0.316401,0.320280,0.320311,0.320316,0.327885,0.329360,0.329410,0.330757,0.331427,0.331439,0.332713,
0.235717,0.235925,0.236055,0.236524,0.238645,0.238666,0.241677,0.241697,0.242400,0.244330,0.247569,0.251126,0.251930,0.257014,0.258079,0.261326,0.262198,0.268655,0.289053,0.290479,0.292059,0.298865,0.301467,0.301602,0.311072,0.316258,0.316475,0.318384,0.319069,0.319344,0.319348,0.319370,0.320284,0.323008,0.323860,0.324694,0.326321,0.328699,0.331487,0.332719,
0.235542,0.235683,0.235739,0.236738,0.236938,0.237492,0.237526,0.237570,0.240357,0.240486,0.240544,0.242459,0.242999,0.244387,0.244872,0.248794,0.251076,0.253524,0.255198,0.256842,0.256949,0.258411,0.258474,0.260232,0.263128,0.263840,0.266825,0.273511,0.276761,0.281523,0.290508,0.294786,0.297947,0.315365,0.316384,0.323025,0.325526,0.330256,0.332090,0.332715,
0.235679,0.237422,0.237499,0.238533,0.238619,0.242074,0.243423,0.244713,0.248755,0.250464,0.250803,0.251934,0.253512,0.254291,0.255598,0.258476,0.258521,0.260170,0.261728,0.271833,0.273515,0.278334,0.279890,0.292044,0.293379,0.298916,0.300169,0.304011,0.306458,0.308807,0.311099,0.320308,0.320308,0.322171,0.326370,0.328157,0.330069,0.330296,0.332716,0.332804,
0.222692,0.222933,0.236044,0.236727,0.239365,0.239424,0.240483,0.241021,0.245765,0.247253,0.247672,0.251915,0.253525,0.255200,0.255697,0.257631,0.262292,0.270211,0.272358,0.275140,0.278339,0.279918,0.286051,0.287593,0.298874,0.300153,0.302815,0.306420,0.308757,0.309999,0.321201,0.321466,0.323014,0.326326,0.328837,0.331437,0.331586,0.332121,0.332716,0.332733,
0.223112,0.235944,0.237402,0.238335,0.239371,0.240535,0.244407,0.247796,0.251932,0.251954,0.252713,0.260155,0.263514,0.263548,0.266906,0.270186,0.275635,0.284827,0.286079,0.286176,0.287570,0.287573,0.294917,0.297505,0.305209,0.306433,0.306450,0.307662,0.310829,0.311048,0.313261,0.313262,0.317416,0.318439,0.320288,0.323003,0.323870,0.330751,0.330771,0.332717,
0.223280,0.235620,0.235650,0.239416,0.243696,0.247674,0.250306,0.250840,0.251992,0.260156,0.260161,0.261855,0.262852,0.265205,0.268596,0.278337,0.278349,0.281464,0.283050,0.291931,0.293555,0.294753,0.298316,0.298844,0.298882,0.311080,0.312181,0.314326,0.318371,0.319322,0.321214,0.325530,0.326390,0.326395,0.327120,0.327124,0.327893,0.332109,0.332191,0.332714,
0.235671,0.235823,0.236669,0.237389,0.238359,0.238451,0.239042,0.241702,0.243407,0.244623,0.244945,0.245794,0.247262,0.254326,0.254484,0.255171,0.256200,0.258669,0.260172,0.261201,0.261503,0.262777,0.262824,0.263579,0.271856,0.273508,0.275158,0.276713,0.290501,0.293365,0.298827,0.309930,0.314334,0.317399,0.319351,0.323048,0.323850,0.325531,0.331162,0.332713,
0.235919,0.236037,0.236592,0.236746,0.239439,0.240265,0.242347,0.246131,0.247909,0.248812,0.249200,0.257826,0.261015,0.261492,0.261872,0.266829,0.269257,0.270172,0.275127,0.275477,0.279940,0.281453,0.281571,0.281692,0.283073,0.286090,0.286100,0.290546,0.292163,0.293357,0.296454,0.298834,0.302731,0.305299,0.308800,0.315541,0.317397,0.322103,0.326346,0.332718,
0.235620,0.238414,0.238758,0.239422,0.243162,0.244326,0.244890,0.248796,0.251902,0.256076,0.258509,0.260188,0.261162,0.261721,0.261833,0.262696,0.263588,0.266866,0.276699,0.286495,0.287614,0.290613,0.291948,0.291950,0.312200,0.312250,0.315374,0.316668,0.317416,0.317496,0.319350,0.320340,0.321209,0.322123,0.323045,0.327135,0.327892,0.328644,0.329371,0.332717,
0.223027,0.235644,0.235691,0.236036,0.236805,0.238316,0.238377,0.238731,0.239361,0.244839,0.245747,0.245810,0.248760,0.251914,0.255331,0.258168,0.258226,0.258486,0.261894,0.263534,0.263639,0.267220,0.271846,0.273452,0.273455,0.285004,0.290517,0.290532,0.290818,0.291951,0.295173,0.306448,0.309932,0.314311,0.314355,0.318401,0.321216,0.325576,0.331425,0.332714,
0.000070,0.222743,0.235698,0.237963,0.238332,0.239364,0.240348,0.240499,0.241711,0.245783,0.245797,0.247197,0.247784,0.256878,0.258494,0.261425,0.261751,0.270214,0.271841,0.273510,0.275091,0.279941,0.283077,0.286083,0.286130,0.296129,0.298836,0.304008,0.305268,0.307861,0.312165,0.313427,0.315503,0.315655,0.317397,0.324712,0.325560,0.329377,0.330131,0.332716,
0.000103,0.235716,0.236053,0.236498,0.236569,0.239354,0.242335,0.242385,0.245772,0.245820,0.247586,0.247658,0.250333,0.253681,0.254581,0.255301,0.260165,0.260193,0.266886,0.273464,0.287587,0.293413,0.294794,0.298913,0.300203,0.302735,0.303151,0.307804,0.309930,0.310040,0.311054,0.311073,0.311078,0.312215,0.319344,0.322172,0.325532,0.325546,0.326328,0.332713,
0.000076,0.000166,0.235609,0.235666,0.235855,0.235981,0.236503,0.238212,0.240235,0.241018,0.242473,0.243064,0.250843,0.251922,0.253560,0.255296,0.258494,0.258530,0.261817,0.261843,0.261982,0.262164,0.265299,0.273540,0.275141,0.289217,0.290549,0.294774,0.297504,0.298842,0.308791,0.315374,0.315385,0.317391,0.323008,0.324964,0.327114,0.330757,0.332085,0.332716,
0.235582,0.236470,0.238412,0.238639,0.240504,0.242306,0.242354,0.242955,0.242966,0.244839,0.247228,0.248006,0.261065,0.265230,0.265279,0.270182,0.270276,0.271581,0.273485,0.275130,0.278318,0.279930,0.283030,0.283063,0.283081,0.289132,0.302739,0.305228,0.305238,0.306563,0.308796,0.308996,0.315461,0.322993,0.323864,0.324733,0.326333,0.331463,0.332550,0.332718,
0.223136,0.235588,0.235594,0.236487,0.237332,0.245840,0.247250,0.247756,0.253547,0.255197,0.255284,0.262556,0.263531,0.265177,0.268535,0.268543,0.275136,0.275148,0.276726,0.276862,0.276909,0.281477,0.283028,0.284568,0.290565,0.294876,0.300171,0.301461,0.301469,0.306415,0.309121,0.309916,0.316524,0.320309,0.321236,0.326334,0.327874,0.328629,0.328646,0.332718,
0.223105,0.235623,0.236204,0.236627,0.237465,0.237517,0.237529,0.238213,0.244374,0.244385,0.244953,0.247752,0.250373,0.250377,0.250938,0.251923,0.253627,0.260148,0.268504,0.273468,0.279916,0.296137,0.302737,0.305324,0.306441,0.307627,0.308778,0.313256,0.314341,0.317394,0.318382,0.320663,0.322115,0.323001,0.323006,0.323090,0.323870,0.326347,0.326359,0.332716,
0.235536,0.235639,0.235713,0.235971,0.236730,0.241690,0.242387,0.245770,0.245835,0.250336,0.250974,0.255193,0.255939,0.258460,0.261587,0.261772,0.261826,0.262441,0.263521,0.265260,0.266849,0.290483,0.294197,0.297483,0.297485,0.303973,0.304195,0.305282,0.309960,0.313318,0.316412,0.317584,0.318460,0.319377,0.326320,0.327873,0.329364,0.329364,0.331427,0.332716,
0.223101,0.235715,0.236129,0.236263,0.236733,0.237415,0.240500,0.243547,0.247789,0.258032,0.261203,0.262335,0.263526,0.265368,0.270197,0.273486,0.276726,0.276829,0.291919,0.291981,0.296155,0.301447,0.301448,0.301496,0.302717,0.305213,0.305673,0.306402,0.311088,0.313352,0.319412,0.321260,0.323024,0.324703,0.325517,0.326409,0.328662,0.330762,0.332125,0.332716,
