0.000000,0.000000,0.000000,0.000000,0.000000,0.000000,0.000000,0.000000,0.000000,0.000000,0.000000,0.000000,0.000000,0.000000,0.000000,0.000000,0.000000,0.000000,0.000000,0.000000,0.000000,0.000000,0.000000,0.000000,0.000000,0.000000,0.000000,0.000000,0.000000,0.000000,0.000000,0.000000,0.000000,0.000000,0.000000,0.000000,0.000000,0.000000,0.000000,0.000000,
0.000000,0.000000,0.236737,0.236806,0.237167,0.238586,0.240387,0.240439,0.240465,0.241057,0.241574,0.242770,0.242939,0.245499,0.246925,0.251541,0.254887,0.256018,0.256019,0.261125,0.263132,0.266511,0.271450,0.278078,0.287553,0.287568,0.289127,0.290519,0.293442,0.293513,0.300418,0.304334,0.305689,0.318549,0.320523,0.324353,0.324402,0.326330,0.331384,0.335230,
0.235941,0.236762,0.237481,0.238361,0.240290,0.244373,0.247255,0.247326,0.255207,0.258020,0.260253,0.260758,0.260860,0.262621,0.263509,0.263561,0.271861,0.278307,0.278312,0.283033,0.286058,0.287629,0.290632,0.290692,0.293606,0.294784,0.300183,0.304009,0.307628,0.307687,0.311047,0.311353,0.318863,0.319329,0.319899,0.324709,0.328637,0.329923,0.331499,0.332077,
0.000075,0.222998,0.236089,0.236188,0.237400,0.237452,0.238370,0.244933,0.245057,0.247728,0.251090,0.251943,0.255213,0.262552,0.265227,0.272082,0.275154,0.275251,0.281449,0.284550,0.291932,0.295105,0.296113,0.297734,0.298851,0.298881,0.305225,0.305237,0.307637,0.308813,0.311059,0.311075,0.311403,0.321225,0.322106,0.323003,0.326331,0.327174,0.330792,0.332082,
0.003020,0.223227,0.236018,0.236154,0.236205,0.236686,0.236743,0.239360,0.240573,0.242381,0.242829,0.244298,0.244623,0.247299,0.248773,0.248809,0.254616,0.255134,0.256850,0.260302,0.262582,0.263514,0.271825,0.275090,0.283007,0.293340,0.297490,0.298850,0.300133,0.302716,0.305218,0.307623,0.311059,0.312167,0.313268,0.316303,0.323000,0.331135,0.332076,0.332151,
0.236667,0.238376,0.238480,0.238722,0.243740,0.245758,0.247243,0.247280,0.247342,0.253570,0.255724,0.255890,0.256822,0.258121,0.258491,0.258509,0.260190,0.261141,0.266881,0.270222,0.271883,0.273474,0.273494,0.278318,0.278344,0.279910,0.281498,0.283026,0.283161,0.287595,0.306789,0.313279,0.319343,0.319495,0.323004,0.327133,0.330746,0.332077,0.332339,0.332723,
0.235538,0.235767,0.236207,0.237361,0.242969,0.244355,0.247304,0.247637,0.247676,0.248806,0.250382,0.250671,0.251897,0.254442,0.255239,0.258063,0.265203,0.265786,0.270193,0.270207,0.276700,0.276729,0.278334,0.281598,0.283045,0.283074,0.289069,0.303984,0.303993,0.306448,0.309067,0.311093,0.320848,0.323010,0.323022,0.323136,0.325538,0.326071,0.332108,0.332719,
0.235626,0.236027,0.236034,0.236765,0.238623,0.242263,0.242283,0.242426,0.243092,0.244427,0.251925,0.254419,0.261425,0.261841,0.268541,0.271900,0.273539,0.276750,0.278331,0.286096,0.287578,0.290617,0.291951,0.293334,0.301455,0.302720,0.306419,0.306426,0.309054,0.311297,0.312201,0.314330,0.317560,0.321215,0.323017,0.323863,0.323866,0.330798,0.331426,0.332715,
0.006460,0.235773,0.236279,0.237443,0.237537,0.238472,0.238616,0.247621,0.248757,0.250376,0.254658,0.256846,0.257723,0.257981,0.258490,0.268517,0.268563,0.273476,0.273506,0.279915,0.281477,0.283018,0.284556,0.286068,0.289060,0.296234,0.301454,0.304028,0.309943,0.311075,0.312159,0.314364,0.316409,0.319334,0.321307,0.324717,0.328050,0.329386,0.331430,0.332718,
0.222707,0.235652,0.235761,0.235762,0.238389,0.240325,0.242475,0.242534,0.244392,0.245801,0.245852,0.250325,0.250851,0.253588,0.260166,0.261475,0.265210,0.271871,0.272083,0.276723,0.278339,0.281509,0.283050,0.284543,0.284836,0.287579,0.293381,0.301442,0.302720,0.305449,0.306459,0.315383,0.316389,0.316393,0.318390,0.318434,0.320467,0.325537,0.327245,0.332713,
0.235570,0.235812,0.235962,0.236430,0.236611,0.236754,0.237331,0.237342,0.237420,0.240220,0.242158,0.255191,0.255980,0.258530,0.261381,0.261823,0.262763,0.265258,0.266857,0.266877,0.268521,0.278313,0.284669,0.291913,0.304435,0.305208,0.313257,0.316394,0.318406,0.318419,0.322166,0.323868,0.324732,0.325540,0.326463,0.330775,0.330983,0.332717,0.332727,0.332738,
0.000073,0.240482,0.241709,0.242931,0.242993,0.243784,0.244394,0.247707,0.247762,0.250347,0.250833,0.253666,0.256845,0.260268,0.263531,0.268524,0.271846,0.275122,0.278756,0.279956,0.286064,0.286086,0.292005,0.296134,0.300509,0.305296,0.308807,0.309310,0.312304,0.316397,0.319351,0.320289,0.324714,0.324803,0.325679,0.329435,0.330186,0.330756,0.330784,0.332715,
0.223161,0.235962,0.236202,0.239410,0.239421,0.240532,0.243482,0.244339,0.244376,0.245979,0.247744,0.249389,0.250351,0.253538,0.255148,0.260191,0.261802,0.263522,0.265179,0.265182,0.266874,0.270177,0.271868,0.281459,0.281497,0.284569,0.290507,0.291956,0.297525,0.299063,0.303994,0.306410,0.306470,0.308820,0.309935,0.311069,0.316386,0.316395,0.332713,0.332940,
0.236411,0.237502,0.238663,0.238853,0.239376,0.243253,0.244755,0.254436,0.254524,0.254653,0.256009,0.256832,0.256864,0.258510,0.260942,0.268545,0.275112,0.276724,0.276724,0.284584,0.301449,0.301459,0.301904,0.303617,0.305277,0.311053,0.311080,0.311099,0.313288,0.313300,0.317441,0.322124,0.325545,0.325557,0.327141,0.327897,0.328669,0.329415,0.332093,0.332717,
0.235959,0.236518,0.237487,0.238282,0.240194,0.242392,0.250882,0.251038,0.256800,0.258200,0.261593,0.261620,0.261812,0.263743,0.265185,0.265209,0.265217,0.266882,0.282977,0.284525,0.286070,0.286191,0.287566,0.291145,0.294755,0.305328,0.309934,0.313424,0.314313,0.318382,0.319363,0.320326,0.322996,0.325270,0.325521,0.327959,0.330073,0.330165,0.332718,0.332741,
0.235656,0.235725,0.235896,0.238530,0.238693,0.240393,0.242234,0.243772,0.244562,0.247545,0.251937,0.255199,0.255212,0.257859,0.261097,0.266877,0.268547,0.276739,0.281441,0.284555,0.290499,0.296141,0.297486,0.297497,0.308060,0.311071,0.314327,0.316503,0.316546,0.317399,0.319538,0.320312,0.326348,0.327906,0.329094,0.330061,0.331425,0.331435,0.332193,0.332719,
0.000248,0.005214,0.235720,0.236560,0.237468,0.239403,0.240478,0.244334,0.248007,0.250367,0.254392,0.255767,0.258186,0.268558,0.270237,0.273474,0.276740,0.278301,0.281484,0.281524,0.283033,0.296138,0.298851,0.302739,0.305338,0.307817,0.309935,0.313241,0.321293,0.323298,0.326310,0.327124,0.327176,0.328781,0.330785,0.331426,0.332086,0.332122,0.332144,0.332717,
0.223076,0.235572,0.235693,0.236857,0.237461,0.238569,0.239406,0.240450,0.250349,0.251984,0.255212,0.255845,0.261714,0.261856,0.268551,0.276768,0.278135,0.278334,0.278356,0.278359,0.283043,0.302025,0.303980,0.308171,0.309978,0.310023,0.314312,0.315375,0.317443,0.319358,0.321191,0.323862,0.324697,0.327349,0.330071,0.330074,0.331706,0.332089,0.332715,0.332729,
0.222942,0.235614,0.237526,0.238807,0.240208,0.243409,0.247720,0.248752,0.255220,0.256335,0.256869,0.262824,0.268635,0.279921,0.279924,0.289034,0.291971,0.297464,0.298868,0.307621,0.307702,0.308781,0.311055,0.312181,0.312205,0.313249,0.314371,0.314433,0.315363,0.315384,0.322557,0.325524,0.325530,0.325595,0.325623,0.326324,0.326368,0.328635,0.332109,0.332716,
0.223163,0.236132,0.236165,0.237494,0.238887,0.240484,0.242372,0.242947,0.244374,0.247294,0.250296,0.253584,0.254454,0.255201,0.263087,0.271855,0.276725,0.279908,0.283142,0.284678,0.284743,0.286061,0.293378,0.297497,0.298923,0.301459,0.303998,0.305245,0.312056,0.312160,0.312165,0.318395,0.319334,0.321207,0.322111,0.323984,0.327494,0.329360,0.332165,0.332715,
0.235572,0.235800,0.236393,0.236535,0.239397,0.240232,0.241722,0.241897,0.242220,0.243011,0.243021,0.243555,0.245797,0.247310,0.248791,0.254734,0.255767,0.263557,0.276670,0.279895,0.281526,0.290513,0.293735,0.297518,0.297533,0.301461,0.303992,0.305194,0.307611,0.315397,0.320316,0.323006,0.324782,0.325555,0.326482,0.331429,0.331495,0.332097,0.332718,0.332801,
0.222880,0.235733,0.236659,0.237521,0.237557,0.239413,0.239418,0.243339,0.244737,0.246337,0.247803,0.250411,0.255210,0.257492,0.261144,0.263514,0.268643,0.289040,0.302745,0.302963,0.304528,0.305222,0.305225,0.306463,0.307618,0.311105,0.314315,0.319400,0.321216,0.321255,0.322111,0.322115,0.323009,0.323936,0.324708,0.326336,0.328780,0.330116,0.331596,0.332717,
0.235550,0.235631,0.235787,0.238614,0.239853,0.240196,0.254286,0.260196,0.261854,0.266881,0.268543,0.268575,0.275110,0.275112,0.278295,0.278321,0.280006,0.281494,0.281495,0.283039,0.286077,0.291947,0.293367,0.296169,0.298879,0.301508,0.304004,0.304907,0.312174,0.313300,0.319341,0.320284,0.320289,0.321213,0.321398,0.322092,0.325523,0.326646,0.330789,0.332714,
0.236810,0.237588,0.243425,0.244419,0.247828,0.250948,0.251053,0.251933,0.255319,0.257737,0.258490,0.261477,0.261597,0.263505,0.265188,0.266872,0.266935,0.275091,0.276696,0.276709,0.278321,0.289097,0.291951,0.291966,0.301411,0.301679,0.306436,0.307623,0.308816,0.309943,0.317412,0.318394,0.323874,0.326326,0.326336,0.327888,0.330087,0.332716,0.332717,0.332722,
0.235458,0.235958,0.235963,0.236046,0.237442,0.241712,0.242954,0.244376,0.245925,0.247266,0.247286,0.255425,0.255942,0.256839,0.260207,0.261531,0.261828,0.265203,0.266867,0.275137,0.281459,0.291942,0.293400,0.293913,0.296150,0.298847,0.298860,0.302723,0.305226,0.305243,0.305276,0.307655,0.308773,0.312147,0.312592,0.313275,0.316851,0.320995,0.321412,0.332714,
0.235594,0.235885,0.237482,0.238356,0.238578,0.238711,0.240286,0.241700,0.241732,0.243025,0.243251,0.244367,0.247224,0.247496,0.251972,0.254289,0.256804,0.256839,0.265260,0.266868,0.266886,0.273479,0.273550,0.284547,0.294757,0.296148,0.303994,0.306407,0.308778,0.309363,0.309931,0.311087,0.314779,0.319335,0.322135,0.325617,0.329366,0.331445,0.332091,0.332717,
0.235466,0.235629,0.236099,0.236099,0.236453,0.237445,0.239295,0.247283,0.248760,0.257503,0.257786,0.261705,0.265178,0.266843,0.266890,0.276897,0.283145,0.283256,0.284649,0.287541,0.287545,0.290526,0.290628,0.291950,0.291950,0.293387,0.297460,0.300861,0.305197,0.307599,0.308785,0.313251,0.316398,0.320371,0.323850,0.330076,0.332152,0.332713,0.332724,0.332854,
0.236451,0.237590,0.238710,0.240520,0.247251,0.250349,0.256799,0.257822,0.260170,0.263551,0.266864,0.266884,0.270205,0.273456,0.273473,0.275154,0.281919,0.283023,0.283048,0.284575,0.286105,0.289305,0.290543,0.291959,0.300245,0.301445,0.302707,0.302746,0.306440,0.308763,0.310200,0.314330,0.320278,0.323858,0.324753,0.330155,0.330798,0.331435,0.332716,0.332735,
0.000099,0.235614,0.235705,0.235717,0.242431,0.242952,0.242996,0.245031,0.247316,0.248878,0.250318,0.250406,0.251173,0.255116,0.261441,0.261850,0.261877,0.262740,0.279921,0.279927,0.281482,0.283045,0.287546,0.290485,0.294750,0.297476,0.298848,0.302743,0.305239,0.307609,0.309935,0.311035,0.312160,0.312188,0.321241,0.322994,0.324700,0.330074,0.332217,0.332715,
0.222914,0.236508,0.236722,0.237446,0.240308,0.240488,0.243580,0.243821,0.254322,0.255217,0.258254,0.258558,0.261034,0.261553,0.265184,0.265190,0.266934,0.266967,0.273517,0.286112,0.291921,0.296340,0.303980,0.305233,0.307616,0.312170,0.313237,0.317442,0.320498,0.323370,0.324695,0.325524,0.327569,0.328065,0.330160,0.330803,0.330806,0.332085,0.332718,0.332724,
0.235861,0.236145,0.236607,0.236788,0.237402,0.237496,0.238374,0.238698,0.239619,0.239946,0.240470,0.244385,0.255153,0.255194,0.261876,0.261879,0.265179,0.276679,0.278330,0.286041,0.291900,0.291913,0.296151,0.296166,0.302719,0.304122,0.305204,0.306415,0.306862,0.309678,0.312408,0.318389,0.318399,0.319101,0.319326,0.322104,0.325526,0.325790,0.329465,0.332716,
0.235564,0.235624,0.235761,0.235831,0.237455,0.240550,0.241669,0.242500,0.244726,0.244778,0.245784,0.247589,0.253617,0.254614,0.260887,0.260965,0.266881,0.270227,0.276714,0.278435,0.279947,0.281529,0.286077,0.287562,0.290539,0.291912,0.293370,0.302733,0.303985,0.308771,0.308782,0.312160,0.312172,0.314377,0.319340,0.325581,0.327891,0.327915,0.332717,0.332733,
0.235587,0.235618,0.235862,0.237571,0.240473,0.242479,0.253588,0.255794,0.257803,0.257828,0.261972,0.266879,0.276703,0.278322,0.278356,0.281490,0.286066,0.286126,0.293378,0.300138,0.300170,0.301520,0.311075,0.311515,0.312160,0.318382,0.319344,0.322114,0.323009,0.324875,0.325532,0.325567,0.326486,0.327137,0.327208,0.328134,0.330086,0.332172,0.332715,0.332726,
0.235530,0.237184,0.238676,0.239322,0.239330,0.242364,0.242965,0.244816,0.245758,0.247215,0.247492,0.248831,0.250367,0.250378,0.251931,0.255304,0.255315,0.256832,0.261681,0.263511,0.270233,0.278311,0.278343,0.286071,0.291925,0.298843,0.304268,0.305203,0.308795,0.311070,0.312159,0.312166,0.317405,0.318372,0.319350,0.323024,0.324703,0.325520,0.325609,0.332717,
0.222969,0.235514,0.236521,0.238750,0.240296,0.240504,0.241687,0.243292,0.244354,0.247236,0.250306,0.251076,0.256843,0.260836,0.260993,0.266881,0.271867,0.275099,0.278316,0.278319,0.279929,0.284547,0.286064,0.289164,0.294732,0.300164,0.302901,0.307618,0.308783,0.314324,0.314364,0.316415,0.318428,0.320339,0.321209,0.324873,0.329424,0.330764,0.332715,0.332769,
0.000086,0.222789,0.235573,0.235595,0.235973,0.236174,0.236724,0.236868,0.237530,0.239380,0.250320,0.250352,0.250606,0.250956,0.254342,0.260944,0.267678,0.270190,0.271847,0.283019,0.287598,0.293380,0.294831,0.298843,0.300253,0.301725,0.306442,0.311096,0.312173,0.314318,0.318400,0.321255,0.322135,0.323227,0.325562,0.327127,0.327882,0.332089,0.332175,0.332714,
0.000000,0.235616,0.235855,0.238359,0.239340,0.239380,0.247927,0.250354,0.254658,0.255507,0.257756,0.261013,0.261886,0.262552,0.278307,0.279934,0.290504,0.290517,0.297518,0.304033,0.305280,0.306666,0.307638,0.311053,0.313564,0.317389,0.317445,0.318386,0.319345,0.323001,0.323009,0.323943,0.324696,0.325590,0.325602,0.326365,0.327952,0.329367,0.331432,0.332719,
0.235653,0.236158,0.236576,0.236824,0.237480,0.237567,0.240450,0.240494,0.240495,0.245750,0.245799,0.248187,0.254402,0.255676,0.257825,0.258529,0.261862,0.268553,0.276745,0.282986,0.286055,0.289086,0.290488,0.291919,0.295041,0.296139,0.309133,0.313327,0.318853,0.319343,0.321205,0.325533,0.326324,0.327160,0.328653,0.329351,0.330753,0.332095,0.332710,0.332720,
0.235826,0.236005,0.236433,0.237237,0.238284,0.245789,0.251908,0.251941,0.253799,0.255222,0.255299,0.258529,0.261493,0.263548,0.265256,0.270217,0.273499,0.275207,0.283005,0.283182,0.284568,0.297506,0.297543,0.298825,0.300104,0.300145,0.306428,0.306483,0.310454,0.312155,0.314324,0.314342,0.314346,0.315348,0.319398,0.322108,0.327204,0.328708,0.332714,0.332749,
0.000066,0.000160,0.235682,0.235936,0.235988,0.240441,0.241749,0.242316,0.242439,0.244676,0.247747,0.247763,0.250354,0.250856,0.253504,0.253544,0.255653,0.255739,0.260157,0.260203,0.261099,0.261887,0.263497,0.265227,0.271853,0.275120,0.281507,0.287570,0.296158,0.297500,0.298838,0.304008,0.305208,0.315382,0.322111,0.324810,0.325158,0.328636,0.330869,0.332715,
0.236294,0.236445,0.236510,0.237526,0.238644,0.239321,0.240306,0.240617,0.244335,0.244808,0.257308,0.261652,0.265333,0.270194,0.273485,0.286073,0.289051,0.290507,0.290527,0.291960,0.291975,0.301771,0.303184,0.304024,0.309400,0.309950,0.309971,0.310144,0.311067,0.311077,0.311161,0.317391,0.321218,0.324844,0.325618,0.329373,0.332250,0.332715,0.332721,0.334734,
0.235494,0.235567,0.238379,0.238572,0.238635,0.242461,0.247219,0.247258,0.247800,0.250687,0.251915,0.257712,0.262778,0.265192,0.268567,0.270208,0.271908,0.278303,0.278320,0.281492,0.290503,0.291943,0.297480,0.309264,0.311071,0.313263,0.319342,0.319382,0.320292,0.321205,0.323971,0.323993,0.325506,0.326354,0.327883,0.328629,0.330805,0.331423,0.331428,0.332082,
0.222956,0.235988,0.236486,0.237438,0.237479,0.237479,0.238373,0.238616,0.238762,0.241764,0.244424,0.244898,0.247585,0.247681,0.248787,0.248855,0.250935,0.255218,0.256074,0.258535,0.261254,0.265357,0.268542,0.273499,0.278318,0.281447,0.281521,0.283062,0.283130,0.284575,0.294781,0.294949,0.302722,0.308793,0.311041,0.320307,0.324708,0.328165,0.332081,0.332090,
0.000075,0.235576,0.235591,0.235935,0.236163,0.237897,0.240498,0.244777,0.245801,0.248800,0.248810,0.250802,0.250862,0.254103,0.254440,0.255279,0.261864,0.264364,0.266864,0.271830,0.273572,0.275119,0.286170,0.289033,0.289202,0.300121,0.300144,0.300594,0.302825,0.305246,0.307673,0.308904,0.320333,0.323014,0.323963,0.324892,0.327123,0.327892,0.330776,0.332081,
0.000086,0.000131,0.223146,0.235495,0.235746,0.236768,0.236780,0.239554,0.241729,0.243725,0.251918,0.254445,0.255199,0.255414,0.260168,0.260179,0.260185,0.261258,0.261836,0.263574,0.270200,0.275097,0.279994,0.281515,0.286080,0.286104,0.289080,0.294961,0.296162,0.303984,0.305367,0.309926,0.310644,0.311079,0.312178,0.319420,0.323851,0.326453,0.330285,0.332081,
0.235951,0.240287,0.240484,0.241748,0.242376,0.242923,0.242975,0.242991,0.248794,0.251950,0.251951,0.251982,0.255187,0.258501,0.265195,0.267453,0.268556,0.269375,0.270402,0.281469,0.287575,0.287656,0.290481,0.296136,0.296243,0.300551,0.302745,0.303999,0.306416,0.306447,0.309947,0.311052,0.311099,0.316410,0.317411,0.323926,0.326886,0.327959,0.328651,0.332082,
0.235797,0.236572,0.237330,0.237449,0.239411,0.240412,0.242115,0.242364,0.242980,0.243470,0.244842,0.251952,0.254361,0.254592,0.258535,0.260119,0.260740,0.262423,0.271799,0.271861,0.279913,0.287555,0.297498,0.300140,0.302727,0.303971,0.304002,0.306440,0.313293,0.315360,0.321361,0.325523,0.325556,0.325580,0.325673,0.329382,0.331435,0.332082,0.332773,0.332775,
0.222807,0.223275,0.235563,0.235803,0.236813,0.237568,0.238907,0.239373,0.243504,0.244587,0.245021,0.245885,0.253562,0.254477,0.258562,0.260962,0.261436,0.262145,0.263053,0.281513,0.284587,0.290517,0.293364,0.300182,0.305221,0.305239,0.309936,0.311050,0.318544,0.318704,0.320510,0.322119,0.323881,0.324685,0.327890,0.328657,0.329530,0.332717,0.332720,0.332849,
0.222852,0.235548,0.235605,0.237595,0.237960,0.238386,0.238441,0.239432,0.248962,0.250347,0.255228,0.256844,0.256851,0.258828,0.261573,0.261804,0.262473,0.275127,0.276762,0.284890,0.286070,0.286120,0.287884,0.305195,0.308823,0.308832,0.312232,0.314299,0.318390,0.322159,0.322164,0.322974,0.327109,0.327134,0.328184,0.328636,0.328798,0.329067,0.330067,0.332718,
0.222913,0.223424,0.235555,0.235731,0.235813,0.238344,0.243411,0.245729,0.245820,0.248773,0.250323,0.250788,0.251951,0.253548,0.253581,0.255494,0.263493,0.263570,0.265244,0.266892,0.268564,0.277159,0.281843,0.283030,0.293356,0.296144,0.302725,0.307610,0.315354,0.315366,0.317385,0.317519,0.320277,0.321248,0.323097,0.324696,0.325593,0.326357,0.332088,0.332720,
0.000121,0.222878,0.236574,0.237340,0.238547,0.239349,0.240561,0.241714,0.243716,0.244364,0.244836,0.245772,0.247695,0.253554,0.256897,0.261840,0.262311,0.263575,0.267642,0.268502,0.270220,0.272019,0.273441,0.273516,0.275119,0.276732,0.279874,0.279927,0.290531,0.293392,0.294844,0.302726,0.305208,0.307611,0.313251,0.313267,0.317435,0.324687,0.327109,0.332721,
0.000256,0.235779,0.236132,0.236223,0.237550,0.238429,0.238602,0.243245,0.244348,0.245812,0.250354,0.254717,0.256856,0.258004,0.260178,0.261846,0.269949,0.270210,0.286089,0.291936,0.291969,0.294748,0.294843,0.306416,0.307630,0.312174,0.313261,0.316474,0.317415,0.318505,0.320245,0.321214,0.323857,0.324738,0.327172,0.330772,0.331475,0.332086,0.332712,0.332775,
0.235509,0.235600,0.235716,0.235893,0.236200,0.236581,0.238326,0.239552,0.242998,0.244327,0.247310,0.250330,0.254570,0.256875,0.257451,0.260157,0.261857,0.265256,0.275223,0.278326,0.284544,0.284564,0.286092,0.287607,0.289094,0.293440,0.293603,0.296405,0.297484,0.303966,0.303984,0.303994,0.305211,0.309920,0.309935,0.326342,0.327896,0.330066,0.330829,0.332714,
0.235632,0.235705,0.235740,0.238337,0.240170,0.243035,0.250356,0.250366,0.251907,0.254504,0.255472,0.260265,0.261550,0.263497,0.266872,0.270209,0.276748,0.281439,0.286072,0.289064,0.291972,0.297518,0.298874,0.302704,0.302776,0.306433,0.307605,0.311081,0.311135,0.312169,0.312171,0.314317,0.314323,0.321285,0.322105,0.324769,0.330860,0.331553,0.332716,0.332749,
0.223136,0.236535,0.238373,0.238464,0.238856,0.239385,0.243006,0.243604,0.250805,0.250893,0.256823,0.261475,0.262775,0.263513,0.263529,0.263538,0.275240,0.284549,0.298917,0.299255,0.301448,0.307611,0.307615,0.308773,0.308790,0.312166,0.316375,0.319399,0.320303,0.321224,0.322110,0.322119,0.327125,0.327129,0.327889,0.328639,0.331463,0.332716,0.332719,0.333251,
0.000067,0.235808,0.236025,0.236221,0.236352,0.238739,0.240436,0.240505,0.244894,0.247767,0.251154,0.255740,0.256011,0.257812,0.260956,0.261853,0.262482,0.262501,0.263080,0.268508,0.270239,0.273569,0.293369,0.298833,0.300153,0.300349,0.301570,0.308801,0.313252,0.313283,0.316391,0.316419,0.327134,0.329570,0.330069,0.330825,0.331427,0.332716,0.332729,0.333742,
0.222830,0.235851,0.235921,0.236682,0.236836,0.237531,0.239687,0.241751,0.244922,0.246022,0.247674,0.248907,0.251924,0.254479,0.255981,0.258518,0.261124,0.261365,0.261614,0.261726,0.262654,0.262793,0.271891,0.275181,0.279894,0.291940,0.302756,0.305506,0.306417,0.310062,0.311095,0.314401,0.315980,0.318410,0.319346,0.325518,0.326327,0.330088,0.331457,0.332714,
0.000125,0.001916,0.222972,0.235761,0.235867,0.236682,0.238385,0.239327,0.240543,0.241666,0.242362,0.244986,0.252203,0.254287,0.258053,0.258963,0.260180,0.261068,0.261539,0.262929,0.267200,0.273494,0.276736,0.279919,0.281472,0.283003,0.286111,0.294748,0.300154,0.307622,0.313086,0.316385,0.316389,0.316420,0.322992,0.323042,0.324729,0.329126,0.331429,0.332716,
0.002439,0.222593,0.223167,0.236183,0.237442,0.237518,0.237659,0.238773,0.243555,0.245785,0.245823,0.250461,0.250580,0.250703,0.250875,0.254642,0.255187,0.260593,0.260773,0.261860,0.261963,0.262493,0.276748,0.281436,0.281475,0.294759,0.294773,0.301482,0.304537,0.305694,0.308811,0.313264,0.317413,0.321316,0.323006,0.323887,0.329367,0.330082,0.332719,0.332723,
0.009013,0.235923,0.236157,0.236209,0.237441,0.237477,0.240307,0.240479,0.243002,0.243429,0.243533,0.248814,0.250376,0.250693,0.253565,0.254237,0.263547,0.265236,0.270377,0.279873,0.287549,0.290503,0.290533,0.290624,0.297469,0.298859,0.300162,0.307620,0.311346,0.313283,0.314177,0.316424,0.318378,0.320073,0.320412,0.321207,0.329376,0.332714,0.332716,0.332753,
0.222841,0.223100,0.235873,0.236094,0.236493,0.237253,0.238484,0.241656,0.247770,0.261234,0.261748,0.266914,0.270224,0.278327,0.278338,0.284570,0.287595,0.288210,0.289022,0.297517,0.298923,0.300167,0.303988,0.305286,0.307009,0.309926,0.312180,0.314315,0.315406,0.317483,0.317505,0.318409,0.319354,0.322255,0.323856,0.326340,0.328641,0.329421,0.331471,0.332716,
0.235508,0.235561,0.235743,0.235746,0.235977,0.236682,0.242464,0.250379,0.256160,0.258082,0.258414,0.258801,0.261877,0.263526,0.268524,0.270202,0.271868,0.275107,0.276716,0.276746,0.279927,0.296153,0.298949,0.300164,0.301457,0.308801,0.309942,0.312248,0.316391,0.317439,0.320277,0.320282,0.323849,0.325513,0.326778,0.327911,0.330783,0.332278,0.332512,0.332715,
0.000066,0.235573,0.235726,0.236145,0.236775,0.238714,0.239343,0.239429,0.241718,0.242508,0.244512,0.245715,0.248947,0.250962,0.255193,0.256821,0.261327,0.261821,0.261867,0.281457,0.284580,0.286060,0.290490,0.293501,0.297483,0.311065,0.312175,0.313250,0.313340,0.314411,0.319371,0.324717,0.327885,0.328626,0.330095,0.330156,0.330864,0.331359,0.331438,0.332716,
0.000202,0.223287,0.235609,0.235827,0.236140,0.247200,0.247299,0.250397,0.255169,0.256833,0.265322,0.267292,0.268542,0.273490,0.275083,0.275090,0.284620,0.290503,0.292245,0.294754,0.300191,0.302756,0.303963,0.303983,0.305389,0.307578,0.309934,0.309973,0.309990,0.310005,0.311174,0.318399,0.318469,0.322104,0.327943,0.328082,0.329369,0.329568,0.330079,0.332714,
0.237481,0.237488,0.243029,0.244357,0.244925,0.245771,0.245811,0.248125,0.248807,0.248825,0.250365,0.253584,0.257880,0.261022,0.262860,0.265186,0.271545,0.278299,0.281549,0.290514,0.291929,0.296137,0.300153,0.302727,0.306425,0.311086,0.312169,0.312269,0.313256,0.313274,0.317398,0.321202,0.323017,0.324705,0.326330,0.327131,0.330071,0.330074,0.332718,0.332729,
0.000947,0.235577,0.235935,0.236350,0.236526,0.236589,0.237232,0.238654,0.243385,0.245834,0.246017,0.250518,0.255738,0.258216,0.258485,0.261880,0.262576,0.270172,0.278333,0.278338,0.280156,0.283050,0.291951,0.291960,0.296152,0.301451,0.301494,0.306807,0.312196,0.317379,0.319338,0.321378,0.323894,0.325519,0.327881,0.327892,0.332128,0.332714,0.332719,0.332773,
0.235948,0.236053,0.241649,0.241749,0.242354,0.243003,0.245771,0.247564,0.251017,0.252548,0.253614,0.256379,0.257640,0.258555,0.258556,0.260737,0.261573,0.262736,0.265574,0.271883,0.273474,0.274897,0.276728,0.289005,0.289027,0.289060,0.294862,0.297603,0.312171,0.314395,0.316403,0.318382,0.319336,0.322126,0.322987,0.327891,0.328640,0.329363,0.330101,0.332715,
0.235582,0.235705,0.235804,0.236056,0.236559,0.238571,0.238889,0.239392,0.239433,0.239727,0.243257,0.243488,0.244793,0.250839,0.253725,0.256809,0.257943,0.260203,0.262097,0.268543,0.271878,0.276737,0.278343,0.280001,0.281467,0.286050,0.294775,0.306453,0.307617,0.312469,0.314353,0.314368,0.318848,0.324689,0.327921,0.329137,0.330071,0.330115,0.332716,0.332737,
0.000116,0.236127,0.237513,0.238461,0.239310,0.239843,0.242456,0.243762,0.244718,0.248921,0.250987,0.255165,0.255185,0.255629,0.256028,0.258004,0.261689,0.268564,0.276728,0.279901,0.281512,0.294743,0.296133,0.297507,0.300156,0.300235,0.302725,0.307644,0.309065,0.316397,0.316479,0.316541,0.320285,0.320285,0.323875,0.325434,0.327130,0.327896,0.332715,0.332717,
0.223182,0.235586,0.235612,0.236608,0.237398,0.237494,0.240480,0.240552,0.242303,0.244810,0.247698,0.248827,0.251498,0.252064,0.255482,0.258519,0.260188,0.261886,0.268525,0.270163,0.270173,0.271831,0.271873,0.278293,0.279936,0.286206,0.293359,0.300170,0.302715,0.305192,0.309938,0.315059,0.320553,0.323008,0.325526,0.327117,0.327120,0.331982,0.332083,0.332714,
0.000129,0.003962,0.237579,0.238336,0.242262,0.242517,0.243079,0.244760,0.248801,0.251923,0.260189,0.261539,0.261586,0.268531,0.269275,0.271914,0.279892,0.284683,0.286080,0.296273,0.298826,0.300138,0.302884,0.314358,0.315586,0.316383,0.316399,0.317387,0.318516,0.319352,0.320290,0.320310,0.321232,0.322144,0.325625,0.328651,0.329940,0.332121,0.332713,0.332719,
0.222862,0.237372,0.238405,0.240481,0.243564,0.247213,0.247282,0.248774,0.253686,0.256825,0.260255,0.261222,0.262895,0.263519,0.266869,0.266872,0.268544,0.275099,0.276667,0.278321,0.283032,0.287587,0.294745,0.296559,0.297500,0.300196,0.303967,0.303977,0.305235,0.308784,0.309391,0.309960,0.312170,0.319360,0.328650,0.329365,0.331443,0.332718,0.332879,0.334819,
0.235629,0.235778,0.236675,0.237234,0.238662,0.239332,0.239358,0.239409,0.239416,0.240487,0.253555,0.254301,0.255875,0.258174,0.270197,0.270465,0.279910,0.279934,0.283045,0.286055,0.286083,0.291959,0.302729,0.308538,0.309943,0.309966,0.311074,0.311078,0.313296,0.314308,0.318765,0.322130,0.323028,0.325529,0.326333,0.328670,0.331426,0.332079,0.332087,0.332118,
0.236180,0.242984,0.243004,0.243502,0.244614,0.245972,0.251949,0.253558,0.254424,0.255197,0.255240,0.257827,0.258536,0.262341,0.271849,0.271893,0.278369,0.279885,0.283055,0.284543,0.286065,0.286104,0.289071,0.290506,0.293372,0.294754,0.298852,0.312167,0.319406,0.322996,0.323855,0.323876,0.325543,0.327143,0.327933,0.328667,0.329497,0.330063,0.332083,0.332717,
0.235578,0.236775,0.238666,0.240303,0.240549,0.241650,0.242298,0.244330,0.245804,0.247915,0.248765,0.251976,0.253563,0.254228,0.256818,0.256885,0.258132,0.258137,0.258522,0.263504,0.266879,0.271831,0.275226,0.280569,0.286066,0.296200,0.308818,0.311077,0.312172,0.313252,0.319338,0.319343,0.322117,0.323868,0.328685,0.330065,0.330754,0.332098,0.332717,0.332733,
0.236195,0.240456,0.241766,0.244441,0.244665,0.245066,0.251936,0.253547,0.254189,0.254327,0.258490,0.260122,0.261344,0.263557,0.265198,0.268581,0.276742,0.276763,0.278538,0.290478,0.291911,0.294761,0.296178,0.303975,0.307654,0.314385,0.315394,0.318517,0.319344,0.322130,0.322987,0.323885,0.324130,0.325532,0.327875,0.330760,0.331466,0.332272,0.332715,0.332866,
0.223093,0.236879,0.238720,0.239377,0.242522,0.242936,0.243034,0.243374,0.251875,0.252012,0.254507,0.255192,0.258501,0.260215,0.262654,0.273492,0.275145,0.279877,0.287540,0.287590,0.290495,0.290497,0.290534,0.291948,0.297514,0.301622,0.302726,0.302728,0.311086,0.311221,0.314331,0.314351,0.317462,0.319338,0.321213,0.322099,0.322997,0.327134,0.332332,0.332717,
0.223021,0.235777,0.236061,0.236714,0.237468,0.238002,0.238557,0.238682,0.239409,0.241655,0.242350,0.242979,0.244960,0.247275,0.247540,0.247989,0.255199,0.255208,0.262732,0.262796,0.263488,0.263569,0.266870,0.268523,0.276723,0.276736,0.278331,0.291927,0.303993,0.307609,0.308807,0.309924,0.314711,0.316444,0.317406,0.327263,0.328626,0.330796,0.332719,0.332731,
0.000103,0.223200,0.235490,0.235758,0.236096,0.238686,0.244666,0.247258,0.255130,0.255889,0.255932,0.260809,0.261179,0.261282,0.261611,0.261687,0.275118,0.276685,0.287556,0.289035,0.297502,0.302686,0.312167,0.316539,0.317546,0.318576,0.320319,0.321199,0.321607,0.323094,0.323870,0.324236,0.324840,0.325541,0.325546,0.327916,0.332091,0.332289,0.332716,0.332721,
0.000071,0.236133,0.236162,0.237457,0.239349,0.239453,0.240278,0.240513,0.243490,0.247689,0.247743,0.248752,0.250396,0.253553,0.254490,0.255790,0.256822,0.260764,0.261861,0.263548,0.265607,0.271870,0.273490,0.281572,0.284544,0.292253,0.293383,0.293446,0.297776,0.297933,0.301417,0.306433,0.307620,0.310692,0.314321,0.316377,0.327101,0.327221,0.328185,0.332716,
0.000144,0.000802,0.222756,0.222970,0.223538,0.235674,0.236143,0.237485,0.238510,0.239296,0.247264,0.254550,0.255864,0.258519,0.262359,0.262392,0.263999,0.265238,0.268657,0.279921,0.287550,0.289081,0.289156,0.290538,0.292136,0.294807,0.297494,0.300404,0.301493,0.301610,0.302738,0.307637,0.308801,0.308815,0.308861,0.316410,0.316558,0.319349,0.325537,0.332713,
0.223419,0.235621,0.235797,0.237290,0.237503,0.239904,0.240353,0.240552,0.244345,0.245794,0.251027,0.254217,0.255225,0.255893,0.259741,0.261042,0.261213,0.265195,0.270212,0.272242,0.273486,0.275193,0.288400,0.293346,0.294768,0.300159,0.306509,0.313269,0.320294,0.323004,0.324712,0.325620,0.326394,0.328628,0.329372,0.330768,0.332716,0.332729,0.333034,0.333107,
0.001346,0.235696,0.235726,0.236131,0.236533,0.236791,0.237497,0.238412,0.239302,0.239352,0.241969,0.244782,0.245808,0.247185,0.247615,0.248782,0.255180,0.255236,0.257701,0.260167,0.261126,0.261912,0.263572,0.270260,0.272352,0.273488,0.278285,0.278310,0.279163,0.283036,0.287646,0.290497,0.294757,0.296147,0.305311,0.313577,0.315493,0.321202,0.327875,0.332078,
0.000084,0.222936,0.236682,0.241668,0.241762,0.242960,0.245850,0.250001,0.250380,0.250832,0.253528,0.258503,0.261115,0.263606,0.271908,0.273505,0.282967,0.283046,0.286065,0.289060,0.293384,0.293623,0.293651,0.297527,0.300139,0.303996,0.308838,0.314349,0.316462,0.316560,0.322305,0.323848,0.323879,0.328664,0.330082,0.330086,0.332081,0.332106,0.332107,0.332113,
0.235824,0.236286,0.236805,0.237582,0.239384,0.240506,0.242135,0.242374,0.244336,0.247824,0.250930,0.251994,0.253556,0.254271,0.255197,0.258492,0.260174,0.261003,0.263483,0.273507,0.281448,0.289036,0.290501,0.293368,0.294747,0.300141,0.300480,0.305217,0.313279,0.316366,0.316432,0.317435,0.320292,0.321219,0.322999,0.323212,0.330786,0.331424,0.331437,0.332085,
0.235993,0.236453,0.237471,0.237516,0.237525,0.239393,0.240303,0.242345,0.244359,0.244971,0.250364,0.251921,0.258504,0.258661,0.261158,0.261517,0.261805,0.275156,0.278448,0.287552,0.289054,0.292010,0.293336,0.293365,0.300179,0.302757,0.304036,0.309938,0.312473,0.315388,0.315391,0.317423,0.317440,0.317489,0.322999,0.323956,0.325766,0.327125,0.327872,0.332082,
0.001448,0.222999,0.235519,0.235564,0.235656,0.235950,0.237390,0.237497,0.239358,0.243728,0.244347,0.244580,0.244766,0.247266,0.247491,0.248793,0.249127,0.255181,0.260807,0.262714,0.262872,0.268561,0.286073,0.286079,0.289036,0.293363,0.293365,0.294849,0.301458,0.301595,0.306538,0.307642,0.312180,0.313273,0.322978,0.324813,0.326327,0.326479,0.330065,0.332084,
0.236208,0.237442,0.238378,0.238535,0.238612,0.241710,0.243343,0.243482,0.243747,0.250360,0.251920,0.253559,0.254491,0.255320,0.255792,0.256952,0.260177,0.261706,0.262938,0.265275,0.268518,0.271848,0.271872,0.284579,0.286072,0.287618,0.290570,0.298829,0.300164,0.307773,0.312159,0.312194,0.316509,0.320290,0.321226,0.322141,0.323900,0.325860,0.331437,0.332087,
0.222977,0.236096,0.237367,0.237529,0.238342,0.238380,0.243050,0.244751,0.246080,0.250343,0.250359,0.250642,0.250812,0.251002,0.254485,0.255772,0.257977,0.261067,0.261497,0.265250,0.266893,0.270192,0.270307,0.271884,0.273509,0.275124,0.286064,0.286080,0.286130,0.289060,0.300188,0.306428,0.307640,0.316076,0.323862,0.323872,0.325536,0.327141,0.327941,0.332079,
0.235495,0.235589,0.235778,0.235956,0.236560,0.236627,0.236734,0.237583,0.238783,0.240222,0.240503,0.243218,0.245801,0.250786,0.254456,0.255468,0.256852,0.260181,0.262727,0.263540,0.265350,0.272325,0.275053,0.275095,0.279946,0.281481,0.286329,0.290535,0.291999,0.300213,0.305246,0.309912,0.313722,0.317457,0.323854,0.326343,0.326444,0.327118,0.327138,0.332082,
0.000268,0.222834,0.235607,0.236297,0.236809,0.237296,0.237521,0.242990,0.243384,0.244807,0.248813,0.250761,0.255551,0.258511,0.261063,0.266903,0.273533,0.278313,0.281476,0.284926,0.286071,0.286129,0.290500,0.294847,0.296152,0.298867,0.301524,0.304015,0.311136,0.314315,0.314402,0.318008,0.318377,0.322120,0.322991,0.325730,0.327198,0.332077,0.332742,0.332742,
0.236236,0.236374,0.236422,0.237391,0.237479,0.237506,0.238424,0.243175,0.247672,0.251961,0.253514,0.254206,0.254736,0.261421,0.261853,0.266954,0.270226,0.271829,0.272031,0.281496,0.284592,0.285391,0.289034,0.298880,0.301454,0.304033,0.307629,0.308791,0.309951,0.311925,0.314991,0.316402,0.322990,0.323011,0.327901,0.328621,0.330070,0.330765,0.332167,0.332713,
0.222642,0.236166,0.237621,0.243115,0.244390,0.245790,0.250353,0.251958,0.251992,0.255202,0.260176,0.262042,0.263525,0.263529,0.271812,0.273482,0.276701,0.281458,0.281491,0.281507,0.288269,0.293363,0.293374,0.296158,0.297505,0.301437,0.301452,0.315371,0.316394,0.317410,0.319371,0.321194,0.323062,0.324691,0.326358,0.326438,0.328203,0.328647,0.330139,0.332719,
0.235601,0.235747,0.235771,0.236449,0.237475,0.238901,0.239355,0.240677,0.241721,0.247843,0.251923,0.253512,0.258293,0.258545,0.263532,0.275109,0.276737,0.278320,0.279885,0.279922,0.287580,0.287593,0.290512,0.294762,0.297497,0.298821,0.298868,0.300160,0.301445,0.306425,0.308786,0.312221,0.317408,0.321262,0.322125,0.327131,0.328645,0.330079,0.332089,0.332714,
0.235656,0.235901,0.236481,0.243405,0.244398,0.244933,0.247600,0.250867,0.250881,0.251902,0.251931,0.254303,0.261851,0.263164,0.273573,0.278368,0.286080,0.287660,0.289072,0.291957,0.291963,0.292125,0.293349,0.296136,0.301447,0.301447,0.301475,0.307621,0.308757,0.309971,0.311067,0.311093,0.315417,0.319341,0.319629,0.321211,0.322995,0.327985,0.328632,0.332718,
0.235796,0.238646,0.238719,0.239393,0.242956,0.243379,0.243570,0.244998,0.247607,0.248807,0.250834,0.250839,0.255233,0.260156,0.260985,0.261622,0.270196,0.275071,0.281468,0.284561,0.286048,0.291926,0.297677,0.300162,0.301437,0.309943,0.311106,0.312165,0.313247,0.319574,0.321202,0.321253,0.322986,0.323731,0.323865,0.323871,0.323891,0.326359,0.330763,0.332715,
0.000647,0.235627,0.235653,0.236214,0.239387,0.244315,0.244404,0.244785,0.246293,0.250331,0.250341,0.250439,0.253577,0.261272,0.261662,0.268554,0.268729,0.271842,0.273495,0.289045,0.293486,0.294764,0.294771,0.302719,0.306728,0.311107,0.318388,0.319333,0.320288,0.323848,0.324707,0.326355,0.327887,0.328094,0.330067,0.330077,0.332275,0.332716,0.332764,0.333205,
0.235642,0.235650,0.238388,0.243311,0.245745,0.251891,0.251954,0.253552,0.254093,0.256816,0.261063,0.261817,0.262504,0.266880,0.268559,0.268575,0.270521,0.271877,0.281445,0.284707,0.289018,0.296125,0.296130,0.298872,0.302734,0.305235,0.307682,0.309921,0.311085,0.314368,0.315369,0.322098,0.322106,0.323849,0.326365,0.327121,0.330067,0.331477,0.332712,0.337137,
0.235686,0.235924,0.236704,0.236751,0.240315,0.244703,0.245836,0.247253,0.247488,0.248076,0.248766,0.248789,0.250985,0.253504,0.255190,0.260347,0.262646,0.266841,0.266889,0.266904,0.284548,0.286109,0.287547,0.287924,0.290475,0.309985,0.311065,0.315362,0.318388,0.319437,0.321211,0.323879,0.325551,0.325875,0.327884,0.327889,0.329364,0.330797,0.331480,0.332716,
0.235646,0.236782,0.237528,0.238497,0.240514,0.244748,0.248722,0.251977,0.251996,0.254331,0.255213,0.256833,0.256906,0.257009,0.258339,0.258526,0.260201,0.263556,0.268503,0.276733,0.278296,0.281469,0.297516,0.300165,0.306398,0.307626,0.307697,0.309953,0.311136,0.316442,0.318371,0.320299,0.321199,0.322350,0.323103,0.327318,0.327920,0.330750,0.331434,0.332720,
