0.000000,0.000000,0.000000,0.000000,0.000000,0.000000,0.000000,0.000000,0.000000,0.000000,0.000000,0.000000,0.000000,0.000000,0.000000,0.000000,0.000000,0.000000,0.000000,0.000000,0.000000,0.000000,0.000000,0.000000,0.000000,0.000000,0.000000,0.000000,0.000000,0.000000,0.000000,0.000000,0.000000,0.000000,0.000000,0.000000,0.000000,0.000000,0.000000,0.000000,
0.000000,0.238144,0.238371,0.238540,0.241197,0.241539,0.245556,0.248106,0.248339,0.256371,0.259763,0.259780,0.261171,0.261518,0.262796,0.269859,0.269879,0.271489,0.274896,0.282890,0.286045,0.289057,0.290465,0.296320,0.299185,0.300472,0.300522,0.300577,0.304504,0.304565,0.304626,0.305687,0.305788,0.306890,0.319504,0.322684,0.326274,0.333183,0.333719,0.335779,
0.003641,0.235737,0.235969,0.236125,0.236171,0.236251,0.238344,0.239417,0.241694,0.241999,0.244368,0.251947,0.260194,0.263542,0.268544,0.275101,0.275105,0.278326,0.279901,0.281470,0.283015,0.284571,0.289024,0.289068,0.294777,0.295194,0.301471,0.306410,0.306444,0.312180,0.313256,0.319418,0.323882,0.326378,0.331429,0.331558,0.332078,0.332415,0.332715,0.332743,
0.001911,0.235957,0.236138,0.236738,0.238391,0.238598,0.240359,0.242466,0.242546,0.242596,0.243264,0.245845,0.248795,0.251946,0.251962,0.253604,0.254391,0.258040,0.258450,0.258544,0.258573,0.261842,0.262622,0.281484,0.281487,0.281542,0.283029,0.293373,0.296144,0.297813,0.301425,0.311069,0.312163,0.312223,0.313271,0.321229,0.322201,0.322997,0.332168,0.332716,
0.236175,0.236401,0.237478,0.239355,0.240512,0.242955,0.243253,0.243758,0.250348,0.252663,0.254420,0.255449,0.255736,0.260166,0.260191,0.260658,0.268553,0.268577,0.270207,0.271916,0.273488,0.276712,0.281478,0.287660,0.287811,0.289083,0.301506,0.303155,0.304136,0.309946,0.314306,0.316395,0.316451,0.318372,0.322107,0.328644,0.330920,0.332715,0.332759,0.332865,
0.235677,0.235978,0.237784,0.239327,0.240476,0.245788,0.248984,0.251075,0.258062,0.261054,0.261157,0.261841,0.262817,0.265224,0.273455,0.276843,0.287579,0.288129,0.289532,0.290589,0.291932,0.302743,0.303973,0.306422,0.313281,0.315387,0.316457,0.317422,0.318391,0.319341,0.319356,0.324695,0.325515,0.325537,0.325572,0.327053,0.330068,0.332104,0.332107,0.332715,
0.222898,0.235792,0.235989,0.236500,0.236920,0.238483,0.238587,0.239363,0.240491,0.241729,0.242257,0.242923,0.243297,0.243491,0.244783,0.247575,0.248825,0.251941,0.254623,0.255208,0.255208,0.263527,0.268555,0.275092,0.281465,0.300160,0.301437,0.303965,0.305589,0.307614,0.307630,0.308791,0.310051,0.315364,0.317393,0.321343,0.322113,0.327147,0.332083,0.332720,
0.235557,0.235963,0.236698,0.239380,0.241791,0.244517,0.244884,0.245935,0.247629,0.250304,0.253560,0.255181,0.255952,0.257860,0.259075,0.260722,0.261825,0.273526,0.275116,0.276714,0.276810,0.278305,0.280566,0.283034,0.283860,0.287537,0.287587,0.296134,0.298857,0.301450,0.305294,0.315393,0.317424,0.319470,0.324758,0.325705,0.329354,0.332088,0.332716,0.332829,
0.235544,0.236187,0.236724,0.237354,0.237484,0.237661,0.238820,0.239893,0.240329,0.242170,0.254435,0.256085,0.256813,0.258504,0.260945,0.271819,0.273486,0.278314,0.283050,0.287584,0.289022,0.289200,0.293383,0.296186,0.304022,0.306426,0.306512,0.310209,0.313254,0.314328,0.314392,0.321217,0.324742,0.324780,0.327878,0.328630,0.328674,0.332716,0.332721,0.332787,
0.235927,0.236036,0.236852,0.238325,0.238682,0.240498,0.243324,0.245833,0.251924,0.251948,0.251970,0.255733,0.257871,0.260178,0.261562,0.261807,0.263631,0.266827,0.266868,0.266869,0.268644,0.275096,0.286096,0.293390,0.293394,0.298828,0.301748,0.306452,0.309923,0.311190,0.313229,0.313333,0.316389,0.317415,0.321219,0.322121,0.327891,0.331499,0.332717,0.332737,
0.236697,0.238587,0.238665,0.241687,0.241727,0.243012,0.248825,0.251995,0.254461,0.255166,0.256862,0.260210,0.263524,0.263602,0.268521,0.278323,0.281450,0.281936,0.286075,0.289048,0.292013,0.296222,0.297525,0.303983,0.308048,0.308802,0.309939,0.309939,0.314341,0.314356,0.315359,0.319403,0.320286,0.320559,0.323867,0.325545,0.326301,0.332003,0.332103,0.332715,
0.235705,0.236000,0.236445,0.237552,0.238784,0.240468,0.247311,0.247659,0.250967,0.255192,0.255977,0.255991,0.256834,0.258259,0.265209,0.265219,0.273489,0.273603,0.278313,0.278347,0.279905,0.281465,0.287563,0.287595,0.289053,0.291945,0.297508,0.301442,0.302733,0.312178,0.316392,0.317387,0.318430,0.322116,0.323881,0.328635,0.328644,0.332094,0.332216,0.332714,
0.223125,0.235514,0.235620,0.236202,0.236590,0.237478,0.237522,0.239809,0.241652,0.241899,0.243014,0.247273,0.254604,0.260181,0.260906,0.263546,0.265266,0.276700,0.283037,0.296146,0.297626,0.302831,0.305225,0.308144,0.309943,0.311052,0.315445,0.317417,0.318378,0.318418,0.321218,0.323011,0.325538,0.326342,0.327892,0.330063,0.330168,0.332086,0.332105,0.332718,
0.222942,0.235976,0.236214,0.236766,0.237536,0.239388,0.240504,0.241751,0.245740,0.247296,0.247476,0.247730,0.250309,0.250374,0.250715,0.256873,0.257887,0.257989,0.260793,0.261095,0.261842,0.270197,0.275182,0.276762,0.284535,0.286091,0.287778,0.301446,0.305272,0.307610,0.310049,0.313307,0.313315,0.317393,0.320280,0.322102,0.322120,0.328716,0.330073,0.332712,
0.235899,0.236537,0.236697,0.237438,0.237468,0.237471,0.237509,0.238571,0.241714,0.247278,0.250954,0.255844,0.256813,0.265192,0.271826,0.271847,0.275126,0.278320,0.279878,0.287651,0.289048,0.292777,0.293394,0.297542,0.300194,0.302994,0.306450,0.308816,0.309939,0.312391,0.317591,0.318700,0.323915,0.327125,0.328160,0.328621,0.329417,0.329440,0.331737,0.332716,
0.222842,0.236677,0.236704,0.236761,0.237432,0.239457,0.242949,0.244738,0.250403,0.253556,0.254310,0.258565,0.258585,0.260114,0.260201,0.262728,0.265197,0.271870,0.273470,0.275125,0.276717,0.281495,0.291929,0.301447,0.301451,0.303993,0.313331,0.315373,0.318401,0.319435,0.320282,0.322091,0.322107,0.323862,0.326958,0.327108,0.327144,0.327889,0.332089,0.332712,
0.236506,0.237490,0.238338,0.238344,0.241699,0.242170,0.250952,0.253654,0.257961,0.273470,0.275147,0.275319,0.278297,0.283064,0.284522,0.286052,0.287566,0.289004,0.294776,0.294866,0.295124,0.299716,0.300146,0.301455,0.301478,0.303988,0.303998,0.304003,0.304012,0.308782,0.309926,0.311058,0.318434,0.319335,0.323011,0.323890,0.328644,0.332083,0.332127,0.332713,
0.238334,0.238403,0.240322,0.240459,0.243605,0.245843,0.247259,0.248806,0.248809,0.254348,0.255188,0.256829,0.258086,0.258591,0.260872,0.265204,0.270180,0.270185,0.273491,0.276710,0.278335,0.291963,0.293373,0.297705,0.300133,0.307611,0.309925,0.313238,0.313276,0.314330,0.316410,0.317398,0.319338,0.323002,0.324128,0.327214,0.327902,0.327994,0.330071,0.332716,
0.000281,0.223404,0.235775,0.236799,0.238644,0.239346,0.241886,0.244343,0.247296,0.253579,0.261596,0.261718,0.262762,0.263520,0.265186,0.268540,0.270201,0.273451,0.276936,0.286045,0.290512,0.297503,0.298848,0.304009,0.306461,0.309931,0.312205,0.314345,0.314363,0.317382,0.318113,0.319357,0.321202,0.322101,0.325538,0.326335,0.327162,0.331434,0.332714,0.332724,
0.235982,0.236191,0.236534,0.237500,0.239349,0.240473,0.243580,0.248780,0.250932,0.250947,0.254417,0.255943,0.257908,0.260174,0.260176,0.260194,0.260214,0.261041,0.261875,0.263895,0.265217,0.266914,0.271866,0.275143,0.275156,0.289440,0.290489,0.291957,0.296139,0.300227,0.300542,0.303999,0.310046,0.314323,0.314344,0.320309,0.323004,0.324754,0.330757,0.332717,
0.235889,0.236503,0.240576,0.242273,0.247248,0.247788,0.260177,0.260852,0.262714,0.263537,0.266880,0.266906,0.275083,0.279912,0.281576,0.283008,0.283042,0.287588,0.294769,0.297508,0.301482,0.305523,0.307623,0.308810,0.310468,0.312159,0.312199,0.313278,0.313525,0.314341,0.317431,0.318612,0.322140,0.323869,0.326544,0.329579,0.330068,0.331446,0.332176,0.332718,
0.000223,0.222938,0.223099,0.236446,0.237448,0.237489,0.238347,0.239444,0.242425,0.244378,0.247254,0.247269,0.248834,0.250315,0.254307,0.258021,0.260150,0.260228,0.261697,0.261826,0.261844,0.262524,0.266873,0.267262,0.271864,0.281483,0.293369,0.300154,0.305223,0.309928,0.315404,0.315560,0.323154,0.325533,0.329376,0.331429,0.331438,0.331462,0.332714,0.332750,
0.222872,0.235577,0.237283,0.238772,0.242272,0.247297,0.247708,0.252056,0.253514,0.253618,0.254143,0.255231,0.260190,0.263574,0.269903,0.273485,0.275141,0.276715,0.277004,0.278322,0.287559,0.288472,0.296117,0.297497,0.297637,0.311488,0.315370,0.316418,0.319353,0.319362,0.320287,0.323944,0.325055,0.325513,0.326395,0.329429,0.330341,0.330791,0.332716,0.332959,
0.242353,0.242485,0.242950,0.243018,0.244756,0.247316,0.247372,0.250312,0.251946,0.251948,0.254218,0.258191,0.258620,0.260835,0.261536,0.261579,0.261879,0.265165,0.271854,0.271858,0.275087,0.279904,0.289177,0.290493,0.293395,0.298861,0.302730,0.303978,0.306439,0.308773,0.322108,0.324075,0.328646,0.329356,0.329395,0.331630,0.332101,0.332712,0.332723,0.332730,
0.235565,0.235594,0.235942,0.236226,0.236721,0.238328,0.238448,0.240280,0.240512,0.243040,0.243083,0.247811,0.255834,0.258494,0.260588,0.261675,0.261847,0.261885,0.270613,0.272320,0.278338,0.278358,0.279898,0.283030,0.298826,0.301433,0.312165,0.313248,0.313292,0.314326,0.314362,0.315367,0.316430,0.324738,0.326336,0.327274,0.327404,0.330764,0.331665,0.332715,
0.235956,0.236508,0.237493,0.238579,0.239376,0.243048,0.243810,0.245753,0.250840,0.261033,0.261505,0.262537,0.271850,0.271892,0.274003,0.276714,0.279896,0.290511,0.296132,0.300160,0.300164,0.304069,0.305251,0.306425,0.309948,0.309987,0.310006,0.310365,0.316400,0.318442,0.319352,0.319355,0.321200,0.323848,0.323940,0.327902,0.329358,0.330760,0.332714,0.332772,
0.003265,0.223024,0.235730,0.236520,0.237423,0.239292,0.239401,0.243069,0.244703,0.247216,0.247852,0.250373,0.255315,0.256812,0.256853,0.265168,0.268597,0.269211,0.273476,0.283005,0.287533,0.291927,0.293384,0.299039,0.300151,0.301451,0.305206,0.307618,0.309174,0.314311,0.314346,0.316398,0.321223,0.324705,0.326335,0.326639,0.328357,0.328635,0.330767,0.332717,
0.000375,0.235754,0.235859,0.236149,0.236495,0.237427,0.237430,0.237440,0.238562,0.239356,0.244644,0.247241,0.247291,0.253587,0.258476,0.260240,0.261393,0.261754,0.261833,0.278355,0.278825,0.283031,0.283172,0.287566,0.290466,0.301460,0.302745,0.307606,0.309917,0.309938,0.309938,0.317392,0.317403,0.321266,0.322115,0.324720,0.326282,0.329353,0.331076,0.332717,
0.000085,0.235499,0.235526,0.235672,0.235877,0.239398,0.240332,0.243703,0.244507,0.244952,0.244965,0.247266,0.250856,0.258515,0.260134,0.260264,0.262504,0.275120,0.278344,0.279947,0.281513,0.283040,0.284600,0.290814,0.300156,0.303968,0.303996,0.304117,0.305221,0.308786,0.309942,0.311474,0.314325,0.316397,0.323881,0.325534,0.326337,0.327919,0.331429,0.332719,
0.236135,0.236435,0.236615,0.237502,0.239302,0.239380,0.240477,0.241809,0.245775,0.248906,0.255935,0.256936,0.258517,0.260138,0.260202,0.262451,0.268723,0.270173,0.278331,0.281472,0.283037,0.289661,0.291960,0.297503,0.300263,0.301481,0.303230,0.308949,0.309925,0.311073,0.314392,0.317409,0.321202,0.322117,0.324696,0.327109,0.329001,0.329463,0.330862,0.332715,
0.235606,0.235707,0.235839,0.236092,0.237566,0.238341,0.240305,0.241707,0.242980,0.244720,0.247256,0.247280,0.250930,0.251021,0.255227,0.255946,0.256862,0.258542,0.262753,0.263511,0.276716,0.294758,0.296197,0.298854,0.305234,0.305243,0.307605,0.309989,0.312181,0.314307,0.316433,0.318954,0.320303,0.321318,0.325531,0.325556,0.327148,0.329368,0.329378,0.332717,
0.222953,0.235920,0.237370,0.237477,0.238630,0.238655,0.239383,0.241662,0.241720,0.247262,0.247310,0.250619,0.250700,0.252388,0.255825,0.260805,0.271855,0.275132,0.278327,0.284525,0.293346,0.298927,0.300143,0.300200,0.306421,0.306425,0.308786,0.311048,0.313252,0.313471,0.314357,0.315380,0.315750,0.325526,0.327108,0.330075,0.331443,0.332299,0.332718,0.332804,
0.222871,0.236240,0.236478,0.237389,0.238325,0.239484,0.240429,0.242352,0.243509,0.243573,0.247213,0.247447,0.247779,0.248761,0.256023,0.256795,0.256928,0.257642,0.258599,0.261140,0.262854,0.265661,0.283040,0.287569,0.289158,0.293675,0.301446,0.306424,0.306425,0.306457,0.311065,0.313251,0.314371,0.314399,0.316411,0.322111,0.324819,0.327879,0.332721,0.332937,
0.235691,0.235848,0.235912,0.235949,0.237344,0.237413,0.237512,0.237584,0.240200,0.240490,0.241697,0.250749,0.254123,0.255657,0.256851,0.262590,0.262638,0.266881,0.272152,0.273984,0.287700,0.289072,0.291955,0.292788,0.303508,0.308778,0.311075,0.311355,0.313252,0.314387,0.316385,0.321210,0.321224,0.322307,0.323910,0.325522,0.328631,0.328685,0.330764,0.332715,
0.236501,0.236510,0.237377,0.237521,0.240194,0.255177,0.256884,0.258547,0.261821,0.262332,0.276826,0.278326,0.278337,0.283347,0.293374,0.293537,0.295148,0.296144,0.297526,0.298926,0.304096,0.306934,0.307748,0.308776,0.309917,0.309926,0.309935,0.311068,0.312175,0.313256,0.314384,0.315484,0.318368,0.327895,0.329478,0.330062,0.330768,0.331504,0.332117,0.332719,
0.222554,0.222804,0.235683,0.235684,0.237373,0.240188,0.240440,0.240446,0.240515,0.242254,0.243469,0.244334,0.250338,0.251017,0.268548,0.270221,0.270236,0.273497,0.275214,0.283000,0.287605,0.289029,0.289132,0.292340,0.296139,0.300134,0.300173,0.303982,0.312166,0.315372,0.315374,0.319346,0.320386,0.321235,0.326327,0.329358,0.331437,0.332715,0.332740,0.332835,
0.236542,0.237417,0.237452,0.237483,0.239339,0.240502,0.240542,0.244771,0.247552,0.250866,0.254481,0.260185,0.261182,0.266841,0.270183,0.270222,0.270275,0.274250,0.279921,0.286060,0.287686,0.291953,0.293556,0.297504,0.298330,0.304677,0.306443,0.307617,0.309927,0.312170,0.312299,0.317393,0.318510,0.322191,0.327878,0.328679,0.329367,0.329374,0.332095,0.332713,
0.235512,0.235756,0.236007,0.236484,0.238647,0.243500,0.244380,0.247341,0.250405,0.251937,0.253528,0.254408,0.254481,0.258537,0.258589,0.261424,0.262218,0.263528,0.270197,0.276699,0.278318,0.280069,0.281473,0.281481,0.281488,0.281660,0.288037,0.291991,0.293346,0.293357,0.297535,0.298871,0.303979,0.309922,0.322099,0.326351,0.327881,0.328786,0.329383,0.332715,
0.223038,0.235567,0.235665,0.235909,0.236699,0.237390,0.237457,0.237531,0.238724,0.241795,0.243053,0.243285,0.244349,0.247567,0.248796,0.250852,0.251939,0.253534,0.254388,0.256860,0.256865,0.258530,0.262552,0.265212,0.268547,0.268622,0.289072,0.290500,0.296143,0.296167,0.297506,0.298835,0.302982,0.309429,0.322979,0.323006,0.323874,0.324711,0.325621,0.332717,
0.235512,0.235558,0.235821,0.236543,0.236754,0.238341,0.240553,0.251895,0.251998,0.256905,0.257799,0.257897,0.258009,0.260205,0.260985,0.261844,0.262788,0.263601,0.268508,0.281438,0.281511,0.293387,0.294748,0.294804,0.300404,0.302741,0.303999,0.306573,0.307337,0.311413,0.318371,0.320274,0.325524,0.326356,0.326382,0.327162,0.328012,0.331432,0.332716,0.332804,
0.000081,0.235750,0.235932,0.236004,0.236467,0.238680,0.238737,0.238828,0.243026,0.244378,0.244397,0.245007,0.247229,0.247318,0.253530,0.254487,0.255162,0.255951,0.258519,0.263564,0.273461,0.283053,0.286069,0.287560,0.287576,0.294744,0.296123,0.301446,0.302798,0.305217,0.306420,0.311039,0.317398,0.317498,0.319622,0.321448,0.325526,0.325880,0.329375,0.332714,
0.000000,0.235563,0.236087,0.236293,0.236719,0.238608,0.239347,0.241633,0.241651,0.244933,0.247866,0.250333,0.250418,0.257724,0.260854,0.265191,0.265208,0.266885,0.281473,0.283019,0.289043,0.289062,0.291991,0.301471,0.301484,0.301488,0.302839,0.307611,0.307644,0.311073,0.312210,0.318396,0.321219,0.325609,0.327130,0.328636,0.330775,0.332201,0.332716,0.332734,
0.000075,0.004290,0.223018,0.236175,0.237576,0.240213,0.244368,0.245142,0.245786,0.247472,0.250404,0.251920,0.254831,0.255217,0.255673,0.257148,0.257804,0.261596,0.261828,0.263575,0.271814,0.276711,0.276720,0.286029,0.286063,0.290515,0.293385,0.296145,0.296177,0.302723,0.305214,0.311060,0.314338,0.314493,0.321482,0.323069,0.329362,0.330078,0.331532,0.332715,
0.235634,0.235948,0.236418,0.238342,0.238358,0.239018,0.243360,0.244669,0.247442,0.250762,0.251915,0.253018,0.253566,0.254461,0.255858,0.258496,0.260217,0.261598,0.268528,0.271883,0.275483,0.284585,0.285073,0.301499,0.308910,0.313282,0.316406,0.318657,0.320361,0.321207,0.321580,0.322110,0.324946,0.325696,0.326381,0.330764,0.331462,0.332104,0.332127,0.332713,
0.222949,0.235868,0.236572,0.237447,0.237528,0.238393,0.243537,0.245755,0.250317,0.250341,0.250351,0.250374,0.251150,0.251953,0.254626,0.255173,0.256866,0.256913,0.258501,0.261395,0.262046,0.262699,0.266881,0.281471,0.293520,0.294770,0.296137,0.297605,0.303969,0.313282,0.317387,0.317393,0.321218,0.321431,0.326325,0.330782,0.331425,0.331434,0.331505,0.332716,
0.000712,0.235697,0.235964,0.236220,0.236750,0.237499,0.237554,0.238364,0.242436,0.243370,0.243642,0.245772,0.247809,0.250779,0.255174,0.256848,0.261494,0.262258,0.265227,0.270187,0.273500,0.273541,0.276749,0.281481,0.286105,0.290505,0.290555,0.291964,0.294816,0.308815,0.313263,0.316395,0.317395,0.317847,0.318616,0.320297,0.324702,0.327103,0.327109,0.332716,
0.235564,0.235673,0.236160,0.236636,0.236774,0.239119,0.240483,0.240490,0.240554,0.241670,0.243354,0.245808,0.252093,0.256073,0.256841,0.257965,0.263505,0.263524,0.263711,0.265206,0.270165,0.270194,0.275110,0.277093,0.283006,0.292410,0.294776,0.300158,0.304007,0.305392,0.306437,0.320281,0.323008,0.325539,0.331422,0.331449,0.332094,0.332167,0.332219,0.332714,
0.000291,0.235664,0.237717,0.238402,0.247289,0.247825,0.247853,0.250881,0.251930,0.260124,0.260791,0.261829,0.263535,0.266851,0.270163,0.270276,0.276695,0.276742,0.276747,0.276866,0.281537,0.283006,0.286064,0.286084,0.286121,0.289038,0.294766,0.294806,0.296118,0.297565,0.298819,0.301482,0.306429,0.314336,0.316454,0.317438,0.329907,0.331450,0.332099,0.332714,
0.222701,0.222991,0.235508,0.235805,0.237404,0.243035,0.244392,0.244713,0.244755,0.244856,0.247222,0.247773,0.250336,0.250361,0.255986,0.261273,0.262891,0.266883,0.266889,0.268523,0.268566,0.270174,0.270200,0.275113,0.283192,0.286081,0.296301,0.297506,0.309926,0.311094,0.321225,0.326332,0.326526,0.327126,0.328134,0.328652,0.330066,0.331429,0.332716,0.332790,
0.222742,0.235875,0.242979,0.248794,0.251151,0.251187,0.252047,0.254489,0.257839,0.260186,0.261307,0.262280,0.265212,0.266870,0.266877,0.266931,0.269413,0.278338,0.278496,0.283029,0.284583,0.286085,0.289037,0.294754,0.298834,0.298854,0.300179,0.306447,0.307608,0.309938,0.312155,0.312196,0.318379,0.319350,0.320335,0.323093,0.323592,0.324875,0.330234,0.332711,
0.235619,0.235739,0.236169,0.237545,0.238762,0.239401,0.240416,0.240558,0.242980,0.244342,0.248749,0.250340,0.250356,0.258559,0.265185,0.274253,0.284566,0.284571,0.287547,0.290468,0.293350,0.293363,0.296154,0.297487,0.297964,0.298838,0.298861,0.301467,0.301549,0.303996,0.310140,0.314305,0.317404,0.317667,0.318387,0.322116,0.324720,0.324945,0.328646,0.332713,
0.235723,0.235866,0.235915,0.236001,0.236733,0.236804,0.237463,0.242277,0.242413,0.242423,0.242960,0.244835,0.250383,0.250393,0.253580,0.255244,0.260133,0.261209,0.261639,0.262403,0.271842,0.273468,0.275136,0.284566,0.293414,0.301474,0.302719,0.310061,0.311068,0.314306,0.317393,0.317402,0.317429,0.318371,0.319337,0.322136,0.323036,0.328626,0.329499,0.332718,
0.235505,0.235743,0.236133,0.236301,0.236592,0.238644,0.240466,0.242455,0.243581,0.245840,0.247460,0.247604,0.248844,0.253562,0.261841,0.261900,0.261960,0.263566,0.266855,0.271849,0.278285,0.279901,0.279925,0.289135,0.291952,0.295096,0.300131,0.305230,0.307589,0.311064,0.318446,0.319499,0.321230,0.323881,0.326328,0.326343,0.327109,0.328029,0.330761,0.332717,
0.235791,0.235945,0.236168,0.236688,0.237510,0.237984,0.238295,0.238329,0.238748,0.242230,0.242954,0.243019,0.247838,0.250315,0.254589,0.258013,0.258587,0.262741,0.265209,0.266814,0.279986,0.286072,0.290630,0.293369,0.294756,0.298977,0.301459,0.306431,0.309916,0.310108,0.312173,0.314533,0.316383,0.318409,0.325532,0.327882,0.328719,0.331430,0.331432,0.332717,
0.235939,0.236147,0.236240,0.237363,0.241774,0.244567,0.245780,0.245789,0.253603,0.255660,0.258016,0.261892,0.261892,0.261912,0.270174,0.270181,0.276760,0.280267,0.284598,0.286090,0.291973,0.293365,0.305232,0.308760,0.308819,0.309964,0.310126,0.312176,0.314308,0.314388,0.314461,0.316474,0.322092,0.322980,0.324931,0.326355,0.328723,0.330073,0.330361,0.332719,
0.222821,0.222859,0.235490,0.235535,0.235582,0.235604,0.236070,0.236486,0.236527,0.237387,0.238709,0.247814,0.253621,0.258554,0.261182,0.263068,0.271878,0.276723,0.281536,0.284567,0.286055,0.286072,0.287863,0.290493,0.293517,0.296126,0.298829,0.298843,0.300173,0.304070,0.306429,0.307643,0.314378,0.322988,0.327118,0.330079,0.330748,0.331432,0.332087,0.332716,
0.222818,0.235925,0.237432,0.237442,0.237691,0.238720,0.239324,0.240387,0.240536,0.247941,0.250772,0.251878,0.255788,0.256826,0.258579,0.261632,0.262724,0.270230,0.276788,0.276822,0.278301,0.286064,0.294748,0.294759,0.296446,0.301525,0.303987,0.307690,0.316398,0.318372,0.318461,0.318462,0.320286,0.320324,0.321402,0.322124,0.329361,0.330068,0.332099,0.332716,
0.000067,0.235523,0.236189,0.238728,0.240362,0.240456,0.245287,0.245890,0.251939,0.253549,0.253659,0.256032,0.258489,0.258533,0.260984,0.261009,0.261028,0.266893,0.268850,0.270205,0.270230,0.271874,0.279906,0.279907,0.283033,0.296144,0.300151,0.302906,0.309270,0.320293,0.320442,0.320468,0.321204,0.323857,0.328640,0.330792,0.332718,0.332718,0.332842,0.332854,
0.235526,0.235575,0.236432,0.236834,0.237577,0.238413,0.242169,0.243611,0.250350,0.251028,0.251111,0.251956,0.254028,0.254615,0.255627,0.260766,0.265213,0.279907,0.284561,0.287565,0.290505,0.293373,0.294729,0.297499,0.302814,0.304286,0.305180,0.305215,0.306411,0.306536,0.307602,0.311080,0.317555,0.318383,0.319333,0.319440,0.328635,0.329437,0.332119,0.332716,
0.000226,0.000436,0.235606,0.236170,0.236672,0.240650,0.241715,0.242311,0.245871,0.247659,0.250884,0.262917,0.268565,0.270255,0.273482,0.278304,0.279934,0.281453,0.284604,0.288171,0.293356,0.294743,0.294753,0.294772,0.300365,0.307614,0.311049,0.312173,0.312178,0.312385,0.315370,0.317388,0.318417,0.320270,0.323934,0.323976,0.328847,0.330106,0.330404,0.332720,
0.236515,0.240445,0.241654,0.241719,0.243528,0.244325,0.245820,0.248789,0.250975,0.251950,0.253575,0.258505,0.261007,0.261817,0.261866,0.262338,0.262545,0.270201,0.270218,0.273458,0.279908,0.281505,0.286063,0.289066,0.294821,0.296120,0.298831,0.298832,0.299025,0.299147,0.305287,0.308771,0.311055,0.318364,0.320425,0.323510,0.324706,0.324710,0.332305,0.332715,
0.000072,0.235769,0.235778,0.236621,0.236706,0.237503,0.241669,0.241699,0.241720,0.242964,0.245756,0.247498,0.247789,0.251096,0.253558,0.254536,0.255635,0.260970,0.261859,0.265181,0.266887,0.271840,0.275107,0.275136,0.278344,0.284585,0.284614,0.303968,0.309929,0.314318,0.316378,0.316390,0.317410,0.323011,0.328651,0.330076,0.331815,0.332086,0.332717,0.332775,
0.236129,0.236553,0.237511,0.240330,0.240379,0.243018,0.245832,0.251989,0.254043,0.256789,0.258500,0.261057,0.262445,0.263513,0.265182,0.266889,0.268562,0.276731,0.278001,0.278313,0.281639,0.281660,0.287588,0.287595,0.291947,0.295305,0.297551,0.307617,0.311091,0.311100,0.311111,0.320307,0.322992,0.324714,0.325639,0.326382,0.327893,0.327950,0.330070,0.332715,
0.236275,0.236496,0.236755,0.243747,0.247258,0.250362,0.250960,0.256864,0.258481,0.258844,0.261131,0.261804,0.271819,0.284547,0.287553,0.287565,0.287657,0.289035,0.290524,0.290560,0.293349,0.296153,0.296239,0.297487,0.301452,0.301458,0.306442,0.307629,0.307869,0.309999,0.313319,0.314335,0.314352,0.314470,0.319341,0.322976,0.323865,0.325571,0.327432,0.332714,
0.223130,0.235567,0.236148,0.236684,0.237562,0.238317,0.240301,0.244849,0.247305,0.248803,0.254465,0.255598,0.255755,0.256857,0.260157,0.260158,0.261816,0.261823,0.273497,0.283074,0.284538,0.284542,0.287793,0.294774,0.296763,0.300192,0.302736,0.312180,0.312208,0.313281,0.315388,0.321214,0.323458,0.323848,0.326319,0.326340,0.329373,0.332084,0.332086,0.332717,
0.000164,0.236307,0.236495,0.236710,0.237429,0.240415,0.240488,0.242292,0.245812,0.245812,0.251958,0.255836,0.258496,0.258546,0.261884,0.265212,0.266862,0.268521,0.268523,0.278364,0.281486,0.289283,0.296122,0.296123,0.302028,0.302702,0.302733,0.303979,0.305330,0.306416,0.306511,0.307274,0.308817,0.313766,0.314323,0.315355,0.315371,0.317398,0.323869,0.332716,
0.235627,0.235882,0.236421,0.237434,0.237465,0.238347,0.242359,0.242921,0.243025,0.243572,0.244800,0.248834,0.255198,0.255232,0.256815,0.260214,0.261848,0.262378,0.268515,0.273485,0.281465,0.281468,0.283150,0.286083,0.289052,0.293361,0.293395,0.293423,0.298935,0.300163,0.302751,0.305201,0.306434,0.314402,0.318397,0.321657,0.326334,0.330116,0.332005,0.332718,
0.002392,0.235557,0.238370,0.238654,0.238781,0.238835,0.240391,0.242338,0.243514,0.244365,0.244383,0.245718,0.253561,0.253607,0.255198,0.255704,0.255952,0.263064,0.270188,0.271855,0.271896,0.271939,0.276732,0.284618,0.298821,0.304625,0.305225,0.308782,0.309913,0.309958,0.311054,0.311066,0.314352,0.316439,0.320296,0.320297,0.323869,0.324026,0.326336,0.332715,
0.222869,0.235623,0.235668,0.236165,0.236389,0.236904,0.237409,0.238328,0.239397,0.251899,0.251966,0.255204,0.260155,0.261853,0.268531,0.271815,0.273500,0.275226,0.276708,0.278328,0.279914,0.286092,0.290835,0.301474,0.302712,0.306429,0.306997,0.311203,0.312175,0.314413,0.317399,0.318387,0.321209,0.321338,0.324717,0.327235,0.329059,0.330808,0.332718,0.332721,
0.222831,0.235537,0.235807,0.235908,0.240511,0.241724,0.241732,0.244360,0.245819,0.247279,0.251881,0.251920,0.253547,0.255836,0.256980,0.260796,0.266833,0.268610,0.276747,0.283021,0.283086,0.289030,0.289054,0.289076,0.290562,0.293392,0.294790,0.300148,0.300150,0.300284,0.305232,0.316406,0.317390,0.318393,0.318394,0.321156,0.330758,0.330837,0.331429,0.332718,
0.223242,0.235546,0.235655,0.236114,0.239388,0.240408,0.241653,0.241959,0.244845,0.245826,0.247205,0.251975,0.254309,0.257705,0.258538,0.261620,0.261647,0.262662,0.263483,0.263577,0.266891,0.270205,0.273505,0.273519,0.276725,0.278312,0.284578,0.287567,0.289062,0.296172,0.302724,0.303989,0.303991,0.317388,0.321246,0.323854,0.323907,0.330122,0.332084,0.332715,
0.235668,0.235742,0.236035,0.236242,0.237491,0.238352,0.239497,0.240301,0.240450,0.240512,0.242387,0.245852,0.250327,0.250637,0.250895,0.250902,0.260125,0.262881,0.263498,0.266875,0.266885,0.268573,0.283018,0.283030,0.284517,0.284557,0.287595,0.293353,0.309976,0.313255,0.313288,0.314329,0.314480,0.315354,0.317470,0.319341,0.319390,0.320280,0.332716,0.333153,
0.222651,0.235684,0.235803,0.235936,0.237380,0.238488,0.240527,0.243620,0.243706,0.244332,0.244685,0.247855,0.248765,0.250402,0.250901,0.251161,0.254343,0.255645,0.255859,0.260189,0.261854,0.273657,0.276705,0.278314,0.278350,0.281444,0.283025,0.283048,0.286093,0.289185,0.293350,0.300211,0.306430,0.311121,0.321200,0.325524,0.327112,0.327209,0.328633,0.332715,
0.007285,0.222952,0.235645,0.235855,0.236740,0.238398,0.239871,0.240513,0.244750,0.247319,0.250372,0.251970,0.251993,0.254483,0.255197,0.255794,0.258588,0.261235,0.262729,0.265220,0.273462,0.274320,0.275096,0.276754,0.279898,0.281480,0.283189,0.284542,0.287563,0.304686,0.308895,0.313294,0.316380,0.317616,0.319395,0.326063,0.327368,0.328641,0.332104,0.332721,
0.235614,0.236168,0.236984,0.242446,0.243358,0.253519,0.253537,0.258480,0.260188,0.260838,0.265217,0.266876,0.266876,0.276759,0.278333,0.278362,0.281469,0.283180,0.286120,0.290499,0.294766,0.295308,0.296135,0.297492,0.301446,0.302790,0.311050,0.314353,0.315843,0.316414,0.323880,0.323900,0.325543,0.325885,0.328653,0.329359,0.330112,0.331061,0.332717,0.332760,
0.235529,0.235580,0.236780,0.237443,0.240498,0.240514,0.242999,0.244641,0.244736,0.247227,0.248760,0.248827,0.250329,0.253597,0.256858,0.262358,0.275147,0.276730,0.276736,0.277399,0.281482,0.286341,0.287570,0.289032,0.290511,0.290512,0.297504,0.301471,0.305212,0.306476,0.309920,0.316384,0.319505,0.322146,0.326348,0.326368,0.327117,0.327129,0.329367,0.332718,
0.000067,0.235709,0.235727,0.236699,0.236769,0.239364,0.240269,0.240300,0.250486,0.255191,0.255216,0.258497,0.260179,0.260327,0.261070,0.261193,0.262328,0.262762,0.266838,0.268547,0.268559,0.270214,0.273591,0.276716,0.276771,0.294889,0.300150,0.303973,0.304021,0.314349,0.321203,0.321238,0.323016,0.323886,0.323899,0.329365,0.331430,0.332719,0.332740,0.332740,
0.235515,0.235555,0.236251,0.236744,0.237429,0.237508,0.240467,0.240478,0.243510,0.244355,0.247249,0.250926,0.251914,0.257955,0.258018,0.261569,0.263557,0.268801,0.278432,0.279903,0.283449,0.286116,0.289034,0.289044,0.289089,0.293366,0.302727,0.305218,0.307645,0.310320,0.313265,0.315365,0.320293,0.321201,0.324714,0.327116,0.328976,0.332714,0.332718,0.332729,
0.235758,0.236100,0.239475,0.240478,0.247382,0.254243,0.260150,0.261389,0.261581,0.261827,0.261868,0.262825,0.266935,0.270233,0.276701,0.283004,0.283020,0.286073,0.288250,0.289052,0.289303,0.291967,0.293354,0.295025,0.298886,0.301441,0.303991,0.308043,0.308857,0.309929,0.310003,0.316393,0.317438,0.321191,0.321197,0.322115,0.328649,0.330820,0.331428,0.332718,
0.223118,0.235574,0.238393,0.238586,0.239337,0.243146,0.244441,0.244864,0.247257,0.251906,0.256852,0.256854,0.256872,0.258537,0.260154,0.260211,0.261890,0.263532,0.275118,0.283452,0.284582,0.289049,0.290463,0.291951,0.294777,0.296150,0.302804,0.303978,0.307627,0.309931,0.309945,0.311048,0.317408,0.319326,0.321218,0.323862,0.327167,0.328261,0.330496,0.332718,
0.223034,0.236509,0.236591,0.236688,0.239334,0.239372,0.239477,0.243569,0.243651,0.244345,0.245805,0.254601,0.255951,0.257825,0.258499,0.261883,0.261964,0.263549,0.268529,0.273490,0.279914,0.286078,0.286119,0.287615,0.296154,0.302804,0.305216,0.313259,0.313267,0.314335,0.315370,0.315382,0.318396,0.321230,0.323023,0.325519,0.327115,0.328651,0.330074,0.332714,
0.236086,0.236198,0.237418,0.237443,0.238391,0.238684,0.240422,0.242331,0.242986,0.244379,0.245845,0.247673,0.253546,0.254277,0.256851,0.258490,0.260898,0.262805,0.266891,0.271847,0.271876,0.273491,0.280197,0.281462,0.287554,0.287575,0.289711,0.292773,0.293367,0.294773,0.294776,0.296219,0.297500,0.300646,0.314335,0.318376,0.323004,0.329361,0.329603,0.332719,
0.223070,0.237623,0.239348,0.240515,0.241712,0.242267,0.242314,0.243622,0.244311,0.247568,0.250383,0.250865,0.252014,0.260153,0.261392,0.261865,0.271922,0.275107,0.278374,0.279872,0.281506,0.286034,0.290510,0.291978,0.292136,0.294888,0.300528,0.301464,0.317396,0.317417,0.318411,0.320286,0.321198,0.322443,0.322999,0.323841,0.325650,0.327899,0.332718,0.332730,
0.235607,0.235648,0.235895,0.235955,0.236192,0.237514,0.244373,0.247214,0.247416,0.248789,0.251025,0.251178,0.251958,0.255771,0.258092,0.260564,0.261064,0.261429,0.262341,0.263509,0.263519,0.263652,0.265236,0.267046,0.278307,0.283045,0.291273,0.292528,0.294749,0.303966,0.304018,0.313269,0.326347,0.326372,0.327108,0.329367,0.329410,0.329430,0.332716,0.332728,
0.235689,0.236004,0.236224,0.237097,0.240382,0.241670,0.241731,0.244351,0.244737,0.247234,0.248857,0.250349,0.251945,0.253544,0.253565,0.253595,0.260686,0.263549,0.268512,0.283310,0.287711,0.290690,0.292046,0.293368,0.300155,0.301758,0.303988,0.305290,0.308817,0.311069,0.312156,0.315388,0.316399,0.316992,0.323071,0.325742,0.331440,0.332470,0.332714,0.332761,
0.000103,0.235965,0.238408,0.239350,0.239497,0.241628,0.242328,0.244549,0.247242,0.248787,0.250827,0.250952,0.266911,0.268547,0.270265,0.271831,0.272174,0.278329,0.283040,0.284545,0.284556,0.287619,0.293374,0.303983,0.303999,0.305219,0.306455,0.306459,0.307690,0.309959,0.312172,0.312182,0.320286,0.323008,0.327921,0.330074,0.330087,0.330767,0.332721,0.332825,
0.000891,0.235585,0.235591,0.235652,0.235896,0.240396,0.243110,0.247523,0.250374,0.250411,0.250887,0.253617,0.255459,0.258521,0.260804,0.261797,0.261876,0.263541,0.265307,0.270176,0.276698,0.281479,0.284773,0.290477,0.290488,0.291968,0.300344,0.303974,0.306592,0.307614,0.309917,0.311051,0.315363,0.315404,0.317422,0.321301,0.328651,0.331443,0.332106,0.332716,
0.000231,0.002200,0.235466,0.235539,0.235631,0.236122,0.236587,0.239417,0.243556,0.243640,0.250366,0.258503,0.262754,0.263527,0.263916,0.267157,0.270187,0.270204,0.273221,0.275161,0.286088,0.290514,0.290520,0.294749,0.296140,0.298025,0.298870,0.306433,0.311051,0.319138,0.323018,0.325520,0.325525,0.325535,0.326330,0.329492,0.330805,0.331436,0.332124,0.332718,
0.235625,0.236688,0.237350,0.242899,0.247250,0.247257,0.247263,0.247545,0.247561,0.247612,0.254713,0.260250,0.261192,0.261338,0.265208,0.265836,0.266872,0.266899,0.279899,0.281476,0.283615,0.286126,0.296148,0.300156,0.303958,0.305200,0.307640,0.308803,0.309926,0.310716,0.311069,0.312163,0.313271,0.314319,0.317487,0.319331,0.319423,0.322100,0.332150,0.332719,
0.000106,0.222797,0.235547,0.236556,0.240232,0.240445,0.240513,0.240789,0.241710,0.241711,0.242455,0.244361,0.247626,0.250331,0.251959,0.251964,0.258479,0.263549,0.266906,0.270303,0.275262,0.278337,0.279909,0.283033,0.284579,0.286149,0.287750,0.289100,0.290522,0.294749,0.303955,0.306438,0.308785,0.312201,0.314353,0.318362,0.323853,0.323863,0.325527,0.332717,
0.235755,0.235875,0.236174,0.237288,0.238332,0.238340,0.240328,0.244350,0.244966,0.247253,0.248779,0.257884,0.258551,0.260165,0.262838,0.268685,0.271852,0.275146,0.276854,0.278338,0.278345,0.278370,0.280035,0.290527,0.308784,0.313305,0.314319,0.315267,0.315375,0.316399,0.319356,0.320668,0.321199,0.324754,0.325639,0.326345,0.327907,0.329364,0.332137,0.332716,
0.235570,0.235789,0.235826,0.236063,0.236328,0.236803,0.238620,0.239398,0.245840,0.247703,0.251960,0.261697,0.261794,0.261861,0.262764,0.265214,0.268494,0.275104,0.275217,0.281485,0.286231,0.289073,0.290523,0.294770,0.297588,0.303977,0.304007,0.309932,0.315357,0.315370,0.316404,0.322994,0.324817,0.327124,0.330104,0.330755,0.330791,0.331153,0.331445,0.332717,
0.222842,0.223087,0.235662,0.235930,0.236178,0.236651,0.238484,0.240536,0.243059,0.243414,0.243629,0.244400,0.247289,0.250383,0.251040,0.251904,0.252051,0.260599,0.263523,0.265517,0.271900,0.276706,0.280327,0.281477,0.283012,0.293369,0.296123,0.300142,0.300168,0.303970,0.306444,0.306451,0.306487,0.311160,0.313270,0.313338,0.325518,0.327117,0.332719,0.332728,
0.235747,0.236497,0.239322,0.240429,0.247808,0.248765,0.255796,0.256842,0.258499,0.261833,0.262635,0.263559,0.270228,0.270354,0.278283,0.278299,0.279925,0.281480,0.283020,0.289054,0.290522,0.290555,0.294794,0.294813,0.297059,0.297477,0.305314,0.306457,0.314351,0.314985,0.315387,0.317419,0.321202,0.323864,0.323867,0.326434,0.328662,0.328693,0.330767,0.332713,
0.004126,0.222873,0.235925,0.235995,0.236163,0.237503,0.237513,0.238470,0.238672,0.242970,0.243134,0.247176,0.247273,0.251937,0.258486,0.258495,0.261198,0.261498,0.270182,0.281490,0.290487,0.290489,0.291980,0.294761,0.294763,0.294765,0.297488,0.306471,0.307617,0.309925,0.313269,0.318731,0.319371,0.327130,0.327879,0.328637,0.331429,0.332716,0.332721,0.332829,
0.235510,0.235809,0.236439,0.238682,0.238774,0.239408,0.244747,0.245766,0.248776,0.250454,0.250911,0.258049,0.263544,0.266030,0.266870,0.278294,0.283080,0.287871,0.290527,0.294746,0.294775,0.300127,0.301486,0.305304,0.308788,0.312188,0.312198,0.312199,0.313272,0.317466,0.318396,0.320609,0.321188,0.322097,0.325515,0.327138,0.327570,0.328625,0.332096,0.332716,
0.237489,0.238452,0.240489,0.243025,0.244762,0.251078,0.256169,0.260876,0.261803,0.262249,0.266880,0.268648,0.270229,0.275141,0.275242,0.278295,0.281485,0.281497,0.284556,0.287841,0.296130,0.296163,0.300183,0.302740,0.302745,0.308799,0.314333,0.315371,0.315382,0.316426,0.319338,0.322999,0.323012,0.323014,0.325582,0.327122,0.327199,0.328624,0.330793,0.332719,
0.235479,0.235772,0.236542,0.237471,0.238354,0.239358,0.241691,0.242289,0.244343,0.244770,0.247216,0.248810,0.250968,0.255375,0.256880,0.257766,0.260207,0.260994,0.268525,0.275109,0.278313,0.279941,0.281480,0.281493,0.289031,0.289048,0.289196,0.298830,0.300161,0.308798,0.317379,0.320851,0.323855,0.324758,0.325091,0.327108,0.327113,0.327908,0.329361,0.332716,
0.236150,0.236458,0.243179,0.244926,0.244946,0.245794,0.247245,0.247286,0.248744,0.251954,0.254222,0.255163,0.260163,0.263563,0.265152,0.276766,0.279895,0.281490,0.287600,0.289061,0.289079,0.293324,0.297516,0.300150,0.305230,0.311076,0.311165,0.314381,0.318433,0.319344,0.319353,0.319507,0.320274,0.322171,0.326359,0.328944,0.330779,0.332253,0.332715,0.332807,
0.000082,0.222865,0.222904,0.235560,0.235585,0.238682,0.239334,0.242330,0.244549,0.247486,0.247702,0.253577,0.255825,0.257943,0.258076,0.284526,0.286078,0.286080,0.286201,0.291934,0.291937,0.294740,0.297496,0.301465,0.303979,0.305203,0.305213,0.306437,0.307603,0.307610,0.312176,0.312228,0.317401,0.322994,0.323848,0.323898,0.324704,0.326337,0.328657,0.332720,
