0.000000,0.000000,0.000000,0.000000,0.000000,0.000000,0.000000,0.000000,0.000000,0.000000,0.000000,0.000000,0.000000,0.000000,0.000000,0.000000,0.000000,0.000000,0.000000,0.000000,0.000000,0.000000,0.000000,0.000000,0.000000,0.000000,0.000000,0.000000,0.000000,0.000000,0.000000,0.000000,0.000000,0.000000,0.000000,0.000000,0.000000,0.000000,0.000000,0.000000,
0.000000,0.222788,0.237366,0.238250,0.238531,0.239427,0.239446,0.239541,0.240472,0.246886,0.248467,0.249954,0.251593,0.254729,0.260972,0.261105,0.261516,0.261615,0.274848,0.276461,0.276472,0.279725,0.279726,0.281361,0.294932,0.300580,0.309372,0.315177,0.315254,0.317457,0.317634,0.324547,0.326201,0.330561,0.330690,0.331531,0.332305,0.332452,0.332933,0.335948,
0.235508,0.236178,0.236205,0.236455,0.236730,0.236776,0.236814,0.238311,0.238736,0.238758,0.240408,0.241664,0.241706,0.243071,0.244994,0.245786,0.248746,0.250574,0.250804,0.253570,0.253576,0.256851,0.258021,0.258043,0.258628,0.261260,0.261412,0.271849,0.275087,0.287602,0.287668,0.297488,0.300581,0.300632,0.303979,0.316396,0.318373,0.330829,0.330831,0.332081,
0.235602,0.235801,0.235929,0.236218,0.240537,0.242261,0.242349,0.242976,0.244430,0.250357,0.255302,0.256804,0.262783,0.265209,0.266864,0.268558,0.270193,0.271841,0.271858,0.273486,0.278385,0.281524,0.287546,0.290498,0.298840,0.302857,0.309966,0.310054,0.311119,0.312176,0.314340,0.315393,0.317437,0.321270,0.324791,0.325563,0.330073,0.331080,0.332078,0.332819,
0.235694,0.235722,0.236087,0.236162,0.237388,0.237537,0.243889,0.244834,0.250898,0.251961,0.255464,0.255947,0.260178,0.262162,0.262509,0.262713,0.263555,0.268535,0.271847,0.273460,0.275083,0.278335,0.289026,0.289088,0.294770,0.296308,0.301474,0.303983,0.303985,0.313250,0.315383,0.315392,0.317436,0.326321,0.327907,0.327922,0.328630,0.328650,0.330764,0.332717,
0.002119,0.222972,0.235552,0.235596,0.235747,0.235992,0.236013,0.236737,0.238757,0.240522,0.242970,0.243529,0.243879,0.255212,0.258833,0.260235,0.264090,0.271852,0.275108,0.281456,0.291931,0.293396,0.303994,0.305211,0.305241,0.312156,0.313258,0.313630,0.313825,0.318397,0.319361,0.321281,0.323878,0.326334,0.327123,0.327136,0.328637,0.329378,0.332094,0.332725,
0.235569,0.236158,0.241748,0.242343,0.243676,0.244003,0.245522,0.245789,0.247720,0.255161,0.255166,0.261053,0.262451,0.265227,0.266880,0.283025,0.286071,0.289057,0.293383,0.298981,0.300147,0.300223,0.302752,0.304591,0.306425,0.309964,0.312183,0.314313,0.315392,0.316494,0.318406,0.320308,0.322990,0.322997,0.326359,0.327114,0.328628,0.328631,0.330102,0.332715,
0.223001,0.237507,0.238434,0.240314,0.241687,0.241761,0.242977,0.243734,0.244371,0.244413,0.250656,0.251936,0.251978,0.254463,0.254569,0.261081,0.262755,0.263644,0.275153,0.276736,0.279896,0.283016,0.286109,0.299517,0.301453,0.302726,0.311072,0.313252,0.316377,0.319378,0.320291,0.321206,0.324841,0.326343,0.327886,0.327887,0.330849,0.331443,0.332713,0.332730,
0.000873,0.235576,0.236185,0.236205,0.237325,0.238652,0.243296,0.243460,0.244807,0.247212,0.247469,0.248781,0.250328,0.256907,0.261689,0.262752,0.266900,0.268547,0.268559,0.268581,0.276726,0.278313,0.278322,0.281487,0.285420,0.302773,0.304183,0.319374,0.320284,0.320630,0.321442,0.324701,0.325520,0.326333,0.326333,0.327168,0.329376,0.329377,0.332714,0.333443,
0.000069,0.000170,0.235748,0.235768,0.236115,0.236733,0.237506,0.240446,0.240516,0.245726,0.246323,0.247577,0.250654,0.251899,0.255224,0.256779,0.261400,0.261807,0.262891,0.265216,0.265261,0.277279,0.281639,0.291945,0.297660,0.298842,0.300122,0.300171,0.300216,0.302730,0.303967,0.303970,0.318380,0.318501,0.326351,0.329361,0.329378,0.332101,0.332715,0.332764,
0.004289,0.235872,0.238504,0.239300,0.240459,0.242348,0.243013,0.250902,0.258510,0.261249,0.261668,0.268518,0.271875,0.273496,0.276740,0.278333,0.286135,0.287566,0.287574,0.289104,0.294784,0.297816,0.298840,0.300153,0.302730,0.306418,0.306504,0.314307,0.314342,0.316466,0.321236,0.321519,0.322091,0.322998,0.325524,0.326335,0.327119,0.327125,0.330127,0.332717,
0.222934,0.236754,0.237356,0.237434,0.239450,0.240482,0.242990,0.244349,0.245821,0.248792,0.253560,0.255544,0.256831,0.258513,0.261115,0.261693,0.261829,0.262523,0.262820,0.266887,0.278347,0.282987,0.287583,0.289139,0.289328,0.290633,0.292135,0.295211,0.300147,0.303967,0.313273,0.314440,0.322995,0.323850,0.326387,0.327893,0.329354,0.329366,0.329375,0.332715,
0.222684,0.236698,0.236845,0.237001,0.237497,0.237578,0.243425,0.244807,0.244909,0.247297,0.247652,0.250652,0.254768,0.255214,0.256860,0.263542,0.266878,0.273731,0.275084,0.277122,0.283026,0.287572,0.293368,0.294792,0.298866,0.298870,0.304031,0.307627,0.309932,0.317422,0.328477,0.328629,0.329405,0.330082,0.330759,0.331441,0.332090,0.332140,0.332717,0.332768,
0.235677,0.235678,0.235681,0.235945,0.236084,0.237397,0.237400,0.238781,0.240449,0.240491,0.242318,0.242956,0.244887,0.248001,0.255177,0.258520,0.260143,0.261058,0.261511,0.265178,0.267106,0.271844,0.281487,0.298998,0.302880,0.306429,0.307624,0.312186,0.315369,0.320300,0.323031,0.323841,0.324695,0.325771,0.326371,0.329348,0.329428,0.330100,0.331456,0.332716,
0.235866,0.237531,0.238359,0.238795,0.240337,0.240344,0.243029,0.244749,0.248760,0.251968,0.254100,0.254101,0.254227,0.257793,0.260972,0.261864,0.262398,0.262695,0.265310,0.275097,0.276810,0.278587,0.280036,0.281476,0.283163,0.289048,0.291926,0.291947,0.294847,0.296218,0.300179,0.302850,0.303969,0.303995,0.304073,0.305315,0.313247,0.314324,0.317400,0.332718,
0.235716,0.235856,0.236445,0.236714,0.236724,0.238759,0.240505,0.241683,0.243623,0.247314,0.247722,0.251960,0.252168,0.255201,0.260249,0.263609,0.268552,0.273487,0.273492,0.276714,0.276731,0.284549,0.287575,0.287585,0.293404,0.294774,0.294804,0.302778,0.305215,0.305344,0.307620,0.311383,0.312167,0.319580,0.321224,0.327897,0.331814,0.332085,0.332157,0.332713,
0.237293,0.239933,0.241724,0.244320,0.247272,0.251043,0.255288,0.256823,0.256885,0.258497,0.260179,0.260203,0.260712,0.262690,0.265254,0.266927,0.268569,0.271864,0.282984,0.291936,0.294842,0.300149,0.301491,0.303983,0.306440,0.306444,0.307606,0.307628,0.313294,0.318406,0.321386,0.322124,0.323858,0.323955,0.329363,0.330089,0.330759,0.331450,0.332718,0.332726,
0.235630,0.235823,0.235910,0.237452,0.238582,0.238703,0.244289,0.247243,0.247276,0.250404,0.250971,0.254303,0.254541,0.255734,0.255760,0.258468,0.261847,0.283016,0.287573,0.290490,0.293356,0.293416,0.296177,0.298844,0.300144,0.300156,0.302748,0.303992,0.304002,0.305213,0.309927,0.311045,0.316512,0.317455,0.319339,0.324707,0.324708,0.326370,0.327138,0.332717,
0.235615,0.236682,0.237388,0.237447,0.240512,0.241707,0.242423,0.243381,0.245785,0.245811,0.245827,0.247249,0.247819,0.253516,0.254414,0.258515,0.265173,0.266832,0.266844,0.276925,0.278288,0.280017,0.280408,0.283046,0.283069,0.284550,0.286059,0.286086,0.289050,0.294746,0.306430,0.306945,0.324715,0.324789,0.324944,0.325743,0.328660,0.328715,0.332085,0.332716,
0.235577,0.235867,0.235871,0.236762,0.238621,0.240313,0.240365,0.240385,0.243478,0.244722,0.245761,0.245805,0.248791,0.248792,0.250787,0.253583,0.255846,0.256863,0.257885,0.261816,0.261925,0.271835,0.281595,0.281706,0.286107,0.287586,0.287590,0.293351,0.293358,0.303986,0.306441,0.311157,0.312178,0.312187,0.318046,0.319514,0.323029,0.327173,0.329397,0.332718,
0.235828,0.243336,0.243648,0.248798,0.257796,0.260938,0.261058,0.261111,0.261707,0.261833,0.262425,0.265210,0.268521,0.276731,0.281465,0.284554,0.290507,0.290675,0.291021,0.293371,0.293496,0.296144,0.301470,0.304047,0.305223,0.309937,0.311042,0.312210,0.312371,0.314311,0.315426,0.324714,0.325798,0.326440,0.328645,0.329495,0.329508,0.330224,0.332721,0.332723,
0.000097,0.235641,0.235882,0.235906,0.236203,0.236533,0.240404,0.241715,0.241716,0.241726,0.242262,0.242276,0.244365,0.249025,0.250851,0.250882,0.250926,0.253599,0.256781,0.257729,0.258211,0.260904,0.289109,0.296133,0.300486,0.306424,0.311050,0.311052,0.314323,0.316709,0.317400,0.320278,0.321192,0.323458,0.323853,0.324716,0.324717,0.330070,0.332468,0.332719,
0.235704,0.240225,0.241693,0.244832,0.245834,0.250392,0.251088,0.252006,0.252036,0.252086,0.254204,0.255986,0.258528,0.271827,0.273489,0.273494,0.273745,0.279891,0.286073,0.297768,0.302726,0.303051,0.309920,0.309940,0.313462,0.314337,0.317394,0.318352,0.318370,0.319370,0.321255,0.325526,0.326341,0.327118,0.327160,0.327333,0.327885,0.330229,0.332713,0.335952,
0.235835,0.237468,0.238340,0.238384,0.240510,0.240624,0.242512,0.245760,0.245817,0.246280,0.247286,0.250324,0.250329,0.256836,0.258488,0.258672,0.260865,0.261833,0.261876,0.263570,0.268517,0.270195,0.270222,0.271816,0.273616,0.275125,0.279917,0.279924,0.293370,0.297507,0.308902,0.313276,0.313283,0.317438,0.319342,0.321212,0.325512,0.326369,0.331433,0.332079,
0.240496,0.241674,0.243479,0.243629,0.245754,0.247296,0.247497,0.247610,0.248861,0.250278,0.250356,0.250369,0.255760,0.261601,0.265276,0.276735,0.278309,0.281450,0.281778,0.284565,0.286102,0.289051,0.290603,0.294753,0.298831,0.301452,0.308829,0.311089,0.312154,0.315392,0.316417,0.318411,0.319358,0.321218,0.322096,0.325562,0.327146,0.329459,0.330137,0.332081,
0.223149,0.235662,0.236662,0.236739,0.238725,0.239393,0.240356,0.240507,0.242389,0.243620,0.244845,0.250756,0.251917,0.254488,0.254613,0.257631,0.261107,0.261599,0.261852,0.263507,0.266905,0.266927,0.280318,0.290546,0.293367,0.300162,0.303960,0.303993,0.304017,0.307624,0.308792,0.308806,0.314306,0.322122,0.322995,0.322997,0.323001,0.324398,0.332080,0.332100,
0.000295,0.238343,0.238352,0.239146,0.239429,0.240114,0.242954,0.251953,0.254136,0.256865,0.262034,0.262645,0.266945,0.276699,0.278315,0.281498,0.284596,0.286080,0.286126,0.286363,0.289174,0.290754,0.301464,0.301598,0.301699,0.311058,0.312187,0.316397,0.317461,0.319410,0.320339,0.322333,0.323837,0.326322,0.327024,0.327107,0.327112,0.330766,0.331458,0.332084,
0.235553,0.235598,0.235616,0.235737,0.235764,0.237535,0.242239,0.242331,0.245774,0.247712,0.251948,0.254647,0.255174,0.257901,0.258457,0.261423,0.262597,0.268642,0.271851,0.273480,0.276757,0.276905,0.284634,0.287581,0.291964,0.293339,0.303963,0.305238,0.307620,0.311062,0.313265,0.315397,0.318390,0.323849,0.323996,0.324707,0.325527,0.330442,0.332083,0.332096,
0.223221,0.235565,0.235646,0.235737,0.236728,0.236753,0.238369,0.238571,0.239333,0.248812,0.248969,0.250531,0.253538,0.253617,0.260175,0.261867,0.261869,0.266894,0.266978,0.268562,0.279910,0.283033,0.294777,0.296146,0.298815,0.302723,0.305420,0.306579,0.307631,0.312161,0.318609,0.319347,0.319432,0.321198,0.322995,0.323860,0.324233,0.326331,0.330076,0.332084,
0.000066,0.235658,0.236772,0.237337,0.241644,0.243044,0.243667,0.248812,0.251993,0.254488,0.260955,0.261814,0.263596,0.270214,0.273465,0.273477,0.275152,0.283019,0.286048,0.292032,0.294736,0.300166,0.300198,0.301452,0.305994,0.307626,0.309923,0.311134,0.313250,0.315382,0.315385,0.319357,0.322241,0.325556,0.327131,0.330067,0.330068,0.331642,0.332080,0.332757,
0.222563,0.235541,0.237300,0.242521,0.242963,0.244749,0.247312,0.248788,0.251875,0.255195,0.256892,0.258148,0.258475,0.258493,0.260129,0.260538,0.263578,0.266899,0.270198,0.270200,0.273469,0.273740,0.278312,0.286709,0.287560,0.297505,0.298838,0.300226,0.302776,0.305210,0.311064,0.312173,0.313270,0.316396,0.325531,0.326342,0.330070,0.331448,0.332715,0.332716,
0.222895,0.235693,0.235870,0.236467,0.236557,0.236610,0.238691,0.239394,0.241747,0.241792,0.244345,0.245104,0.247316,0.250373,0.255218,0.255713,0.255956,0.260759,0.261021,0.263531,0.263586,0.266821,0.268542,0.290483,0.290523,0.290534,0.300148,0.302704,0.307630,0.319371,0.320613,0.321204,0.321207,0.321314,0.322116,0.324703,0.328664,0.330760,0.330763,0.332717,
0.000084,0.235525,0.235561,0.235770,0.235960,0.236158,0.241686,0.242959,0.243558,0.243702,0.244793,0.247256,0.247290,0.248786,0.250831,0.253513,0.253518,0.254027,0.256946,0.257900,0.261058,0.261956,0.275215,0.275645,0.275953,0.283293,0.291966,0.298887,0.300158,0.305226,0.308789,0.318401,0.320373,0.322195,0.326334,0.326385,0.327888,0.330068,0.331433,0.332715,
0.002296,0.235857,0.236537,0.238369,0.240439,0.240545,0.242171,0.244938,0.247268,0.248774,0.250320,0.253527,0.255225,0.257760,0.257867,0.258066,0.258560,0.262815,0.263525,0.269865,0.270221,0.270363,0.275117,0.275122,0.279873,0.283312,0.284632,0.287606,0.296152,0.317392,0.317410,0.319327,0.321203,0.321281,0.323156,0.328636,0.330751,0.330756,0.332716,0.332829,
0.235806,0.236104,0.236508,0.236798,0.240199,0.242358,0.242794,0.242983,0.243424,0.247295,0.255141,0.255881,0.260182,0.260965,0.261888,0.268808,0.270197,0.271923,0.279936,0.281456,0.284785,0.289049,0.291942,0.293331,0.294802,0.305200,0.307727,0.308840,0.309926,0.311087,0.312184,0.312189,0.312204,0.315374,0.316664,0.323017,0.328641,0.331429,0.332083,0.332467,
0.000067,0.241679,0.243573,0.244312,0.251922,0.254156,0.255702,0.260216,0.261562,0.268524,0.270196,0.270228,0.271857,0.271866,0.275132,0.276738,0.278353,0.280379,0.286068,0.286072,0.286078,0.287577,0.290503,0.294888,0.308839,0.309948,0.316384,0.316403,0.318387,0.318387,0.320346,0.321216,0.323894,0.323959,0.324197,0.325535,0.329490,0.330769,0.331433,0.332077,
0.223002,0.236139,0.236758,0.239394,0.242369,0.242414,0.245025,0.248798,0.250342,0.256852,0.258177,0.258232,0.258522,0.260189,0.261588,0.261818,0.262719,0.262874,0.266900,0.268523,0.268527,0.271885,0.273455,0.281476,0.285224,0.289039,0.290512,0.298824,0.301989,0.303985,0.303988,0.311071,0.317449,0.323008,0.324761,0.325212,0.326341,0.327121,0.329371,0.332078,
0.235518,0.235779,0.235943,0.236106,0.236685,0.236735,0.237356,0.240419,0.240555,0.241684,0.242972,0.242974,0.254361,0.255175,0.260933,0.261732,0.261847,0.261867,0.266971,0.270343,0.273544,0.276940,0.277120,0.283042,0.285011,0.289192,0.305205,0.305229,0.312172,0.314358,0.315371,0.315396,0.319719,0.321216,0.322114,0.326319,0.328704,0.329359,0.332079,0.332752,
0.000067,0.235744,0.238403,0.242210,0.242995,0.243291,0.244832,0.247640,0.247708,0.254190,0.260167,0.260815,0.261859,0.270235,0.271831,0.275074,0.278307,0.281492,0.281496,0.287600,0.287981,0.290501,0.293357,0.293439,0.294773,0.300303,0.302732,0.304041,0.308758,0.308823,0.311395,0.318441,0.319430,0.321206,0.322114,0.322121,0.327141,0.330074,0.332712,0.332730,
0.222997,0.236155,0.236730,0.237268,0.237451,0.238437,0.238459,0.240357,0.242965,0.244725,0.245816,0.247289,0.251917,0.257023,0.258486,0.258491,0.262668,0.264162,0.270201,0.279925,0.286081,0.287871,0.290484,0.297512,0.297674,0.303981,0.307794,0.310559,0.311086,0.316399,0.317380,0.317450,0.319346,0.322108,0.322986,0.325541,0.327198,0.328636,0.332095,0.332718,
0.000077,0.235591,0.236814,0.236868,0.238473,0.238575,0.240282,0.240486,0.244337,0.244356,0.244365,0.247290,0.248817,0.250931,0.251939,0.255717,0.256821,0.256916,0.258525,0.261100,0.263562,0.265197,0.266896,0.270202,0.286094,0.287550,0.290518,0.294792,0.296504,0.298863,0.298895,0.303979,0.307621,0.322139,0.323010,0.326352,0.328639,0.332097,0.332718,0.332720,
0.222727,0.235877,0.236546,0.238602,0.240310,0.240786,0.242991,0.248746,0.250364,0.261837,0.263505,0.263547,0.265172,0.268545,0.270180,0.271857,0.273467,0.278313,0.286035,0.291923,0.291967,0.296133,0.297528,0.297551,0.299365,0.301487,0.304485,0.305230,0.313239,0.314431,0.319370,0.322117,0.322978,0.323027,0.324765,0.326480,0.331434,0.331645,0.332716,0.332722,
0.235751,0.235935,0.235982,0.236057,0.236579,0.237459,0.240097,0.244878,0.247323,0.251916,0.260166,0.262689,0.263501,0.265173,0.265245,0.276765,0.278287,0.281470,0.284543,0.289056,0.290499,0.293530,0.294748,0.303980,0.306443,0.307627,0.311077,0.315384,0.322998,0.323087,0.323096,0.323135,0.325528,0.328633,0.330096,0.330768,0.330770,0.331449,0.332090,0.332712,
0.236199,0.237354,0.237509,0.238318,0.238660,0.239442,0.241631,0.242971,0.243475,0.243756,0.248800,0.250708,0.255262,0.263652,0.270256,0.273462,0.276748,0.278310,0.281472,0.284546,0.289054,0.297503,0.298836,0.301551,0.302723,0.310036,0.313273,0.315395,0.317501,0.320281,0.321217,0.322095,0.325525,0.325526,0.327123,0.329353,0.332186,0.332717,0.332723,0.332739,
0.235515,0.235967,0.236161,0.236196,0.237302,0.237373,0.237465,0.237565,0.237599,0.238298,0.240503,0.242368,0.242972,0.247270,0.247309,0.251930,0.254677,0.258471,0.260160,0.260788,0.262437,0.265182,0.266843,0.266906,0.281484,0.289045,0.290523,0.290580,0.297505,0.298846,0.305212,0.309953,0.313277,0.314001,0.315368,0.316381,0.321206,0.326344,0.332132,0.332715,
0.002106,0.222978,0.237717,0.238677,0.239454,0.241741,0.241744,0.244356,0.245903,0.247221,0.248825,0.251943,0.252111,0.255897,0.260164,0.260168,0.261528,0.263558,0.265211,0.270233,0.287536,0.291939,0.296243,0.302706,0.302766,0.314339,0.315349,0.317399,0.317415,0.318481,0.320310,0.323931,0.324754,0.326334,0.326377,0.327885,0.330765,0.330874,0.332083,0.332716,
0.000077,0.001326,0.235563,0.235851,0.235860,0.236529,0.238418,0.239052,0.245789,0.248815,0.250364,0.250928,0.254691,0.255277,0.258005,0.260210,0.261548,0.270199,0.275104,0.281500,0.283015,0.284546,0.286100,0.289064,0.293351,0.297498,0.297524,0.298839,0.301813,0.306432,0.322996,0.326048,0.327146,0.328458,0.328654,0.329352,0.329363,0.329403,0.330812,0.332715,
0.000069,0.004826,0.235874,0.235922,0.236059,0.236805,0.238409,0.238620,0.245744,0.245785,0.251044,0.256844,0.258112,0.260181,0.260912,0.261117,0.261204,0.262374,0.262475,0.263540,0.269778,0.273518,0.273721,0.275138,0.281357,0.283103,0.297511,0.300147,0.300148,0.302727,0.308880,0.317387,0.317410,0.317467,0.324716,0.328639,0.328642,0.329354,0.330064,0.332718,
0.223042,0.235895,0.235971,0.238692,0.241707,0.244371,0.244396,0.250326,0.253653,0.256822,0.258495,0.260882,0.262314,0.262338,0.263131,0.265215,0.268495,0.268762,0.273908,0.278328,0.278345,0.279882,0.281506,0.287608,0.290507,0.290512,0.292062,0.293622,0.296196,0.318405,0.318480,0.319392,0.325544,0.325844,0.326309,0.327113,0.327185,0.330072,0.332093,0.332719,
0.235654,0.235959,0.237343,0.237395,0.237796,0.239396,0.243377,0.243715,0.248765,0.251919,0.260188,0.261583,0.262664,0.270187,0.273471,0.273501,0.283032,0.286389,0.289043,0.290496,0.296130,0.301472,0.302785,0.305222,0.306426,0.307616,0.307642,0.314320,0.314320,0.322096,0.322198,0.326341,0.327895,0.327899,0.330153,0.331438,0.332086,0.332222,0.332718,0.332747,
0.235693,0.235782,0.235812,0.235924,0.236161,0.236479,0.238405,0.238425,0.238651,0.238652,0.240437,0.240777,0.243756,0.244379,0.245031,0.247557,0.250337,0.250341,0.250988,0.254732,0.254804,0.256843,0.258476,0.271806,0.271876,0.281425,0.282098,0.283043,0.286073,0.291947,0.300140,0.301474,0.308764,0.309945,0.311055,0.321218,0.323917,0.324708,0.327128,0.332715,
0.235629,0.236017,0.238358,0.238358,0.239449,0.241769,0.243364,0.247284,0.248737,0.250393,0.250885,0.252030,0.252104,0.254493,0.254563,0.260191,0.261847,0.268651,0.270264,0.273460,0.273565,0.273659,0.276738,0.278312,0.286289,0.291970,0.294866,0.297512,0.300154,0.305374,0.306546,0.307114,0.309939,0.315423,0.318404,0.323020,0.327883,0.327946,0.332204,0.332715,
0.222743,0.235922,0.237369,0.237432,0.238383,0.239340,0.239863,0.245789,0.247282,0.250368,0.251966,0.252085,0.255201,0.260190,0.260760,0.261544,0.261853,0.275105,0.275114,0.279920,0.281503,0.286073,0.287580,0.291947,0.294836,0.297509,0.298863,0.304056,0.311061,0.313469,0.314332,0.314335,0.316408,0.321246,0.324711,0.326574,0.329393,0.330090,0.330756,0.332719,
0.235633,0.235799,0.236181,0.238430,0.239320,0.239748,0.240515,0.242968,0.243315,0.247257,0.247321,0.247622,0.251908,0.254282,0.254565,0.256797,0.256839,0.257891,0.260188,0.260950,0.263524,0.268528,0.270497,0.273547,0.276703,0.281516,0.291952,0.294785,0.301435,0.307601,0.309678,0.312150,0.321200,0.322113,0.323861,0.326366,0.330135,0.330769,0.332115,0.332713,
0.007777,0.235903,0.235979,0.236259,0.236500,0.239364,0.240366,0.240371,0.242520,0.242947,0.243569,0.243718,0.253553,0.256859,0.258549,0.260138,0.261207,0.261264,0.262852,0.266896,0.268505,0.275103,0.276763,0.279870,0.287558,0.287568,0.291966,0.304005,0.305397,0.308792,0.312183,0.317387,0.320292,0.324716,0.325523,0.328659,0.328707,0.330303,0.332081,0.332717,
0.235764,0.236063,0.238647,0.239441,0.244391,0.250336,0.251435,0.255610,0.260165,0.260187,0.261307,0.289032,0.290512,0.291919,0.294906,0.298922,0.300148,0.300159,0.300484,0.301475,0.305330,0.306442,0.309937,0.310267,0.312188,0.312322,0.313263,0.315080,0.318384,0.318392,0.320054,0.322206,0.323846,0.324220,0.324746,0.325537,0.326328,0.329510,0.331424,0.332720,
0.235440,0.235824,0.235939,0.236112,0.236866,0.239361,0.242967,0.243581,0.244352,0.244947,0.247492,0.250352,0.251955,0.255189,0.258503,0.268564,0.270187,0.273480,0.276929,0.278433,0.286081,0.290487,0.291923,0.293353,0.297502,0.297916,0.298900,0.308789,0.311062,0.313245,0.316978,0.319391,0.320284,0.320290,0.326318,0.327889,0.327915,0.330764,0.332093,0.332715,
0.223279,0.235508,0.235902,0.236060,0.236070,0.237338,0.239359,0.239384,0.253558,0.254476,0.255168,0.255719,0.256847,0.261929,0.261992,0.263508,0.263527,0.267010,0.270163,0.273470,0.275128,0.278286,0.278347,0.283064,0.283088,0.290511,0.301433,0.303995,0.312154,0.313236,0.314315,0.315367,0.318406,0.320276,0.322995,0.327981,0.328635,0.330058,0.332104,0.332717,
0.235564,0.235814,0.235989,0.236483,0.236763,0.237456,0.240320,0.240540,0.242453,0.245803,0.254560,0.255225,0.255688,0.260166,0.261240,0.261855,0.262094,0.265193,0.270283,0.272627,0.278329,0.281484,0.283034,0.287564,0.290567,0.302745,0.304011,0.311088,0.312167,0.313305,0.314317,0.315778,0.322124,0.322978,0.323019,0.323060,0.327962,0.329368,0.332088,0.332720,
0.235973,0.242941,0.243016,0.252050,0.253601,0.261083,0.261884,0.262441,0.262583,0.263512,0.263722,0.266849,0.266889,0.275124,0.278346,0.284650,0.296248,0.300239,0.301552,0.302722,0.303964,0.303971,0.306418,0.307641,0.311084,0.312213,0.314327,0.314332,0.315508,0.321210,0.323001,0.323083,0.323863,0.325025,0.326320,0.327123,0.327912,0.330077,0.330770,0.332715,
0.000418,0.006118,0.235570,0.235589,0.235594,0.235614,0.235714,0.235801,0.236077,0.238660,0.239322,0.240397,0.240503,0.242286,0.244620,0.244827,0.247793,0.255530,0.260133,0.263013,0.263505,0.263815,0.265195,0.270185,0.271867,0.275137,0.279926,0.289043,0.290550,0.293379,0.300161,0.300180,0.303981,0.321223,0.322147,0.327117,0.327888,0.328638,0.332089,0.332716,
0.235811,0.237930,0.238402,0.238403,0.242281,0.242527,0.244379,0.244402,0.245452,0.245843,0.250313,0.256828,0.258534,0.261366,0.262886,0.266965,0.268631,0.273453,0.275110,0.276823,0.279888,0.279914,0.281586,0.286057,0.303975,0.306583,0.309966,0.311067,0.312249,0.315497,0.316421,0.317396,0.317586,0.318457,0.319550,0.321230,0.323006,0.325567,0.329016,0.332714,
0.222924,0.236494,0.240334,0.241680,0.241691,0.244379,0.244784,0.244844,0.246110,0.251912,0.255196,0.255198,0.256006,0.256829,0.256862,0.268515,0.271866,0.273480,0.275080,0.275096,0.278336,0.278771,0.286070,0.289167,0.300289,0.302786,0.304023,0.305222,0.308786,0.309924,0.313261,0.314303,0.314317,0.315431,0.319348,0.322991,0.324709,0.324725,0.329380,0.332719,
0.223029,0.235637,0.236017,0.236676,0.237960,0.238745,0.240511,0.242303,0.242333,0.245760,0.245789,0.254428,0.254469,0.255825,0.256896,0.258499,0.260954,0.261879,0.263525,0.263546,0.263722,0.294754,0.298828,0.302723,0.306431,0.306447,0.307636,0.307781,0.311086,0.315363,0.315379,0.317388,0.319362,0.321249,0.321800,0.322988,0.327115,0.330087,0.330118,0.332718,
0.235520,0.235625,0.236514,0.238602,0.240453,0.241689,0.242523,0.244383,0.247249,0.254360,0.258505,0.261498,0.262557,0.265168,0.265404,0.270262,0.284561,0.289137,0.293368,0.294765,0.294772,0.295276,0.300199,0.302717,0.304009,0.305246,0.306044,0.309940,0.312154,0.315354,0.315396,0.319344,0.319361,0.319649,0.323865,0.325522,0.327114,0.327116,0.330320,0.332717,
0.235509,0.235576,0.236393,0.236539,0.236742,0.239349,0.239640,0.243106,0.244331,0.244768,0.245033,0.247249,0.251932,0.253569,0.253609,0.255519,0.260772,0.261446,0.266877,0.268529,0.273473,0.278345,0.279918,0.281470,0.281481,0.293362,0.297486,0.302813,0.305276,0.309932,0.315362,0.315366,0.316516,0.323038,0.323868,0.326383,0.327124,0.328637,0.332718,0.332774,
0.000067,0.222951,0.223009,0.235607,0.235980,0.237516,0.239431,0.241743,0.244331,0.247373,0.251889,0.254230,0.255193,0.263509,0.263535,0.265689,0.266839,0.271868,0.273503,0.275118,0.281453,0.284548,0.284836,0.289041,0.298823,0.302747,0.302821,0.308961,0.314360,0.317420,0.319371,0.320282,0.323014,0.324789,0.326318,0.326388,0.326640,0.330802,0.332716,0.332721,
0.222675,0.235552,0.235579,0.236100,0.240261,0.240476,0.242342,0.242698,0.244338,0.253551,0.255610,0.257866,0.258143,0.265174,0.278322,0.282294,0.286075,0.286119,0.291916,0.291931,0.301445,0.302800,0.305224,0.306418,0.308794,0.308870,0.309961,0.311945,0.314339,0.315359,0.316403,0.321463,0.322167,0.323867,0.323905,0.324694,0.324722,0.330775,0.331429,0.332715,
0.235525,0.236210,0.238411,0.240273,0.240486,0.241711,0.242280,0.243490,0.243720,0.247267,0.248816,0.257683,0.265183,0.266856,0.268541,0.275121,0.283060,0.283157,0.294225,0.298863,0.300121,0.301438,0.303971,0.306702,0.307886,0.308767,0.308792,0.311073,0.312205,0.316376,0.316398,0.317385,0.318468,0.319382,0.322120,0.326493,0.328442,0.328641,0.329345,0.332718,
0.001319,0.235609,0.235749,0.236503,0.237261,0.238567,0.239372,0.243645,0.247352,0.250850,0.255139,0.257733,0.259088,0.260177,0.261865,0.266842,0.270203,0.275052,0.276731,0.281448,0.281491,0.286128,0.287562,0.292019,0.301460,0.303987,0.305473,0.307598,0.307612,0.307630,0.309930,0.313384,0.315375,0.316388,0.322985,0.329358,0.330067,0.330803,0.332717,0.332779,
0.235802,0.235910,0.237427,0.240364,0.240523,0.243033,0.243059,0.247289,0.251006,0.256804,0.260251,0.268528,0.271813,0.284535,0.284548,0.286065,0.287562,0.288181,0.289048,0.290495,0.296257,0.298839,0.312151,0.312207,0.315384,0.316390,0.317602,0.318382,0.318382,0.318394,0.319361,0.320563,0.324704,0.325543,0.326330,0.327233,0.327891,0.329359,0.329451,0.332716,
0.000167,0.000205,0.235721,0.235871,0.235899,0.237443,0.238395,0.240354,0.242976,0.244983,0.247235,0.256879,0.257888,0.262401,0.263034,0.263565,0.265186,0.270139,0.270170,0.275267,0.276700,0.278346,0.303982,0.307630,0.308783,0.315365,0.318368,0.319343,0.320292,0.320324,0.321266,0.321275,0.322990,0.323079,0.323885,0.324696,0.324705,0.327892,0.327985,0.332714,
0.235559,0.235559,0.235575,0.235617,0.235649,0.235823,0.235954,0.236818,0.237460,0.239364,0.243535,0.244308,0.244709,0.247241,0.255324,0.260670,0.263538,0.275155,0.278329,0.278339,0.278565,0.290503,0.294847,0.300522,0.303999,0.306411,0.309968,0.312170,0.314691,0.316393,0.319353,0.319390,0.323082,0.323093,0.325535,0.326315,0.329380,0.330770,0.331500,0.332712,
0.002406,0.222895,0.235594,0.235653,0.236050,0.237477,0.237511,0.238383,0.241652,0.244850,0.248706,0.248752,0.250358,0.258510,0.260161,0.261197,0.261897,0.271840,0.278471,0.281468,0.281504,0.284629,0.291974,0.298794,0.298813,0.301457,0.302716,0.312212,0.313341,0.314316,0.315369,0.318709,0.322210,0.323054,0.326437,0.327114,0.328739,0.330155,0.330778,0.332718,
0.235580,0.235748,0.236501,0.238643,0.238675,0.244954,0.247558,0.248808,0.248832,0.251038,0.253578,0.254579,0.255169,0.258525,0.261980,0.266926,0.268585,0.270189,0.270198,0.270209,0.270211,0.275105,0.278337,0.279911,0.287570,0.289048,0.294755,0.294822,0.297514,0.297568,0.301404,0.304003,0.308591,0.323009,0.323019,0.325521,0.329397,0.330775,0.330828,0.332714,
0.235685,0.235792,0.235925,0.236707,0.237507,0.238618,0.238814,0.240266,0.242332,0.244841,0.250358,0.251993,0.254488,0.255668,0.258459,0.260173,0.260195,0.263514,0.268592,0.270195,0.271917,0.286090,0.291934,0.302707,0.307658,0.313267,0.313394,0.317609,0.321217,0.322129,0.323234,0.326358,0.327915,0.328626,0.328673,0.330065,0.331436,0.331442,0.332084,0.332713,
0.222833,0.222994,0.236009,0.237553,0.239348,0.242976,0.244417,0.247371,0.250771,0.251134,0.251937,0.254482,0.255203,0.256806,0.257847,0.263257,0.265286,0.268541,0.268643,0.275106,0.278344,0.279902,0.284547,0.286043,0.286139,0.287590,0.289056,0.294760,0.296159,0.297494,0.297506,0.306427,0.316362,0.321242,0.322097,0.322271,0.324830,0.326314,0.326913,0.332718,
0.235609,0.235813,0.236130,0.236332,0.239372,0.241213,0.241712,0.242979,0.242986,0.243039,0.244322,0.247565,0.247633,0.247663,0.247721,0.250505,0.254335,0.258580,0.263535,0.265200,0.265215,0.270232,0.279907,0.290495,0.291922,0.296204,0.298828,0.298851,0.301452,0.302779,0.307654,0.309062,0.313256,0.322991,0.324706,0.327108,0.327916,0.328127,0.330807,0.332717,
0.236161,0.236550,0.243674,0.243716,0.243782,0.244906,0.245937,0.247342,0.250330,0.250395,0.251964,0.254387,0.254634,0.257750,0.258515,0.260607,0.262005,0.263534,0.270225,0.270238,0.275100,0.276724,0.279909,0.287598,0.302707,0.302896,0.303997,0.305207,0.311243,0.312165,0.313254,0.313303,0.318374,0.321228,0.322994,0.323893,0.324716,0.325523,0.330125,0.332717,
0.236083,0.236233,0.237551,0.239356,0.239358,0.240449,0.240520,0.241058,0.247436,0.250719,0.252147,0.253784,0.258508,0.260118,0.260925,0.265794,0.271841,0.273499,0.275115,0.276717,0.284560,0.289651,0.291960,0.294800,0.302727,0.303971,0.304015,0.305217,0.309921,0.314591,0.315393,0.318363,0.318413,0.321192,0.321209,0.327193,0.327920,0.331440,0.332719,0.332724,
0.223152,0.236739,0.237650,0.240337,0.243283,0.248789,0.250378,0.250386,0.254384,0.255146,0.255185,0.255187,0.255204,0.255228,0.256021,0.258508,0.260193,0.263507,0.263526,0.270193,0.275082,0.276710,0.276766,0.279905,0.279945,0.281460,0.281481,0.284546,0.297542,0.297565,0.298831,0.301456,0.301459,0.306406,0.309959,0.315410,0.318383,0.330746,0.330822,0.332715,
0.000539,0.003502,0.236003,0.236833,0.238655,0.240506,0.240796,0.242998,0.243747,0.244362,0.244754,0.247246,0.247567,0.251026,0.251939,0.255198,0.260171,0.261228,0.261838,0.265198,0.265688,0.273511,0.275112,0.284567,0.286076,0.287586,0.290510,0.293398,0.294776,0.294872,0.319409,0.323850,0.325518,0.327881,0.328649,0.329371,0.330085,0.330797,0.332714,0.332732,
0.239453,0.239518,0.240459,0.242373,0.243220,0.247252,0.253632,0.254392,0.255194,0.256241,0.260858,0.268557,0.268624,0.270180,0.276738,0.281468,0.282052,0.282997,0.287591,0.289044,0.293394,0.294746,0.296141,0.296145,0.296161,0.302733,0.313427,0.315371,0.315397,0.315580,0.316706,0.320300,0.320306,0.321236,0.322992,0.324725,0.328662,0.331431,0.332114,0.332714,
0.222932,0.235670,0.236221,0.236740,0.236788,0.240308,0.241685,0.243363,0.245792,0.247292,0.247683,0.250798,0.261999,0.262879,0.265224,0.265298,0.266909,0.266917,0.268567,0.268574,0.270691,0.275098,0.286076,0.289105,0.292090,0.294774,0.297498,0.298863,0.300181,0.301436,0.301454,0.306407,0.309004,0.311071,0.319695,0.320299,0.330764,0.332083,0.332718,0.332737,
0.236455,0.238376,0.241939,0.243147,0.244347,0.244506,0.245800,0.247799,0.250346,0.250631,0.255194,0.255223,0.255232,0.256890,0.258521,0.267036,0.275126,0.275132,0.276718,0.280024,0.283030,0.286075,0.291154,0.303986,0.305212,0.308795,0.308809,0.308812,0.311061,0.313246,0.314318,0.316390,0.316427,0.322999,0.323863,0.327926,0.328061,0.328327,0.329355,0.332716,
0.000645,0.235694,0.235702,0.235716,0.238388,0.240460,0.243766,0.244815,0.248769,0.248776,0.250370,0.250774,0.255707,0.261843,0.261868,0.265149,0.265178,0.270188,0.275109,0.276711,0.284540,0.289029,0.297526,0.306439,0.307612,0.307630,0.308808,0.311049,0.321242,0.322123,0.323004,0.325544,0.326334,0.327123,0.327928,0.329370,0.330065,0.330792,0.332714,0.332931,
0.222672,0.235584,0.235668,0.236753,0.238538,0.240491,0.241665,0.241675,0.243535,0.250981,0.251935,0.253576,0.255614,0.258501,0.260225,0.260995,0.261757,0.262458,0.262521,0.275129,0.279933,0.283017,0.286072,0.290523,0.296144,0.296198,0.296283,0.299026,0.305243,0.309985,0.311072,0.316831,0.321208,0.321895,0.322981,0.324541,0.325548,0.326070,0.327104,0.332719,
0.235583,0.235628,0.235686,0.237082,0.237698,0.238709,0.243624,0.244386,0.244622,0.244970,0.245807,0.248829,0.250425,0.251953,0.254504,0.260567,0.262900,0.266825,0.273443,0.287548,0.290495,0.291955,0.294763,0.296129,0.298824,0.300372,0.300468,0.301483,0.302730,0.304884,0.307114,0.311066,0.318411,0.319339,0.322123,0.323915,0.323919,0.325532,0.331529,0.332716,
0.235752,0.235940,0.235957,0.236004,0.236012,0.236488,0.237300,0.237445,0.237463,0.237507,0.239387,0.240463,0.253694,0.255205,0.270359,0.271842,0.271854,0.273574,0.278302,0.278405,0.281497,0.287550,0.294825,0.300400,0.301439,0.306418,0.307596,0.311098,0.313253,0.314310,0.314319,0.316049,0.317399,0.320671,0.325544,0.325614,0.326335,0.328631,0.332107,0.332717,
0.236734,0.237435,0.238421,0.238647,0.238847,0.239331,0.240596,0.241681,0.247243,0.248878,0.250381,0.250813,0.253541,0.253601,0.255750,0.260247,0.261353,0.261631,0.261672,0.263568,0.268554,0.268610,0.270169,0.270202,0.275121,0.283024,0.283049,0.302712,0.308870,0.313245,0.314380,0.314394,0.319347,0.321206,0.324703,0.329474,0.330749,0.332718,0.332733,0.332788,
0.235529,0.235612,0.235652,0.236857,0.236933,0.237519,0.238719,0.238967,0.240353,0.240509,0.242965,0.244701,0.247237,0.251937,0.254492,0.257739,0.257814,0.261850,0.262520,0.262590,0.266914,0.270236,0.271852,0.273494,0.275110,0.278314,0.287550,0.289040,0.290505,0.290539,0.290902,0.303978,0.303980,0.311048,0.311057,0.315380,0.317391,0.330096,0.331477,0.332716,
0.235805,0.235848,0.238624,0.239403,0.241718,0.242352,0.244481,0.244774,0.248756,0.251060,0.254741,0.255200,0.255620,0.258004,0.260822,0.276787,0.276949,0.278351,0.281474,0.284566,0.287791,0.289057,0.297508,0.300211,0.301513,0.305210,0.305240,0.305252,0.306423,0.310190,0.312177,0.314369,0.317418,0.321210,0.321233,0.327892,0.329376,0.330209,0.330852,0.332715,
0.000067,0.235604,0.235616,0.236454,0.236484,0.238590,0.238695,0.239384,0.240425,0.243051,0.244747,0.244758,0.245805,0.248850,0.250360,0.254376,0.255161,0.261840,0.262781,0.263522,0.265197,0.267064,0.267320,0.278856,0.289062,0.291964,0.297536,0.300169,0.301446,0.301452,0.306431,0.313269,0.314299,0.315368,0.323844,0.328620,0.329356,0.330769,0.330813,0.332719,
0.003770,0.235870,0.236777,0.240343,0.240507,0.241723,0.243010,0.244316,0.245774,0.247756,0.247821,0.253533,0.255626,0.255941,0.258539,0.261600,0.261840,0.270354,0.271812,0.275124,0.278647,0.287532,0.294786,0.297521,0.298847,0.298921,0.298955,0.305222,0.307618,0.309927,0.314382,0.319368,0.323067,0.323119,0.326342,0.327153,0.330062,0.330164,0.331431,0.332716,
0.000089,0.223160,0.236356,0.236554,0.237415,0.237432,0.240163,0.240487,0.241661,0.242606,0.243384,0.243414,0.243747,0.255487,0.255488,0.260187,0.261846,0.263540,0.266903,0.266928,0.270208,0.270216,0.273452,0.283058,0.301510,0.305203,0.307616,0.309925,0.311195,0.311635,0.312353,0.314315,0.316579,0.321199,0.322133,0.322169,0.323872,0.332081,0.332082,0.332717,
0.235905,0.236249,0.237183,0.238374,0.238688,0.238723,0.240359,0.241719,0.244383,0.247247,0.247350,0.247670,0.251943,0.251982,0.253527,0.253572,0.261292,0.261930,0.268571,0.273491,0.275195,0.280403,0.296148,0.297531,0.302875,0.303992,0.304379,0.307604,0.308792,0.311048,0.319353,0.319847,0.321197,0.323872,0.325553,0.325645,0.332114,0.332717,0.332783,0.332823,
0.238621,0.240211,0.242940,0.243391,0.247523,0.247546,0.255233,0.255470,0.260713,0.261422,0.262705,0.263560,0.271845,0.273482,0.281459,0.282984,0.283021,0.283029,0.287575,0.292080,0.294915,0.305208,0.305248,0.308785,0.313243,0.313249,0.315386,0.315439,0.319319,0.319451,0.324699,0.325596,0.326334,0.326340,0.327917,0.328023,0.328659,0.332076,0.332080,0.332107,
0.235646,0.235783,0.236132,0.240190,0.242351,0.242997,0.244718,0.244792,0.245768,0.255204,0.258143,0.260462,0.260677,0.265181,0.266870,0.266883,0.268550,0.272123,0.278643,0.286043,0.286056,0.289048,0.289050,0.293372,0.298848,0.303978,0.306430,0.306437,0.309474,0.311046,0.311241,0.312183,0.320278,0.323859,0.325546,0.326406,0.327150,0.328629,0.329539,0.332086,
0.000591,0.237434,0.237481,0.237525,0.237618,0.241766,0.242453,0.243397,0.244291,0.247704,0.248764,0.248781,0.250348,0.250980,0.253555,0.253693,0.255797,0.255888,0.260857,0.275243,0.278338,0.279942,0.279955,0.284523,0.287559,0.293415,0.301623,0.304041,0.307605,0.307644,0.308807,0.317394,0.321202,0.321388,0.325539,0.327910,0.329358,0.332083,0.332091,0.332750,
0.000070,0.235665,0.235824,0.237519,0.240683,0.241695,0.247664,0.247802,0.250818,0.255197,0.255838,0.258527,0.260280,0.261211,0.263022,0.264082,0.266868,0.266916,0.273519,0.276704,0.286078,0.291937,0.296277,0.306455,0.308782,0.312198,0.313239,0.313268,0.313295,0.315371,0.319321,0.323171,0.325292,0.325526,0.328666,0.328752,0.328756,0.330076,0.332127,0.332714,
