0.000000,0.000000,0.000000,0.000000,0.000000,0.000000,0.000000,0.000000,0.000000,0.000000,0.000000,0.000000,0.000000,0.000000,0.000000,0.000000,0.000000,0.000000,0.000000,0.000000,0.000000,0.000000,0.000000,0.000000,0.000000,0.000000,0.000000,0.000000,0.000000,0.000000,0.000000,0.000000,0.000000,0.000000,0.000000,0.000000,0.000000,0.000000,0.000000,0.000000,
0.000000,0.222865,0.236583,0.238224,0.239382,0.239495,0.242717,0.242750,0.244071,0.244147,0.245551,0.248275,0.251236,0.251544,0.253078,0.254670,0.254774,0.256363,0.261346,0.261475,0.261842,0.264909,0.273165,0.278074,0.282987,0.290530,0.301920,0.303165,0.304527,0.309403,0.312990,0.315402,0.316438,0.317643,0.321491,0.322664,0.323473,0.325566,0.327400,0.335600,
0.235810,0.235951,0.236720,0.240192,0.245771,0.247221,0.255174,0.256851,0.256871,0.260896,0.268723,0.273464,0.278307,0.286157,0.286373,0.293355,0.293406,0.294768,0.297527,0.300374,0.307618,0.313249,0.313427,0.315249,0.315365,0.315384,0.318398,0.321200,0.325520,0.325563,0.325637,0.326355,0.326364,0.327882,0.329365,0.329417,0.331436,0.332074,0.332534,0.332815,
0.235678,0.236424,0.236698,0.237461,0.237521,0.238727,0.239368,0.240403,0.240457,0.240480,0.241684,0.242464,0.243074,0.244882,0.247279,0.255200,0.256825,0.257928,0.261679,0.262666,0.270208,0.270228,0.271831,0.271851,0.273444,0.275129,0.279894,0.279939,0.300159,0.307590,0.319349,0.319365,0.320359,0.322103,0.322987,0.325532,0.329370,0.330092,0.330765,0.332715,
0.222928,0.235708,0.236183,0.238458,0.238589,0.242447,0.244676,0.245795,0.247289,0.250372,0.254310,0.260200,0.261704,0.261857,0.263053,0.265502,0.271839,0.279894,0.279995,0.281493,0.291940,0.291952,0.294803,0.296249,0.296266,0.301488,0.305218,0.307699,0.311146,0.316371,0.318397,0.320294,0.320315,0.322165,0.327574,0.328005,0.328720,0.332117,0.332717,0.333003,
0.000120,0.003455,0.235696,0.236772,0.237523,0.237540,0.241698,0.243143,0.243556,0.245938,0.247252,0.257864,0.258524,0.258534,0.261505,0.265238,0.267091,0.268489,0.271838,0.275513,0.281508,0.283048,0.289415,0.291914,0.291972,0.296127,0.296153,0.300183,0.301453,0.302707,0.308873,0.309933,0.311071,0.311958,0.322100,0.323863,0.326357,0.329422,0.331447,0.332714,
0.236138,0.237488,0.238582,0.240499,0.241711,0.244726,0.244736,0.248829,0.249052,0.251121,0.253596,0.254363,0.254664,0.255497,0.260211,0.261064,0.261368,0.262304,0.265202,0.270184,0.270204,0.273476,0.276726,0.278354,0.281441,0.286138,0.290472,0.290514,0.293375,0.294885,0.296135,0.308777,0.312209,0.315348,0.317395,0.319059,0.329362,0.330715,0.332113,0.332715,
0.000073,0.235548,0.236162,0.237511,0.237549,0.238601,0.240466,0.241602,0.243543,0.247738,0.249004,0.255783,0.260171,0.260191,0.261045,0.261988,0.262933,0.265226,0.268789,0.270188,0.275105,0.276754,0.278341,0.278445,0.288102,0.293397,0.296166,0.298827,0.298866,0.301566,0.302721,0.305464,0.307648,0.311083,0.319361,0.322152,0.323869,0.328643,0.331789,0.332716,
0.235580,0.235777,0.237428,0.237487,0.238852,0.241686,0.241836,0.243301,0.248728,0.251980,0.256846,0.256868,0.256879,0.257591,0.257900,0.261608,0.266561,0.266886,0.270185,0.270488,0.273472,0.286060,0.287555,0.289125,0.290570,0.291928,0.296154,0.296164,0.300177,0.301518,0.309293,0.311087,0.312243,0.315381,0.316401,0.324582,0.331443,0.331455,0.332109,0.332716,
0.223200,0.235530,0.238432,0.241682,0.244349,0.245775,0.247290,0.247864,0.251935,0.253578,0.256859,0.258161,0.268552,0.271853,0.272112,0.273487,0.275108,0.278380,0.284540,0.286079,0.287577,0.300151,0.301449,0.302729,0.302832,0.303996,0.306480,0.311330,0.312225,0.312617,0.313252,0.316392,0.317390,0.317406,0.319350,0.320286,0.324555,0.330158,0.331465,0.332716,
0.236213,0.236740,0.237119,0.237531,0.238719,0.239361,0.241702,0.242353,0.243129,0.243132,0.244370,0.261865,0.266862,0.267087,0.268545,0.275136,0.281456,0.282985,0.283012,0.286067,0.287553,0.287588,0.291968,0.297524,0.301466,0.302731,0.303962,0.305211,0.307623,0.313257,0.313297,0.313350,0.316409,0.322121,0.322126,0.325570,0.326331,0.326341,0.332716,0.332724,
0.237317,0.238353,0.238381,0.238982,0.239401,0.241613,0.244319,0.251915,0.255208,0.258207,0.262852,0.263548,0.266871,0.273459,0.281470,0.286040,0.287570,0.290483,0.290538,0.293352,0.293395,0.297532,0.297556,0.300185,0.301450,0.305190,0.308782,0.316391,0.319334,0.319341,0.321208,0.322145,0.324690,0.325532,0.326326,0.329360,0.331506,0.332241,0.332713,0.332855,
0.235684,0.235967,0.236545,0.237377,0.243053,0.245794,0.247712,0.255243,0.257640,0.258350,0.261028,0.261048,0.266893,0.268543,0.268560,0.273507,0.275133,0.276714,0.278339,0.283035,0.287613,0.292208,0.296145,0.298824,0.305632,0.306442,0.308797,0.309946,0.313334,0.318380,0.319354,0.323920,0.326327,0.328627,0.329359,0.329372,0.330071,0.330100,0.331485,0.332715,
0.235539,0.235623,0.235644,0.244599,0.245797,0.255278,0.255756,0.258513,0.261315,0.261357,0.261839,0.265176,0.265187,0.266889,0.275110,0.276720,0.284659,0.289075,0.292053,0.294804,0.296123,0.296139,0.298823,0.300130,0.302744,0.303005,0.305244,0.312152,0.316394,0.320291,0.322114,0.323194,0.324985,0.327883,0.327897,0.327901,0.330088,0.331097,0.332715,0.332815,
0.235912,0.236068,0.237372,0.237677,0.239808,0.240337,0.242354,0.243037,0.246073,0.247420,0.248766,0.251979,0.254856,0.258475,0.261476,0.261651,0.263484,0.273489,0.273535,0.283023,0.284525,0.293361,0.298849,0.300161,0.302703,0.311491,0.313252,0.314319,0.314331,0.319364,0.322108,0.322111,0.322980,0.323850,0.327965,0.330086,0.330115,0.330159,0.331426,0.332715,
0.235892,0.237519,0.240570,0.243524,0.244978,0.247328,0.248733,0.250973,0.255832,0.258495,0.258575,0.260781,0.261767,0.261888,0.263561,0.275144,0.278344,0.279971,0.286087,0.287981,0.289036,0.292022,0.293796,0.300232,0.302719,0.302741,0.302748,0.304238,0.311076,0.312207,0.315360,0.315378,0.318533,0.322129,0.328620,0.329359,0.329359,0.329394,0.331441,0.332716,
0.236102,0.237507,0.238669,0.241726,0.241761,0.242982,0.244363,0.244373,0.247287,0.255540,0.256834,0.256988,0.260161,0.262156,0.265827,0.270188,0.275180,0.276729,0.281895,0.283036,0.283046,0.289056,0.291955,0.294762,0.296167,0.302749,0.302751,0.303989,0.306436,0.306458,0.307600,0.316938,0.317403,0.317404,0.321199,0.321228,0.325522,0.326343,0.327122,0.332715,
0.222912,0.223465,0.236117,0.236668,0.237738,0.238450,0.241740,0.244771,0.245770,0.250369,0.254155,0.256830,0.261863,0.263514,0.271844,0.273496,0.275090,0.276721,0.278282,0.284586,0.287570,0.289029,0.291945,0.292067,0.294763,0.294795,0.296173,0.297577,0.301538,0.305225,0.313247,0.314338,0.315365,0.315375,0.318395,0.327885,0.328677,0.330814,0.332098,0.332717,
0.235897,0.235927,0.236178,0.236863,0.237377,0.237399,0.238340,0.240856,0.243503,0.248934,0.253554,0.253559,0.253569,0.255176,0.255244,0.260156,0.261394,0.262458,0.263539,0.266911,0.270183,0.271845,0.271876,0.273516,0.278345,0.284568,0.286084,0.289042,0.294801,0.307616,0.317408,0.319349,0.322121,0.323895,0.325534,0.327291,0.327885,0.331465,0.332108,0.332716,
0.235553,0.235604,0.236081,0.236116,0.237516,0.243028,0.243490,0.244397,0.247333,0.247737,0.251053,0.253525,0.253547,0.254489,0.255195,0.255214,0.255772,0.260784,0.260785,0.261071,0.262898,0.266886,0.266965,0.284546,0.286055,0.293372,0.294774,0.296126,0.303968,0.304073,0.307614,0.308096,0.309946,0.311084,0.314395,0.325559,0.327886,0.327895,0.332715,0.332799,
0.235678,0.235836,0.237345,0.237480,0.237488,0.240510,0.240759,0.241661,0.245104,0.247260,0.250769,0.253796,0.254313,0.254394,0.254498,0.254658,0.257980,0.260162,0.261244,0.261454,0.261824,0.261848,0.268578,0.271853,0.273466,0.273497,0.281457,0.281812,0.283040,0.289240,0.311033,0.313298,0.313341,0.315367,0.317421,0.320367,0.321243,0.323244,0.332393,0.332715,
0.235884,0.236178,0.236390,0.240509,0.243729,0.243847,0.244347,0.245834,0.245949,0.250886,0.251931,0.253618,0.253622,0.260587,0.262518,0.266832,0.268551,0.271874,0.273482,0.275092,0.276725,0.277001,0.278313,0.278635,0.281478,0.282997,0.289050,0.294884,0.297523,0.300209,0.302719,0.305200,0.305430,0.306416,0.307767,0.307876,0.311074,0.312248,0.316403,0.332714,
0.222643,0.222684,0.242347,0.242979,0.243375,0.247282,0.247748,0.251933,0.253532,0.256147,0.261855,0.262571,0.271893,0.272051,0.275109,0.278337,0.281506,0.286741,0.289072,0.290470,0.291944,0.291957,0.294774,0.294808,0.298833,0.300235,0.312186,0.315364,0.316463,0.317419,0.319369,0.319690,0.322098,0.327133,0.327894,0.328643,0.329359,0.330082,0.332097,0.332715,
0.236387,0.236724,0.238367,0.243021,0.245015,0.250526,0.254397,0.255218,0.258497,0.271855,0.276719,0.276731,0.277530,0.279947,0.280029,0.281464,0.283004,0.283645,0.289020,0.289042,0.293718,0.297501,0.301464,0.305216,0.305218,0.306426,0.307647,0.309946,0.312179,0.312207,0.313255,0.315353,0.318385,0.324704,0.325524,0.325532,0.329227,0.329396,0.331449,0.332719,
0.222875,0.236727,0.238365,0.240254,0.240473,0.240566,0.242320,0.245732,0.257940,0.260190,0.260196,0.260616,0.260928,0.261831,0.261867,0.263545,0.266885,0.270198,0.275138,0.275140,0.276777,0.282992,0.283052,0.284546,0.289062,0.291940,0.297532,0.298824,0.298839,0.303987,0.306426,0.309954,0.317386,0.322996,0.323876,0.324702,0.329357,0.329357,0.332719,0.332775,
0.235536,0.235729,0.235909,0.236127,0.236212,0.237111,0.239364,0.240513,0.243147,0.243157,0.244681,0.247259,0.254301,0.258029,0.262740,0.262814,0.263503,0.271809,0.278308,0.279884,0.281470,0.283153,0.289063,0.296155,0.305219,0.309029,0.313248,0.313252,0.316382,0.317401,0.318408,0.322979,0.325156,0.325680,0.328198,0.328634,0.328642,0.330085,0.332716,0.332726,
0.237517,0.245818,0.247318,0.247553,0.250319,0.250967,0.255245,0.258567,0.260219,0.260972,0.261873,0.261891,0.263551,0.265214,0.266838,0.270174,0.270177,0.270182,0.275114,0.276737,0.283016,0.284590,0.290490,0.297551,0.300434,0.301453,0.305206,0.305229,0.308788,0.308801,0.308939,0.316045,0.320290,0.323048,0.326434,0.327361,0.329001,0.329462,0.331433,0.332714,
0.222644,0.235576,0.235860,0.236728,0.238393,0.241665,0.241703,0.242343,0.245859,0.247609,0.248750,0.253560,0.256809,0.261092,0.265199,0.268569,0.273466,0.278330,0.294779,0.300183,0.303981,0.308951,0.309919,0.315387,0.315397,0.316444,0.320280,0.320609,0.323038,0.323871,0.324706,0.327112,0.327885,0.327887,0.327926,0.330770,0.332087,0.332716,0.332719,0.332750,
0.000067,0.235551,0.235564,0.235601,0.235780,0.236167,0.236603,0.237365,0.237429,0.239292,0.250299,0.250349,0.251940,0.254497,0.255822,0.256804,0.258494,0.261420,0.261867,0.262686,0.265211,0.266877,0.276736,0.279903,0.287616,0.293354,0.294786,0.301442,0.301452,0.307674,0.308794,0.309966,0.314501,0.316392,0.324842,0.325507,0.326320,0.327130,0.331428,0.332717,
0.000200,0.002205,0.235530,0.235738,0.236672,0.237961,0.239415,0.241566,0.243463,0.243567,0.247266,0.247370,0.257816,0.258805,0.261004,0.261777,0.268535,0.275117,0.276704,0.278533,0.284558,0.294757,0.297496,0.297502,0.298816,0.302714,0.313376,0.316388,0.321243,0.322115,0.323011,0.323110,0.324718,0.325597,0.326337,0.327919,0.328703,0.330750,0.332179,0.332718,
0.235773,0.236150,0.238300,0.240505,0.241661,0.244322,0.244938,0.250941,0.254506,0.255164,0.255797,0.258490,0.260203,0.261962,0.274844,0.276709,0.277002,0.278345,0.286086,0.287626,0.292567,0.296181,0.297752,0.299130,0.300811,0.301490,0.303973,0.309928,0.316466,0.321198,0.323026,0.323115,0.323856,0.324813,0.327896,0.329357,0.330758,0.332148,0.332718,0.332724,
0.222740,0.236484,0.236756,0.237472,0.237472,0.238370,0.238378,0.242530,0.243034,0.243594,0.249201,0.251937,0.257035,0.258327,0.261828,0.265206,0.270199,0.270264,0.278314,0.278458,0.283025,0.283046,0.286261,0.289037,0.289049,0.293323,0.294754,0.294772,0.300172,0.311105,0.313262,0.314314,0.315404,0.320281,0.320300,0.320301,0.322984,0.325515,0.327131,0.332719,
0.235702,0.236014,0.236430,0.236451,0.237501,0.240298,0.240491,0.245753,0.247295,0.248762,0.250315,0.250338,0.252530,0.260878,0.261842,0.263104,0.266883,0.273472,0.275101,0.278346,0.281469,0.283060,0.288445,0.289043,0.293371,0.293397,0.303007,0.305195,0.306414,0.308805,0.311065,0.315424,0.316450,0.317448,0.321233,0.323005,0.325535,0.326441,0.332235,0.332712,
0.236085,0.236124,0.236336,0.236786,0.237468,0.237495,0.238364,0.241691,0.242227,0.242291,0.242935,0.258493,0.260181,0.260738,0.261527,0.262570,0.263534,0.268626,0.270186,0.275141,0.275172,0.279940,0.283007,0.293346,0.293373,0.296151,0.300164,0.302727,0.303975,0.305205,0.305331,0.314325,0.316420,0.318389,0.320656,0.322189,0.325524,0.327112,0.327138,0.332715,
0.236234,0.237643,0.238356,0.239457,0.240327,0.245789,0.247251,0.247277,0.248819,0.249025,0.250910,0.254002,0.254507,0.255239,0.258503,0.260252,0.260842,0.263531,0.270197,0.275118,0.278380,0.281491,0.284578,0.287552,0.290530,0.290643,0.294762,0.294806,0.300178,0.306421,0.317381,0.318388,0.318395,0.321229,0.322108,0.322187,0.322995,0.328255,0.329370,0.332714,
0.000303,0.235599,0.235841,0.237493,0.238602,0.239363,0.240515,0.242990,0.244401,0.245834,0.247328,0.250806,0.250936,0.251937,0.255802,0.258285,0.261854,0.265179,0.271849,0.271886,0.297527,0.303071,0.305216,0.307664,0.307758,0.311065,0.312169,0.312378,0.314329,0.317394,0.317643,0.323028,0.324709,0.324713,0.326347,0.330071,0.330192,0.332719,0.332730,0.332787,
0.223049,0.235630,0.238787,0.240285,0.242911,0.243025,0.244390,0.247533,0.251940,0.254634,0.255356,0.255420,0.260184,0.271943,0.273465,0.273509,0.275103,0.276709,0.279898,0.282989,0.289036,0.289096,0.291994,0.293483,0.296674,0.305201,0.308806,0.309988,0.313267,0.316397,0.321225,0.322997,0.325728,0.329361,0.329387,0.329410,0.330083,0.330127,0.331487,0.332715,
0.000066,0.000183,0.236098,0.238338,0.240224,0.242211,0.243740,0.243774,0.244731,0.245832,0.248780,0.255210,0.256006,0.256820,0.258527,0.260175,0.260902,0.261800,0.273501,0.276759,0.284592,0.287548,0.289090,0.294810,0.300134,0.301441,0.302723,0.308971,0.312156,0.312164,0.312193,0.312282,0.314332,0.316429,0.318516,0.324717,0.328649,0.330799,0.332140,0.332717,
0.236241,0.236691,0.236729,0.237404,0.238344,0.240288,0.242409,0.244184,0.244635,0.245818,0.248764,0.248825,0.253585,0.255098,0.255188,0.264114,0.265177,0.266820,0.266843,0.273492,0.281457,0.284588,0.284668,0.287584,0.289325,0.298818,0.301785,0.305233,0.309976,0.309982,0.310655,0.312153,0.313271,0.322996,0.323574,0.325525,0.325544,0.329379,0.330772,0.332716,
0.000356,0.236699,0.240475,0.241675,0.242319,0.244419,0.244825,0.244897,0.248810,0.253563,0.254461,0.260184,0.260289,0.260929,0.263491,0.263539,0.278338,0.279913,0.279926,0.284545,0.284565,0.285192,0.289078,0.290512,0.294769,0.296146,0.301476,0.301531,0.302737,0.304046,0.304092,0.305208,0.309950,0.309980,0.312187,0.315345,0.323033,0.327281,0.328621,0.332718,
0.222828,0.235507,0.235776,0.235810,0.237442,0.243410,0.243611,0.247236,0.247279,0.247336,0.248726,0.260173,0.261400,0.261581,0.261819,0.262891,0.263565,0.265250,0.270162,0.273513,0.273567,0.278327,0.283039,0.289005,0.289075,0.289263,0.293340,0.294774,0.304022,0.307602,0.308783,0.309527,0.313241,0.314341,0.316557,0.320278,0.323857,0.326393,0.332716,0.333029,
0.222899,0.235639,0.235938,0.235958,0.242356,0.243277,0.244337,0.244544,0.247284,0.247334,0.251299,0.253886,0.255164,0.258481,0.261856,0.262546,0.263534,0.266936,0.277063,0.281499,0.287650,0.288207,0.292052,0.293337,0.296164,0.298851,0.300171,0.302731,0.304612,0.312174,0.317409,0.321213,0.321674,0.322108,0.323875,0.324708,0.326325,0.327121,0.327295,0.332715,
0.235712,0.236120,0.237247,0.237361,0.239376,0.241648,0.242300,0.244355,0.244843,0.247242,0.248800,0.256818,0.265181,0.275110,0.279903,0.286093,0.286278,0.289027,0.296135,0.296200,0.298854,0.305243,0.315515,0.316390,0.316391,0.319334,0.319362,0.319426,0.320285,0.320664,0.323020,0.323146,0.323878,0.325572,0.325622,0.326328,0.327889,0.332117,0.332118,0.332718,
0.235579,0.237436,0.237453,0.238351,0.239396,0.240363,0.247270,0.247473,0.247920,0.248783,0.248788,0.250813,0.250869,0.255180,0.255190,0.262745,0.262819,0.266862,0.287590,0.289117,0.293422,0.294794,0.296284,0.297520,0.300138,0.300140,0.300194,0.300299,0.301457,0.305225,0.312165,0.312208,0.315367,0.318398,0.321212,0.324721,0.325566,0.329360,0.330765,0.332718,
0.000115,0.223077,0.235748,0.236502,0.236627,0.238394,0.245831,0.250613,0.255805,0.255904,0.257814,0.263534,0.266872,0.268550,0.272026,0.276901,0.278401,0.278433,0.281835,0.286076,0.290512,0.291950,0.296191,0.297459,0.298821,0.301437,0.306411,0.306428,0.306429,0.306438,0.306447,0.308803,0.312153,0.313315,0.316570,0.323865,0.325900,0.329449,0.330774,0.332716,
0.005309,0.223024,0.238363,0.242470,0.243026,0.244359,0.244919,0.247622,0.247694,0.251955,0.255178,0.261462,0.263514,0.265243,0.268515,0.268536,0.268543,0.270179,0.280431,0.286062,0.286139,0.290482,0.291935,0.297510,0.301648,0.303970,0.309344,0.312173,0.314323,0.320293,0.322133,0.322983,0.326327,0.326347,0.327888,0.329363,0.330066,0.330872,0.332715,0.333036,
0.222731,0.223355,0.235541,0.236584,0.238360,0.243296,0.244339,0.251939,0.255292,0.256842,0.256961,0.258224,0.258493,0.261392,0.261856,0.262844,0.268208,0.269472,0.271861,0.276714,0.278304,0.286057,0.287601,0.289068,0.298837,0.298839,0.300175,0.302727,0.306608,0.316824,0.318355,0.318406,0.319370,0.322991,0.323909,0.325581,0.326323,0.327136,0.332074,0.332081,
0.235639,0.235663,0.236472,0.240219,0.240336,0.242299,0.243043,0.247725,0.247863,0.251931,0.253577,0.255692,0.255986,0.256002,0.256027,0.262130,0.263535,0.268540,0.270157,0.270206,0.270643,0.273505,0.277370,0.281467,0.286091,0.289374,0.290508,0.291937,0.297533,0.298842,0.300167,0.303987,0.318390,0.319358,0.325700,0.327205,0.329366,0.332073,0.332721,0.332757,
0.000268,0.003618,0.236582,0.237402,0.238318,0.238342,0.239341,0.239440,0.244647,0.248838,0.255189,0.256157,0.256164,0.256841,0.260688,0.261301,0.265206,0.279910,0.281451,0.281496,0.284578,0.286061,0.289063,0.295294,0.296118,0.296516,0.299022,0.300162,0.300721,0.301473,0.306411,0.306440,0.311680,0.322128,0.323866,0.327110,0.328835,0.330089,0.332716,0.332733,
0.235952,0.236600,0.238365,0.238590,0.240260,0.241680,0.243001,0.244336,0.250370,0.254643,0.255203,0.258937,0.260228,0.261296,0.261836,0.261870,0.262942,0.265698,0.281560,0.283060,0.287564,0.292039,0.292064,0.294762,0.305188,0.307626,0.308789,0.311057,0.311634,0.314343,0.316402,0.320319,0.323862,0.323867,0.325849,0.326339,0.327896,0.328632,0.330061,0.332717,
0.235819,0.236066,0.237290,0.239452,0.243524,0.249011,0.250808,0.253521,0.258481,0.260146,0.262779,0.263523,0.266895,0.270204,0.270215,0.270217,0.273490,0.278425,0.279906,0.283027,0.284547,0.289459,0.291978,0.293452,0.298810,0.300149,0.301463,0.301839,0.302826,0.305212,0.309932,0.320409,0.321200,0.321211,0.324705,0.325503,0.327942,0.328634,0.329418,0.332712,
0.236542,0.236732,0.237459,0.237493,0.238658,0.239421,0.239431,0.240454,0.253595,0.253648,0.254553,0.255186,0.260135,0.261840,0.275106,0.278320,0.278324,0.278339,0.284549,0.284632,0.287722,0.294026,0.294789,0.298838,0.298854,0.301469,0.302733,0.312153,0.314322,0.314341,0.314342,0.315394,0.321209,0.321595,0.327124,0.327213,0.328649,0.330089,0.332111,0.332716,
0.000095,0.235767,0.235834,0.235880,0.238763,0.239314,0.240214,0.242981,0.247279,0.247700,0.254495,0.256810,0.256852,0.258516,0.266931,0.281570,0.284567,0.290497,0.296143,0.301419,0.301467,0.302762,0.302959,0.306426,0.307619,0.308796,0.308853,0.309982,0.311083,0.313270,0.315408,0.317394,0.317415,0.318406,0.322991,0.326362,0.331446,0.332090,0.332717,0.332725,
0.223108,0.235556,0.235808,0.235988,0.236238,0.236261,0.238364,0.238402,0.238404,0.238534,0.242455,0.244432,0.251907,0.254474,0.258483,0.263509,0.265334,0.270213,0.279927,0.286065,0.286113,0.294855,0.306593,0.307601,0.309941,0.312196,0.315364,0.316391,0.317420,0.318369,0.320289,0.321217,0.322991,0.323227,0.324704,0.326335,0.327222,0.327882,0.331427,0.332718,
0.235700,0.235787,0.236142,0.238376,0.239414,0.240452,0.241764,0.242344,0.242966,0.243046,0.244407,0.248804,0.254630,0.255638,0.261822,0.261904,0.265195,0.270221,0.271959,0.273483,0.279921,0.284660,0.289073,0.293425,0.294819,0.296128,0.296130,0.300157,0.306171,0.307595,0.307611,0.308790,0.314309,0.322105,0.325534,0.327141,0.327352,0.329378,0.332087,0.332717,
0.000374,0.235548,0.235596,0.236132,0.238316,0.238589,0.242265,0.244834,0.247271,0.248792,0.248815,0.251096,0.253598,0.254289,0.254706,0.260228,0.266867,0.275110,0.283032,0.284545,0.284578,0.287552,0.287595,0.289109,0.301456,0.306427,0.311049,0.313254,0.313488,0.320299,0.322105,0.323051,0.325524,0.329357,0.329381,0.329390,0.331521,0.332083,0.332717,0.332750,
0.223019,0.235646,0.236322,0.237430,0.238896,0.239359,0.241725,0.242968,0.243037,0.250352,0.256848,0.268610,0.268651,0.275127,0.278342,0.287558,0.287684,0.287789,0.293338,0.296181,0.297506,0.298836,0.298841,0.298882,0.300161,0.305188,0.305198,0.313326,0.313336,0.314314,0.315359,0.315370,0.316379,0.321203,0.324679,0.324717,0.326296,0.329402,0.330093,0.332715,
0.222895,0.236239,0.237451,0.240357,0.243043,0.247250,0.247263,0.247726,0.253653,0.254490,0.258507,0.258549,0.261538,0.261844,0.263574,0.271869,0.278305,0.278317,0.281457,0.281507,0.283020,0.284559,0.287576,0.290501,0.291932,0.296140,0.310043,0.318132,0.319353,0.321197,0.323043,0.324720,0.324756,0.325596,0.326369,0.327136,0.328075,0.330764,0.331493,0.332719,
0.238332,0.238603,0.240630,0.241688,0.243292,0.247755,0.248787,0.248796,0.250666,0.251981,0.255210,0.259353,0.260181,0.260208,0.262023,0.262713,0.263511,0.265247,0.270214,0.271878,0.276753,0.278358,0.278364,0.281464,0.284721,0.286061,0.286074,0.289058,0.298829,0.301448,0.301869,0.302724,0.305243,0.311053,0.324729,0.330764,0.332097,0.332718,0.332736,0.332736,
0.000087,0.235916,0.236698,0.236736,0.237427,0.238346,0.238547,0.241706,0.243048,0.244899,0.246140,0.247440,0.250511,0.251918,0.258059,0.260147,0.261823,0.261849,0.262680,0.270269,0.275108,0.276719,0.276909,0.287555,0.290501,0.296166,0.303973,0.305236,0.307590,0.315398,0.317404,0.320139,0.322114,0.323893,0.326331,0.327886,0.328669,0.330097,0.331436,0.332715,
0.235532,0.235724,0.244370,0.247754,0.251992,0.256801,0.260188,0.262311,0.262675,0.270192,0.273516,0.273595,0.278317,0.278677,0.279920,0.281526,0.283005,0.283051,0.284611,0.294762,0.294904,0.297518,0.302726,0.307611,0.307695,0.312152,0.315389,0.316379,0.316397,0.318380,0.319440,0.324047,0.324700,0.325526,0.327880,0.328173,0.330075,0.332077,0.332110,0.332716,
0.222935,0.236164,0.237245,0.238582,0.239469,0.240370,0.242369,0.243501,0.244407,0.250957,0.253614,0.258130,0.268561,0.268562,0.278653,0.279877,0.281462,0.286054,0.286086,0.289030,0.294762,0.296127,0.301449,0.301471,0.306407,0.306416,0.308776,0.315370,0.315384,0.317397,0.318580,0.319430,0.322999,0.324709,0.327131,0.330089,0.330449,0.330758,0.331518,0.332716,
0.223138,0.236413,0.236708,0.238720,0.239452,0.242421,0.242494,0.244841,0.250352,0.251034,0.255577,0.256812,0.261174,0.261238,0.261505,0.261830,0.262525,0.269348,0.276709,0.278288,0.283194,0.284655,0.291943,0.293340,0.294059,0.296148,0.296158,0.307626,0.307634,0.308784,0.308801,0.313278,0.314331,0.314362,0.315375,0.323068,0.328661,0.331429,0.332102,0.332721,
0.000069,0.235547,0.235771,0.236196,0.236795,0.238372,0.240341,0.244391,0.244952,0.247279,0.250313,0.250737,0.261798,0.268525,0.271844,0.273472,0.279930,0.284553,0.290503,0.293408,0.293423,0.298870,0.302725,0.305513,0.309353,0.314346,0.316325,0.319360,0.321360,0.324694,0.324710,0.326497,0.326536,0.328639,0.329370,0.330393,0.330452,0.331433,0.332713,0.332726,
0.235583,0.235928,0.237363,0.237494,0.238419,0.238729,0.240528,0.244377,0.244547,0.247747,0.249177,0.253581,0.254189,0.255214,0.255246,0.260191,0.261085,0.261878,0.263534,0.273525,0.278338,0.279919,0.287553,0.289040,0.289084,0.291912,0.291943,0.298831,0.301543,0.305236,0.308015,0.308772,0.311062,0.313297,0.319328,0.323868,0.324714,0.329368,0.332719,0.332733,
0.222944,0.235620,0.235715,0.235806,0.236804,0.240182,0.240500,0.241671,0.243465,0.244901,0.253630,0.254199,0.257658,0.257924,0.260137,0.263515,0.265173,0.270183,0.271839,0.283037,0.289072,0.290503,0.291933,0.294816,0.296192,0.298884,0.306531,0.307621,0.308792,0.319369,0.319478,0.321531,0.322174,0.327286,0.327918,0.329397,0.330754,0.330944,0.332133,0.332713,
0.222784,0.235518,0.235986,0.236801,0.237497,0.238378,0.240171,0.243507,0.244362,0.244445,0.244591,0.247237,0.247691,0.251130,0.251887,0.251930,0.254177,0.256834,0.260796,0.260965,0.261359,0.273492,0.273540,0.275085,0.275102,0.279900,0.280027,0.281507,0.284546,0.289326,0.291947,0.293365,0.294874,0.297508,0.299515,0.305466,0.318373,0.319356,0.324747,0.332712,
0.235868,0.236719,0.237398,0.238290,0.243438,0.244351,0.244931,0.251017,0.251018,0.254307,0.254404,0.256894,0.258475,0.262951,0.263266,0.263537,0.265222,0.265492,0.273496,0.273663,0.279969,0.284590,0.287575,0.290549,0.304011,0.306429,0.306437,0.307662,0.309935,0.309991,0.311062,0.314556,0.315249,0.318382,0.319355,0.320297,0.328014,0.329831,0.332716,0.332744,
0.000099,0.222864,0.223099,0.235628,0.235876,0.236167,0.238429,0.238571,0.242640,0.244840,0.247316,0.247558,0.247564,0.247666,0.248828,0.250333,0.250348,0.250353,0.250373,0.251984,0.253525,0.257827,0.258023,0.258035,0.260927,0.261378,0.265215,0.287758,0.289104,0.298856,0.304021,0.310172,0.311057,0.312171,0.313633,0.318399,0.323849,0.324796,0.328635,0.332715,
0.235595,0.236440,0.237372,0.239178,0.239402,0.247713,0.250342,0.250647,0.254386,0.258051,0.258506,0.260846,0.261630,0.263676,0.278463,0.279920,0.280144,0.281531,0.283062,0.284547,0.286090,0.289075,0.293498,0.293522,0.294843,0.302791,0.306710,0.310377,0.315390,0.316395,0.320282,0.320569,0.321347,0.322111,0.322129,0.322136,0.323863,0.325556,0.325802,0.332717,
0.000074,0.235629,0.237497,0.239406,0.240315,0.240492,0.243406,0.243597,0.243607,0.245781,0.250375,0.253555,0.255178,0.255527,0.255740,0.260161,0.261255,0.261586,0.262354,0.265179,0.267070,0.270189,0.271813,0.278343,0.281455,0.284562,0.294722,0.298820,0.303964,0.305223,0.305330,0.306425,0.313260,0.316431,0.318469,0.322128,0.322299,0.325538,0.327367,0.332718,
0.000571,0.235661,0.235698,0.236500,0.237343,0.237517,0.243549,0.243682,0.255565,0.257833,0.257960,0.258034,0.265833,0.266854,0.275120,0.276484,0.276751,0.287580,0.287581,0.290540,0.293351,0.294075,0.298063,0.300163,0.305197,0.307624,0.308808,0.312281,0.316048,0.317928,0.319363,0.319742,0.323064,0.323853,0.324719,0.325615,0.327138,0.330066,0.330378,0.332716,
0.236697,0.238335,0.238402,0.239358,0.240284,0.242416,0.247857,0.247899,0.248800,0.250353,0.251185,0.251927,0.251933,0.255712,0.255731,0.260169,0.261362,0.262984,0.263531,0.266932,0.276667,0.289032,0.291038,0.293366,0.296145,0.298826,0.300412,0.301443,0.305212,0.306401,0.311170,0.316399,0.319328,0.322984,0.322997,0.323862,0.325171,0.330773,0.331052,0.332714,
0.235973,0.236100,0.236740,0.238347,0.238438,0.239746,0.241702,0.242636,0.242964,0.243213,0.244340,0.244378,0.247229,0.250317,0.250352,0.251959,0.254858,0.257906,0.258531,0.260171,0.260207,0.261354,0.261846,0.268529,0.268659,0.273497,0.275166,0.284732,0.297507,0.309011,0.314314,0.317412,0.319356,0.319362,0.327940,0.330437,0.330772,0.331442,0.331584,0.332717,
0.235979,0.236016,0.236340,0.236452,0.236523,0.237510,0.238749,0.240422,0.240566,0.242947,0.244373,0.244883,0.250805,0.250878,0.253582,0.253592,0.256049,0.258507,0.261826,0.263551,0.265267,0.275146,0.278327,0.278343,0.289097,0.294767,0.294785,0.301488,0.312187,0.312213,0.314311,0.315447,0.320314,0.323154,0.324726,0.328627,0.330069,0.330073,0.331444,0.332721,
0.235772,0.236125,0.236164,0.238755,0.243169,0.243573,0.245778,0.245825,0.247239,0.250805,0.253570,0.255227,0.256852,0.258167,0.260167,0.261065,0.261873,0.267065,0.273513,0.278309,0.279976,0.281458,0.284560,0.294781,0.301441,0.302747,0.302773,0.307618,0.308795,0.311102,0.313276,0.315355,0.317386,0.320278,0.321284,0.325540,0.327210,0.328661,0.328714,0.332716,
0.001081,0.236462,0.237532,0.242519,0.244871,0.250362,0.253591,0.253600,0.256825,0.256857,0.258106,0.260190,0.261547,0.261670,0.263555,0.265217,0.268562,0.273457,0.278593,0.283277,0.284666,0.289046,0.290490,0.290513,0.291969,0.294082,0.300202,0.301456,0.311080,0.315370,0.320292,0.322993,0.328637,0.329356,0.330775,0.331455,0.331458,0.332716,0.332717,0.332760,
0.222784,0.235612,0.236139,0.236737,0.238395,0.241619,0.242952,0.242979,0.243553,0.244340,0.244737,0.244815,0.250841,0.253536,0.255872,0.256057,0.256849,0.261065,0.261070,0.261885,0.263561,0.265477,0.275127,0.275187,0.283136,0.284656,0.289074,0.296122,0.296148,0.297493,0.300148,0.307655,0.312182,0.316575,0.318386,0.321581,0.322120,0.323856,0.325148,0.332714,
0.000206,0.235908,0.237387,0.238360,0.239368,0.240521,0.242345,0.244923,0.245764,0.247249,0.247785,0.248770,0.248772,0.253626,0.254543,0.258543,0.260180,0.261830,0.262137,0.266895,0.270136,0.279903,0.284714,0.303988,0.311111,0.312177,0.313284,0.315373,0.316894,0.318409,0.318431,0.320272,0.321394,0.321773,0.324830,0.325530,0.327883,0.328089,0.328705,0.332717,
0.235991,0.238303,0.240430,0.241661,0.243329,0.244386,0.245081,0.247419,0.247671,0.247770,0.250368,0.255383,0.256834,0.261815,0.262587,0.263574,0.276698,0.283081,0.287589,0.287641,0.290501,0.293379,0.294777,0.297668,0.303992,0.314350,0.317440,0.321585,0.323025,0.324732,0.325588,0.326315,0.327118,0.327994,0.329359,0.330068,0.330754,0.330824,0.332088,0.332716,
0.235675,0.238377,0.238415,0.238738,0.242334,0.243012,0.244891,0.245772,0.245843,0.250343,0.253544,0.253670,0.254664,0.260230,0.260261,0.265723,0.267514,0.268506,0.275102,0.275119,0.289040,0.289059,0.289416,0.294747,0.301480,0.304147,0.306446,0.307663,0.308811,0.308813,0.312166,0.314327,0.321230,0.322201,0.327889,0.328640,0.329358,0.329366,0.330259,0.332716,
0.000204,0.235691,0.235723,0.235807,0.236216,0.237571,0.240220,0.241675,0.247718,0.247800,0.256816,0.260182,0.260550,0.260986,0.261838,0.261858,0.261867,0.262318,0.266923,0.270202,0.273453,0.281464,0.281468,0.284592,0.301450,0.307765,0.309928,0.312178,0.313263,0.315357,0.315594,0.319358,0.319388,0.323841,0.325530,0.325533,0.325605,0.326389,0.329367,0.332718,
0.000087,0.223174,0.236079,0.236507,0.236598,0.239491,0.240563,0.241716,0.242282,0.243544,0.244320,0.244352,0.245851,0.246031,0.247215,0.254610,0.270205,0.271812,0.271834,0.278360,0.284563,0.293398,0.296154,0.299224,0.301447,0.308788,0.314340,0.315351,0.315365,0.321236,0.322190,0.322616,0.323192,0.323852,0.325528,0.325603,0.326323,0.331428,0.332080,0.332718,
0.222901,0.235628,0.235715,0.235744,0.236525,0.237478,0.237890,0.243005,0.243618,0.255193,0.255491,0.256899,0.258645,0.261814,0.262660,0.262681,0.271859,0.275101,0.280498,0.286051,0.289090,0.290478,0.297732,0.311065,0.312195,0.318391,0.318462,0.320340,0.321215,0.322989,0.323036,0.324695,0.324703,0.327923,0.329355,0.331429,0.332088,0.332713,0.332720,0.334784,
0.000159,0.222800,0.235745,0.236556,0.239395,0.239408,0.244930,0.247271,0.247272,0.248798,0.250789,0.250807,0.250933,0.251937,0.253860,0.256855,0.260215,0.261854,0.263498,0.266980,0.284555,0.286074,0.289137,0.293398,0.305207,0.307974,0.311973,0.312168,0.320284,0.321204,0.321279,0.322222,0.324703,0.324712,0.327118,0.327145,0.329376,0.329904,0.331425,0.331477,
0.000066,0.002050,0.235609,0.235731,0.235821,0.235985,0.236225,0.236318,0.237360,0.241697,0.247563,0.261700,0.262567,0.262792,0.271850,0.276728,0.281305,0.286068,0.290511,0.296145,0.298840,0.300172,0.300266,0.302715,0.306402,0.307619,0.312204,0.313276,0.314152,0.315382,0.321228,0.322117,0.323838,0.323920,0.328636,0.328849,0.330255,0.331425,0.331435,0.332131,
0.235832,0.237476,0.240484,0.242545,0.245831,0.250367,0.250960,0.251965,0.252269,0.253621,0.256170,0.257225,0.258233,0.261382,0.261797,0.265195,0.268564,0.273508,0.276764,0.278372,0.281467,0.281488,0.287602,0.291938,0.293453,0.301451,0.303979,0.307677,0.308272,0.309927,0.312154,0.315424,0.316408,0.324822,0.325524,0.327130,0.327895,0.331441,0.332080,0.332273,
0.000067,0.235631,0.235668,0.235689,0.235740,0.236774,0.240424,0.240473,0.241650,0.243384,0.244960,0.248788,0.250329,0.250785,0.250875,0.256061,0.258514,0.260201,0.263509,0.270214,0.271852,0.271876,0.279891,0.287561,0.291939,0.298849,0.306401,0.308810,0.309958,0.312175,0.314786,0.316499,0.318372,0.318548,0.320288,0.323860,0.323932,0.327921,0.330571,0.332072,
0.235505,0.235639,0.235690,0.236507,0.237497,0.239346,0.239366,0.239374,0.242348,0.244939,0.245797,0.245797,0.247525,0.248740,0.253505,0.253524,0.255227,0.260215,0.261238,0.263696,0.265230,0.271878,0.276729,0.276865,0.278329,0.293425,0.296704,0.298860,0.305209,0.305245,0.307595,0.311123,0.317423,0.318381,0.319362,0.322989,0.326315,0.327907,0.328075,0.332081,
0.235792,0.235798,0.235924,0.236160,0.236813,0.237491,0.238692,0.238748,0.240237,0.240459,0.241803,0.244407,0.245849,0.258555,0.260174,0.260196,0.261849,0.263584,0.263647,0.265169,0.265213,0.265227,0.266877,0.270261,0.300148,0.301489,0.303985,0.303987,0.305295,0.309930,0.311040,0.311069,0.314316,0.314360,0.320304,0.322133,0.327162,0.328739,0.330077,0.332083,
0.000435,0.222913,0.222999,0.235736,0.236534,0.238679,0.238748,0.239389,0.241679,0.244326,0.247261,0.248805,0.250712,0.252008,0.265182,0.265217,0.266873,0.286088,0.287577,0.289054,0.290533,0.291917,0.293374,0.294778,0.297519,0.301564,0.302702,0.302718,0.307628,0.308906,0.309918,0.312183,0.314333,0.321321,0.323920,0.324760,0.328620,0.330862,0.331560,0.332082,
0.235929,0.236173,0.236410,0.236725,0.236752,0.236972,0.237467,0.238667,0.240449,0.243027,0.251035,0.252002,0.254272,0.256409,0.260178,0.261803,0.266880,0.281521,0.283015,0.286062,0.286065,0.287555,0.287647,0.290505,0.290508,0.294887,0.294976,0.297528,0.302744,0.306435,0.308825,0.314337,0.317385,0.317424,0.323874,0.324700,0.325530,0.327890,0.332082,0.332721,
0.222907,0.238332,0.238781,0.240460,0.240470,0.242980,0.244321,0.247259,0.247642,0.250794,0.255164,0.255199,0.260122,0.261857,0.268760,0.270231,0.271825,0.276727,0.278300,0.284604,0.305198,0.305222,0.309960,0.312253,0.312384,0.319363,0.323127,0.325535,0.325599,0.326336,0.327886,0.328632,0.330084,0.330137,0.330756,0.330764,0.332089,0.332095,0.332716,0.332730,
0.000330,0.223235,0.236138,0.236852,0.237431,0.237471,0.238655,0.242963,0.244748,0.250902,0.254439,0.256020,0.260731,0.262056,0.268541,0.270194,0.279888,0.279930,0.283036,0.284577,0.288992,0.294784,0.294798,0.296130,0.298829,0.302713,0.304013,0.305219,0.306417,0.310122,0.315389,0.321214,0.322101,0.325534,0.327888,0.329362,0.329413,0.329421,0.331427,0.332715,
0.235633,0.235815,0.235863,0.235976,0.236212,0.238521,0.241680,0.243029,0.244745,0.246126,0.250364,0.254400,0.261820,0.262353,0.268535,0.273473,0.273644,0.276732,0.289053,0.296976,0.301847,0.303998,0.305276,0.308795,0.308815,0.309939,0.311059,0.313258,0.316416,0.317638,0.318387,0.318447,0.319331,0.320286,0.320328,0.324706,0.328052,0.329359,0.331332,0.332715,
0.235550,0.235616,0.235797,0.237520,0.240380,0.241714,0.241719,0.242254,0.244607,0.245771,0.247618,0.255239,0.255684,0.255882,0.257897,0.258505,0.260203,0.260218,0.263518,0.265193,0.271961,0.289045,0.290532,0.294780,0.297504,0.308799,0.311064,0.314313,0.315392,0.318376,0.322993,0.324103,0.324308,0.324785,0.326325,0.327122,0.329352,0.329433,0.331454,0.332714,
0.223301,0.236718,0.239318,0.239420,0.240237,0.241706,0.241761,0.242098,0.242941,0.248802,0.250856,0.254630,0.255546,0.260294,0.270180,0.270196,0.276700,0.278283,0.287530,0.289050,0.291915,0.293389,0.294741,0.296199,0.297497,0.301697,0.302717,0.302728,0.306470,0.307622,0.314513,0.315367,0.316400,0.317425,0.321727,0.322095,0.326354,0.327898,0.331579,0.332718,
0.222488,0.235728,0.236085,0.236181,0.236567,0.236640,0.237504,0.238713,0.244394,0.256863,0.261225,0.261878,0.262672,0.270206,0.271844,0.273574,0.279912,0.284548,0.284550,0.287602,0.290480,0.297496,0.297519,0.298827,0.300142,0.300148,0.301435,0.301447,0.304201,0.311078,0.312224,0.315367,0.315374,0.316434,0.318386,0.319334,0.319382,0.323033,0.330790,0.332715,
0.223091,0.235966,0.236126,0.240242,0.240244,0.240467,0.247739,0.248794,0.251098,0.256856,0.260853,0.261807,0.261825,0.261912,0.263624,0.265187,0.270188,0.275123,0.276716,0.281488,0.284658,0.286057,0.289086,0.291952,0.296150,0.306430,0.313238,0.314329,0.315404,0.316471,0.320294,0.324740,0.327187,0.327280,0.328762,0.330762,0.331430,0.331432,0.331441,0.332719,
0.000066,0.237366,0.239373,0.240509,0.241696,0.242594,0.242971,0.243124,0.250999,0.251025,0.251979,0.253589,0.255177,0.255895,0.256912,0.258509,0.260316,0.261734,0.261861,0.263572,0.271875,0.275116,0.276719,0.281458,0.284587,0.293567,0.301448,0.302740,0.314312,0.316379,0.317414,0.318387,0.320285,0.322115,0.323022,0.326503,0.327117,0.329379,0.332715,0.332803,
