0.000000,0.000000,0.000000,0.000000,0.000000,0.000000,0.000000,0.000000,0.000000,0.000000,0.000000,0.000000,0.000000,0.000000,0.000000,0.000000,0.000000,0.000000,0.000000,0.000000,0.000000,0.000000,0.000000,0.000000,0.000000,0.000000,0.000000,0.000000,0.000000,0.000000,0.000000,0.000000,0.000000,0.000000,0.000000,0.000000,0.000000,0.000000,0.000000,0.000000,
0.000000,0.000000,0.236539,0.237790,0.238442,0.239360,0.240451,0.242815,0.243076,0.246932,0.249938,0.251301,0.251462,0.251537,0.253115,0.254830,0.255933,0.256428,0.258128,0.258386,0.259724,0.261730,0.278045,0.278135,0.281335,0.282825,0.289074,0.293490,0.294897,0.304463,0.308094,0.317365,0.319414,0.321578,0.326151,0.328259,0.329063,0.330555,0.332404,0.334175,
0.235561,0.235588,0.235590,0.235698,0.235773,0.238398,0.240359,0.240460,0.240535,0.243042,0.245825,0.248765,0.250799,0.251934,0.255212,0.258156,0.260595,0.261678,0.270227,0.275117,0.278325,0.278333,0.279902,0.279914,0.287638,0.288142,0.289070,0.291968,0.294765,0.300615,0.302723,0.305402,0.306445,0.306617,0.314322,0.321292,0.326350,0.328925,0.330758,0.330765,
0.235658,0.235741,0.236149,0.236370,0.237325,0.237381,0.240249,0.241696,0.242414,0.244357,0.245748,0.245842,0.254610,0.257510,0.258526,0.260887,0.261913,0.273460,0.273469,0.281486,0.281486,0.283046,0.284598,0.289057,0.289120,0.297583,0.300420,0.301445,0.301465,0.305668,0.311048,0.318388,0.320280,0.322115,0.322195,0.325523,0.327157,0.327899,0.330754,0.332240,
0.222819,0.235551,0.235582,0.235703,0.236425,0.236433,0.238309,0.240331,0.240679,0.241693,0.244366,0.248736,0.250311,0.255684,0.255821,0.256836,0.257832,0.258050,0.260157,0.260174,0.260203,0.261630,0.261863,0.278300,0.286084,0.293581,0.294883,0.298946,0.302795,0.303163,0.313273,0.316392,0.318380,0.322100,0.323877,0.324700,0.325519,0.330141,0.331081,0.332081,
0.235954,0.238545,0.238714,0.240362,0.240440,0.243628,0.243709,0.244348,0.244678,0.245802,0.248161,0.253557,0.255228,0.255276,0.258018,0.258567,0.261185,0.263596,0.265456,0.268508,0.268555,0.270241,0.276705,0.276709,0.276721,0.283563,0.284560,0.289068,0.302780,0.313714,0.315353,0.316395,0.325832,0.329470,0.329496,0.330114,0.331466,0.332081,0.332613,0.332721,
0.235725,0.236808,0.237531,0.239750,0.242269,0.242958,0.242989,0.243001,0.244400,0.248767,0.251090,0.255739,0.258166,0.258642,0.260157,0.260962,0.261198,0.261562,0.262809,0.271857,0.272424,0.273467,0.283098,0.287609,0.289023,0.291947,0.302735,0.310061,0.316396,0.317373,0.322304,0.322997,0.323082,0.323265,0.323864,0.324727,0.324729,0.328960,0.330784,0.332715,
0.001174,0.235698,0.236117,0.236138,0.237455,0.241722,0.242299,0.242489,0.244673,0.250379,0.253869,0.254367,0.254429,0.258682,0.260965,0.261503,0.268575,0.273465,0.275419,0.281506,0.287533,0.293374,0.298862,0.300155,0.300161,0.302719,0.303973,0.304015,0.304226,0.305236,0.308801,0.311591,0.316427,0.317379,0.322989,0.327113,0.327181,0.329404,0.331223,0.332718,
0.000085,0.235770,0.236581,0.237531,0.240298,0.241717,0.241719,0.243003,0.243337,0.243581,0.244372,0.248784,0.251083,0.251930,0.251989,0.261656,0.261902,0.265192,0.265213,0.265327,0.271993,0.273809,0.279976,0.293404,0.302736,0.305212,0.306962,0.308811,0.312647,0.313263,0.314326,0.315388,0.318395,0.318532,0.319337,0.323871,0.327138,0.329600,0.330788,0.332717,
0.223213,0.235664,0.235792,0.236814,0.237373,0.238587,0.241712,0.242281,0.242728,0.243104,0.243483,0.244347,0.247772,0.247885,0.250338,0.250397,0.251031,0.254587,0.255187,0.260175,0.261860,0.263512,0.263517,0.263518,0.265168,0.266869,0.269152,0.271837,0.278312,0.278928,0.302746,0.303960,0.308146,0.311081,0.316401,0.320292,0.321237,0.330767,0.332103,0.332718,
0.001968,0.236686,0.237573,0.247602,0.247618,0.250369,0.250391,0.253623,0.260916,0.260932,0.263723,0.265222,0.265227,0.266917,0.275136,0.275164,0.276743,0.278272,0.278387,0.284561,0.293379,0.293380,0.297526,0.302733,0.304099,0.304167,0.306452,0.307621,0.311195,0.313254,0.314328,0.314447,0.315479,0.315617,0.317400,0.318382,0.320353,0.323017,0.323197,0.332712,
0.235585,0.236419,0.237648,0.242370,0.245796,0.247286,0.255732,0.257107,0.260507,0.260950,0.261791,0.262804,0.263537,0.263566,0.273626,0.275126,0.279903,0.281466,0.291960,0.293543,0.296194,0.298864,0.302709,0.305221,0.308794,0.311060,0.316465,0.317406,0.318379,0.318402,0.319337,0.323006,0.326320,0.327126,0.328628,0.328628,0.328629,0.329374,0.331441,0.332717,
0.235523,0.235598,0.236803,0.239363,0.242267,0.243637,0.244364,0.244950,0.245773,0.247218,0.248748,0.250354,0.255189,0.255885,0.257168,0.258630,0.260181,0.260198,0.262214,0.266884,0.272194,0.273477,0.276718,0.278314,0.279908,0.288078,0.290511,0.301416,0.308782,0.309940,0.314334,0.319346,0.321198,0.323000,0.323013,0.327102,0.327166,0.330112,0.332715,0.332741,
0.000067,0.222949,0.223101,0.235797,0.235929,0.236731,0.236740,0.239422,0.240494,0.241774,0.242990,0.243310,0.243758,0.244409,0.245765,0.251978,0.253553,0.255514,0.255999,0.256846,0.256976,0.258541,0.266911,0.268546,0.271833,0.276794,0.285177,0.288118,0.294787,0.297539,0.307611,0.315426,0.319356,0.324240,0.325554,0.330068,0.330069,0.330804,0.332716,0.332729,
0.236146,0.236419,0.236505,0.236765,0.237213,0.238797,0.240484,0.242277,0.243591,0.244355,0.245794,0.247668,0.248105,0.254713,0.255204,0.258499,0.260160,0.261974,0.273550,0.274023,0.275150,0.275168,0.283073,0.284551,0.287606,0.289075,0.293360,0.293381,0.297467,0.297502,0.302314,0.302681,0.327044,0.327138,0.327879,0.327908,0.327923,0.328054,0.331458,0.332715,
0.000067,0.000153,0.223090,0.235516,0.235629,0.237289,0.237595,0.239478,0.242355,0.243743,0.245791,0.250881,0.255843,0.256837,0.261629,0.263520,0.270361,0.275149,0.276837,0.281466,0.283024,0.286040,0.286100,0.296202,0.297899,0.303974,0.303996,0.305323,0.309944,0.313331,0.317383,0.318433,0.318460,0.321034,0.323142,0.324117,0.325522,0.332715,0.332728,0.332729,
0.235471,0.235770,0.235809,0.236206,0.236545,0.236640,0.236806,0.237407,0.237424,0.238700,0.240317,0.243072,0.247268,0.255150,0.256857,0.256910,0.261906,0.263139,0.273443,0.283018,0.284555,0.286056,0.286072,0.288097,0.290484,0.296150,0.297887,0.300152,0.302355,0.304012,0.307631,0.310142,0.315342,0.320050,0.320279,0.321241,0.323053,0.325535,0.330061,0.332716,
0.235700,0.235879,0.236736,0.236800,0.237455,0.238379,0.238608,0.238630,0.239417,0.242332,0.242426,0.245756,0.251979,0.254465,0.255251,0.261845,0.265157,0.268587,0.270174,0.281463,0.284550,0.293381,0.294748,0.296260,0.297497,0.300161,0.301423,0.313342,0.314328,0.316428,0.317423,0.318468,0.319334,0.324776,0.326338,0.326421,0.327150,0.330770,0.332091,0.332714,
0.222697,0.236615,0.238543,0.238658,0.239312,0.240295,0.243043,0.245777,0.251940,0.256834,0.257925,0.258214,0.258546,0.261649,0.266864,0.268787,0.279919,0.281426,0.290651,0.297559,0.304009,0.305231,0.307619,0.307725,0.309977,0.314410,0.315341,0.315359,0.321213,0.321281,0.322100,0.322978,0.325579,0.326320,0.326345,0.326355,0.327894,0.328624,0.330076,0.332717,
0.000076,0.235522,0.238346,0.238407,0.238569,0.243586,0.243724,0.244351,0.247311,0.250571,0.251940,0.257093,0.260161,0.266883,0.275097,0.284547,0.284957,0.287572,0.289063,0.290507,0.293361,0.294760,0.297648,0.298491,0.302748,0.306443,0.313257,0.315348,0.318489,0.319342,0.320321,0.321208,0.322133,0.325528,0.326332,0.327884,0.332081,0.332081,0.332133,0.332712,
0.000094,0.235767,0.236547,0.236669,0.236715,0.238358,0.238550,0.240506,0.244396,0.250297,0.250399,0.251040,0.255693,0.256170,0.263532,0.267487,0.268540,0.271855,0.271863,0.271872,0.291989,0.294759,0.296141,0.298150,0.307656,0.309959,0.311079,0.312367,0.313257,0.317404,0.319336,0.319342,0.320269,0.323870,0.324703,0.328188,0.330071,0.332717,0.332726,0.332731,
0.235588,0.235679,0.235738,0.237384,0.237440,0.237540,0.241718,0.241731,0.243001,0.245028,0.247836,0.250379,0.250786,0.258217,0.260244,0.261309,0.261379,0.262321,0.262620,0.267055,0.272323,0.273554,0.279897,0.281509,0.281995,0.283018,0.286158,0.293336,0.296129,0.306478,0.307613,0.308771,0.308772,0.317398,0.327133,0.327884,0.328624,0.332087,0.332365,0.332714,
0.000232,0.222976,0.235613,0.236110,0.240245,0.242134,0.244597,0.245909,0.248926,0.250915,0.258498,0.261887,0.266973,0.270183,0.275075,0.276845,0.278373,0.286483,0.294767,0.294951,0.300161,0.301482,0.302728,0.309109,0.309923,0.309994,0.312186,0.312204,0.315336,0.316425,0.319340,0.322193,0.323004,0.325072,0.326337,0.327576,0.328649,0.329368,0.332096,0.332714,
0.235746,0.239391,0.239408,0.240311,0.242362,0.243363,0.243399,0.244739,0.251089,0.254604,0.255474,0.262406,0.263525,0.276748,0.286049,0.290526,0.296124,0.298831,0.300152,0.306425,0.308873,0.312174,0.314453,0.316402,0.321205,0.322125,0.322990,0.322991,0.326319,0.327140,0.328629,0.328828,0.328830,0.329374,0.330932,0.331425,0.331445,0.332718,0.332719,0.332725,
0.000433,0.002080,0.235612,0.236210,0.239360,0.242968,0.243330,0.243506,0.244520,0.244567,0.247374,0.250524,0.253531,0.253589,0.254570,0.255681,0.262752,0.263525,0.270155,0.275113,0.283026,0.284683,0.292102,0.296123,0.302717,0.308776,0.308831,0.311064,0.312179,0.316392,0.318357,0.319113,0.323005,0.323842,0.323850,0.331136,0.331430,0.332093,0.332169,0.332716,
0.235960,0.236508,0.236776,0.236828,0.238338,0.238718,0.242240,0.242509,0.242763,0.248775,0.250918,0.255814,0.257674,0.265176,0.267494,0.268509,0.270201,0.271880,0.271921,0.280241,0.281452,0.283047,0.283703,0.287569,0.287583,0.287585,0.289026,0.290508,0.294771,0.297521,0.300366,0.301445,0.301468,0.301515,0.306429,0.316404,0.319353,0.324745,0.327876,0.332714,
0.235697,0.236156,0.238757,0.240364,0.240422,0.241708,0.241742,0.243254,0.247356,0.250779,0.263527,0.263543,0.266855,0.275106,0.275121,0.276671,0.276726,0.281472,0.281473,0.283052,0.284680,0.286071,0.289161,0.289541,0.290487,0.292007,0.296145,0.297548,0.300193,0.307679,0.308838,0.311312,0.316561,0.321208,0.325638,0.326348,0.327138,0.328626,0.329366,0.332718,
0.000447,0.235473,0.235844,0.236483,0.240530,0.241769,0.244692,0.247258,0.248747,0.248947,0.251277,0.257800,0.258521,0.261787,0.266875,0.271855,0.273477,0.276716,0.276718,0.278373,0.278451,0.290519,0.290527,0.290604,0.291955,0.291970,0.293345,0.296127,0.297508,0.300175,0.302717,0.306405,0.319365,0.321206,0.321216,0.326320,0.329361,0.329364,0.332713,0.332741,
0.222700,0.235692,0.237569,0.238538,0.238560,0.239488,0.239592,0.240326,0.242081,0.242992,0.244850,0.250375,0.251943,0.255160,0.255760,0.256880,0.257727,0.260920,0.261266,0.261836,0.266521,0.270170,0.270217,0.289040,0.298834,0.300157,0.302713,0.305202,0.305221,0.305225,0.307702,0.317414,0.321387,0.325621,0.327881,0.328645,0.330066,0.331475,0.332719,0.332720,
0.236167,0.236417,0.236530,0.236844,0.242950,0.247780,0.251924,0.260314,0.260777,0.260918,0.266887,0.273498,0.281481,0.283051,0.283167,0.283480,0.290509,0.291938,0.292052,0.294753,0.294772,0.301488,0.306417,0.309954,0.309960,0.311092,0.314338,0.315382,0.316457,0.317392,0.318347,0.319359,0.323851,0.325581,0.326346,0.330346,0.330819,0.331488,0.332716,0.332717,
0.235606,0.235797,0.236154,0.236713,0.237484,0.239352,0.240444,0.243293,0.245765,0.248797,0.257904,0.261511,0.263502,0.263508,0.265158,0.271843,0.275103,0.276736,0.279922,0.281476,0.291935,0.305221,0.305302,0.307615,0.311070,0.314323,0.316396,0.317380,0.318388,0.319364,0.320596,0.320605,0.323863,0.323884,0.327122,0.328624,0.329372,0.330069,0.330837,0.332716,
0.235555,0.235667,0.235958,0.236144,0.236734,0.244375,0.244380,0.244885,0.250840,0.251071,0.257982,0.263540,0.266852,0.270231,0.271865,0.278281,0.283081,0.287821,0.297502,0.298941,0.301434,0.301450,0.302168,0.306492,0.307613,0.309912,0.311468,0.312162,0.314307,0.314337,0.315378,0.319374,0.323858,0.325546,0.327116,0.327871,0.327921,0.330763,0.331505,0.332720,
0.223071,0.235530,0.235767,0.236653,0.236828,0.240464,0.240519,0.245755,0.247922,0.248826,0.250334,0.250486,0.251233,0.254660,0.261865,0.268802,0.270151,0.275147,0.276924,0.281465,0.281496,0.290493,0.291963,0.301498,0.303991,0.306509,0.311104,0.313273,0.315370,0.316383,0.317436,0.318394,0.324694,0.328799,0.329390,0.330086,0.330765,0.331526,0.332718,0.332722,
0.235566,0.235597,0.237486,0.238644,0.238675,0.240589,0.242972,0.243429,0.244389,0.244726,0.244804,0.247694,0.248831,0.250830,0.253545,0.253593,0.258559,0.261507,0.263521,0.263549,0.271824,0.272055,0.278320,0.279962,0.287647,0.289059,0.291923,0.294769,0.298848,0.307340,0.309963,0.316391,0.316413,0.317403,0.318446,0.321225,0.321236,0.322173,0.330796,0.332715,
0.235832,0.235852,0.236526,0.236777,0.237580,0.238660,0.238681,0.239424,0.240276,0.240345,0.240426,0.240461,0.242397,0.251975,0.254252,0.258650,0.260214,0.261439,0.261861,0.266874,0.267035,0.276740,0.276744,0.278943,0.281506,0.284534,0.289066,0.305212,0.318386,0.318398,0.319340,0.320296,0.323015,0.324694,0.326331,0.326336,0.328009,0.328626,0.328654,0.332720,
0.235838,0.236166,0.236367,0.239372,0.239376,0.239429,0.241733,0.244685,0.247318,0.247703,0.248830,0.250442,0.251017,0.254132,0.256830,0.261535,0.262318,0.271937,0.271965,0.276715,0.280038,0.290627,0.291986,0.296160,0.298828,0.302726,0.302741,0.302776,0.306425,0.307619,0.311079,0.311096,0.316531,0.318369,0.319352,0.326483,0.327871,0.330083,0.332711,0.332735,
0.236152,0.236215,0.236656,0.239348,0.241729,0.242362,0.247260,0.250335,0.250872,0.251933,0.252095,0.254315,0.258035,0.262011,0.265205,0.266865,0.270177,0.278349,0.281660,0.286074,0.287588,0.296125,0.296208,0.297513,0.298849,0.304052,0.305238,0.308783,0.308831,0.310200,0.317439,0.321208,0.321214,0.324782,0.326333,0.329357,0.329372,0.330934,0.332097,0.332720,
0.001320,0.001797,0.222981,0.223235,0.235641,0.236004,0.236482,0.236676,0.238864,0.241700,0.242457,0.242966,0.247495,0.254330,0.255802,0.256846,0.256848,0.257522,0.261059,0.261792,0.261837,0.270183,0.275121,0.275279,0.279887,0.281444,0.281469,0.287548,0.289185,0.293409,0.308789,0.309928,0.314430,0.321219,0.328619,0.329644,0.330058,0.332717,0.332729,0.332732,
0.000270,0.222839,0.235529,0.235712,0.239365,0.241682,0.241715,0.247250,0.247270,0.248816,0.255224,0.255632,0.260939,0.261651,0.262157,0.268160,0.268549,0.271824,0.275265,0.281356,0.283126,0.289164,0.290529,0.294764,0.305302,0.305414,0.311049,0.312167,0.313380,0.313845,0.315417,0.319426,0.328196,0.328643,0.330098,0.331422,0.331448,0.332136,0.332713,0.332983,
0.236126,0.236244,0.236404,0.237217,0.238436,0.241664,0.242042,0.242303,0.243387,0.244308,0.251905,0.253539,0.257740,0.258560,0.260167,0.260185,0.261288,0.261857,0.263552,0.263554,0.271889,0.273478,0.276728,0.278320,0.278326,0.279923,0.284527,0.290551,0.291981,0.296146,0.298391,0.298808,0.302730,0.306404,0.311078,0.327885,0.330529,0.332083,0.332127,0.332715,
0.000148,0.235699,0.236716,0.237365,0.237453,0.238409,0.238597,0.246367,0.247244,0.249004,0.255716,0.256852,0.260213,0.260225,0.260853,0.262383,0.263040,0.263597,0.268518,0.268912,0.273529,0.278322,0.284555,0.294789,0.296171,0.298840,0.302725,0.302737,0.304027,0.307610,0.309944,0.312156,0.312186,0.314489,0.315375,0.318490,0.323048,0.329481,0.330120,0.332716,
0.235959,0.236026,0.236496,0.237573,0.238282,0.238407,0.244337,0.244368,0.250337,0.255175,0.255215,0.255772,0.258019,0.258098,0.263536,0.266907,0.271847,0.278075,0.284560,0.284561,0.284568,0.287593,0.298819,0.303103,0.305237,0.309932,0.313254,0.314341,0.315418,0.320295,0.321293,0.322119,0.325022,0.327248,0.327947,0.330079,0.331325,0.332089,0.332453,0.332715,
0.235567,0.235683,0.236766,0.237354,0.240927,0.241737,0.243382,0.248747,0.251928,0.251977,0.252214,0.253591,0.261371,0.261738,0.263516,0.263571,0.268559,0.276777,0.293354,0.297486,0.301443,0.302743,0.302771,0.303990,0.306496,0.307607,0.307651,0.309950,0.313253,0.315366,0.315450,0.320561,0.322983,0.328623,0.330064,0.330077,0.330174,0.330760,0.332136,0.332717,
0.235828,0.235842,0.237487,0.237491,0.239464,0.240432,0.240444,0.240526,0.241740,0.242322,0.242428,0.242996,0.247241,0.247915,0.255839,0.256833,0.256840,0.261000,0.262540,0.268531,0.270217,0.273477,0.273481,0.279920,0.290490,0.296175,0.300214,0.305223,0.307625,0.309930,0.312213,0.313262,0.317409,0.318493,0.319423,0.326795,0.327019,0.330068,0.332086,0.332719,
0.000071,0.238627,0.238747,0.239424,0.239456,0.243403,0.244368,0.244661,0.247257,0.247497,0.255553,0.256828,0.257946,0.260177,0.262798,0.263544,0.265194,0.271836,0.276838,0.278292,0.281523,0.284571,0.289027,0.290570,0.297499,0.299371,0.300159,0.301465,0.301495,0.308787,0.314357,0.321387,0.323972,0.325529,0.326343,0.327873,0.328669,0.332093,0.332718,0.332723,
0.008264,0.235526,0.236767,0.236785,0.238622,0.239376,0.240455,0.242958,0.243313,0.248798,0.251938,0.260155,0.261871,0.270203,0.270232,0.275092,0.276725,0.292024,0.292300,0.294741,0.294796,0.297529,0.300254,0.300299,0.301451,0.305213,0.305244,0.306407,0.310231,0.313256,0.316389,0.316418,0.317418,0.317420,0.321219,0.323861,0.327141,0.331558,0.332100,0.332720,
0.235769,0.235829,0.236638,0.236743,0.237269,0.237364,0.238352,0.242977,0.243253,0.244766,0.247265,0.250340,0.257444,0.260778,0.260788,0.270189,0.278302,0.278345,0.279904,0.281453,0.287610,0.293343,0.293417,0.300176,0.301495,0.317392,0.322105,0.322105,0.322130,0.322990,0.323007,0.323848,0.324696,0.326333,0.327882,0.328625,0.330130,0.331435,0.332717,0.332731,
0.223141,0.235947,0.236677,0.237484,0.238867,0.241712,0.241730,0.242475,0.244335,0.247269,0.250354,0.251911,0.251991,0.253546,0.256871,0.261270,0.262641,0.262876,0.263517,0.265795,0.266901,0.278306,0.278333,0.279977,0.287558,0.287560,0.289028,0.298855,0.298917,0.299162,0.301547,0.302724,0.303995,0.316379,0.318367,0.322991,0.323859,0.327130,0.332717,0.332792,
0.222997,0.235586,0.236755,0.238595,0.242295,0.242432,0.244315,0.248739,0.251050,0.251975,0.253539,0.254458,0.255178,0.255207,0.256904,0.257703,0.261824,0.261831,0.261899,0.263541,0.266874,0.268619,0.270478,0.289076,0.294807,0.296158,0.297513,0.300227,0.303096,0.303983,0.305218,0.308775,0.308828,0.311056,0.315391,0.316390,0.319348,0.325515,0.332125,0.332716,
0.000102,0.223173,0.235815,0.235864,0.236124,0.238557,0.240455,0.242976,0.243028,0.243162,0.244806,0.248796,0.250312,0.250380,0.254532,0.255290,0.255678,0.255934,0.258503,0.260425,0.260970,0.262817,0.262845,0.265246,0.270134,0.287617,0.289036,0.290505,0.291940,0.306449,0.307618,0.309936,0.311065,0.313285,0.317392,0.317409,0.317424,0.317426,0.322974,0.332716,
0.235516,0.235519,0.236032,0.236770,0.237236,0.238376,0.238415,0.239462,0.240497,0.241741,0.241742,0.251921,0.254219,0.258172,0.260745,0.261950,0.266914,0.268571,0.273537,0.275101,0.290485,0.293350,0.293859,0.295342,0.296184,0.301439,0.303970,0.305204,0.306109,0.309116,0.318384,0.319346,0.321299,0.323001,0.327173,0.328270,0.329027,0.332139,0.332335,0.332719,
0.235632,0.235920,0.238353,0.238678,0.238742,0.242535,0.244373,0.248801,0.251944,0.263550,0.265619,0.266994,0.268565,0.271861,0.271883,0.273473,0.275144,0.283089,0.286092,0.287591,0.291951,0.297481,0.298810,0.300175,0.300206,0.301500,0.305262,0.306447,0.316399,0.320594,0.324092,0.324151,0.325581,0.326346,0.327215,0.330775,0.331443,0.331504,0.332717,0.332733,
0.235612,0.235803,0.236246,0.236808,0.237433,0.244703,0.247203,0.251914,0.251970,0.253609,0.256822,0.260153,0.261089,0.261533,0.265317,0.266832,0.275114,0.279905,0.281469,0.283010,0.289035,0.301594,0.305272,0.306464,0.309928,0.316386,0.317379,0.317432,0.318364,0.318379,0.319343,0.323870,0.323876,0.326349,0.327879,0.328723,0.329362,0.329390,0.331437,0.332714,
0.000067,0.235507,0.235664,0.236592,0.236702,0.238578,0.239376,0.243023,0.243584,0.248803,0.248808,0.256879,0.256888,0.258525,0.261300,0.266860,0.268528,0.271824,0.273486,0.275116,0.278292,0.278314,0.283018,0.284587,0.296164,0.296187,0.297575,0.302722,0.305205,0.310006,0.311055,0.311082,0.312189,0.314500,0.315797,0.316447,0.323875,0.324727,0.330078,0.332715,
0.235774,0.235902,0.236810,0.237496,0.238370,0.238428,0.238672,0.240179,0.240479,0.242101,0.242216,0.244763,0.244864,0.245792,0.247288,0.250507,0.250864,0.254527,0.257894,0.261190,0.261844,0.266869,0.268540,0.276720,0.291929,0.294795,0.297511,0.302722,0.303111,0.304375,0.313250,0.314328,0.321273,0.323904,0.325510,0.328649,0.330082,0.332109,0.332716,0.332721,
0.004589,0.235954,0.236731,0.237451,0.238695,0.243713,0.244816,0.245783,0.245785,0.247294,0.247300,0.252045,0.254719,0.256894,0.258500,0.260161,0.260449,0.262040,0.270273,0.271845,0.273463,0.279991,0.286145,0.297505,0.297553,0.302749,0.305205,0.305223,0.311044,0.313239,0.313265,0.321189,0.322163,0.322365,0.323023,0.327926,0.329511,0.331893,0.332714,0.332735,
0.237511,0.238613,0.240551,0.244295,0.244859,0.251454,0.255783,0.256812,0.258083,0.258115,0.258685,0.262760,0.263601,0.268579,0.270227,0.275094,0.276727,0.278321,0.278326,0.282987,0.286060,0.289050,0.290539,0.291950,0.298837,0.298839,0.299063,0.305298,0.306412,0.311139,0.317399,0.317412,0.319376,0.320309,0.322999,0.324711,0.327155,0.327159,0.332713,0.332767,
0.223031,0.235877,0.238619,0.241697,0.242191,0.243304,0.244350,0.244770,0.250712,0.250956,0.251040,0.254281,0.254460,0.255609,0.255687,0.260155,0.260196,0.266918,0.270231,0.271831,0.275079,0.275124,0.284565,0.287574,0.291971,0.294734,0.303968,0.306398,0.306428,0.309970,0.314357,0.315381,0.317463,0.319352,0.320337,0.325808,0.326335,0.330087,0.331709,0.332718,
0.235511,0.235846,0.236632,0.236766,0.236956,0.237380,0.238730,0.239126,0.241697,0.243124,0.247249,0.248796,0.253587,0.254369,0.255841,0.258255,0.265229,0.275114,0.278359,0.279916,0.281487,0.281499,0.284551,0.294787,0.302741,0.307871,0.308144,0.309926,0.310125,0.314318,0.315564,0.320280,0.326878,0.327118,0.329358,0.329405,0.330246,0.330770,0.332436,0.332717,
0.000125,0.223109,0.237555,0.238636,0.241720,0.241740,0.245804,0.254254,0.254555,0.257963,0.260178,0.261970,0.265179,0.265244,0.275113,0.281485,0.286097,0.289118,0.290533,0.291039,0.292020,0.305241,0.307615,0.307666,0.311313,0.312184,0.316393,0.317394,0.318385,0.325520,0.325548,0.326452,0.326575,0.327120,0.328628,0.330087,0.331437,0.331444,0.332717,0.332725,
0.222769,0.222919,0.236420,0.237055,0.238435,0.238769,0.244407,0.244747,0.245774,0.248797,0.250342,0.250343,0.255920,0.258529,0.260142,0.261662,0.261828,0.263534,0.265193,0.266872,0.266891,0.270205,0.271826,0.276701,0.284538,0.287568,0.287773,0.290496,0.293370,0.298859,0.299036,0.300159,0.303996,0.305197,0.317413,0.324705,0.324709,0.327894,0.332716,0.332995,
0.235474,0.235485,0.236151,0.238400,0.240257,0.240520,0.241783,0.242453,0.245807,0.247644,0.247739,0.248804,0.251258,0.253536,0.254460,0.255969,0.257278,0.260168,0.261032,0.267719,0.268557,0.276790,0.290516,0.290520,0.290523,0.296165,0.297486,0.298862,0.305189,0.312163,0.315392,0.321206,0.321333,0.324314,0.327146,0.327882,0.328662,0.331443,0.331547,0.332714,
0.222896,0.235595,0.235859,0.236734,0.237624,0.240508,0.240524,0.254521,0.254565,0.258544,0.263517,0.266866,0.266867,0.276719,0.279902,0.283627,0.289264,0.291966,0.297491,0.300124,0.300162,0.305338,0.307617,0.307631,0.308800,0.311068,0.318394,0.318547,0.319327,0.319528,0.319557,0.323858,0.324692,0.326436,0.328652,0.330772,0.330808,0.332092,0.332716,0.332744,
0.222876,0.235970,0.237398,0.237434,0.237508,0.240557,0.241712,0.242270,0.242359,0.247248,0.256875,0.261824,0.262815,0.271810,0.271873,0.273484,0.279906,0.279909,0.281450,0.283239,0.287550,0.289017,0.290499,0.291931,0.291960,0.293603,0.303974,0.304048,0.306422,0.316410,0.316414,0.316482,0.318404,0.319402,0.320389,0.324710,0.328628,0.328629,0.332718,0.332752,
0.000300,0.236461,0.236729,0.240351,0.240538,0.241702,0.242318,0.243570,0.244354,0.255238,0.255546,0.257909,0.260187,0.260225,0.261554,0.261859,0.265191,0.266930,0.268569,0.279914,0.279998,0.286080,0.289072,0.290471,0.296156,0.297069,0.297485,0.298867,0.301506,0.303986,0.312308,0.316406,0.317381,0.318449,0.326348,0.326354,0.327112,0.329386,0.330858,0.332715,
0.000071,0.222786,0.237478,0.237501,0.237526,0.237936,0.238348,0.238619,0.242448,0.244937,0.247596,0.251011,0.253566,0.254661,0.255166,0.255211,0.255595,0.256805,0.256850,0.262271,0.278350,0.279910,0.290548,0.290771,0.294744,0.296795,0.297505,0.298851,0.302749,0.305241,0.308192,0.309946,0.311057,0.311081,0.314333,0.315408,0.324851,0.325539,0.327122,0.332714,
0.236072,0.240454,0.243694,0.247388,0.254572,0.263015,0.263508,0.266936,0.266971,0.270178,0.273531,0.283032,0.284538,0.284658,0.289082,0.294744,0.294889,0.295276,0.296161,0.305550,0.308780,0.308795,0.308838,0.309019,0.309940,0.311058,0.311077,0.311080,0.313316,0.316284,0.317402,0.320270,0.320318,0.320460,0.321207,0.322113,0.329413,0.332713,0.332725,0.334951,
0.223070,0.235563,0.236186,0.237436,0.238666,0.239367,0.239426,0.243640,0.247703,0.247749,0.247842,0.253544,0.254529,0.260201,0.262772,0.268570,0.278319,0.279926,0.280253,0.289048,0.290524,0.297495,0.297495,0.300130,0.301455,0.303962,0.313886,0.315437,0.316398,0.316404,0.317425,0.322108,0.323222,0.324692,0.326339,0.327119,0.330069,0.330777,0.331428,0.331436,
0.000176,0.235605,0.236049,0.236556,0.239030,0.239354,0.241653,0.243519,0.244786,0.245025,0.250877,0.251044,0.251070,0.255358,0.261864,0.262510,0.266900,0.279895,0.283052,0.284558,0.295099,0.300330,0.301466,0.301475,0.302754,0.305220,0.312190,0.312237,0.314589,0.317367,0.320287,0.320301,0.321398,0.323845,0.323892,0.324686,0.327241,0.330138,0.331427,0.332092,
0.235672,0.237459,0.238430,0.240195,0.240476,0.241763,0.245800,0.247373,0.251079,0.251224,0.254681,0.258505,0.258515,0.258549,0.260223,0.261731,0.261875,0.262093,0.262576,0.278321,0.278347,0.283209,0.283251,0.286074,0.290646,0.296173,0.300163,0.300189,0.302725,0.307078,0.311061,0.315350,0.315419,0.316392,0.319406,0.325565,0.326392,0.329359,0.329416,0.332083,
0.235651,0.235692,0.240487,0.240667,0.241633,0.242217,0.242351,0.243862,0.244342,0.247306,0.250499,0.250956,0.253547,0.254495,0.260616,0.261863,0.261867,0.265176,0.266850,0.271843,0.273478,0.275580,0.287573,0.289071,0.291985,0.294782,0.297494,0.300147,0.300171,0.301442,0.305229,0.311410,0.317516,0.318408,0.321263,0.323021,0.327116,0.327865,0.329372,0.332082,
0.004824,0.223176,0.235746,0.235931,0.236776,0.237441,0.238441,0.238597,0.238674,0.240457,0.252498,0.253615,0.256851,0.265492,0.266868,0.276699,0.276747,0.283000,0.289019,0.294767,0.300157,0.301420,0.301448,0.301455,0.301462,0.303977,0.307605,0.314350,0.315374,0.316396,0.318399,0.319370,0.322116,0.323847,0.325545,0.326420,0.328852,0.329355,0.331489,0.332081,
0.000104,0.237465,0.239331,0.239399,0.242326,0.242384,0.244901,0.247307,0.251936,0.251949,0.253485,0.255166,0.255208,0.256844,0.256870,0.258514,0.260172,0.263507,0.273471,0.273578,0.291917,0.300275,0.300565,0.301034,0.301445,0.303978,0.308831,0.316385,0.317422,0.317426,0.320272,0.320290,0.320420,0.323005,0.326320,0.326326,0.327883,0.330071,0.330149,0.332077,
0.223057,0.235833,0.236117,0.236143,0.236152,0.236713,0.236827,0.243092,0.244735,0.245765,0.245849,0.251910,0.251932,0.254756,0.255273,0.255808,0.257524,0.258504,0.260184,0.261425,0.262515,0.263535,0.265199,0.273580,0.275111,0.275216,0.276720,0.276731,0.279679,0.279934,0.301468,0.302712,0.303995,0.309935,0.321216,0.322130,0.324714,0.331473,0.332078,0.332756,
0.223007,0.235814,0.236168,0.236823,0.238397,0.243466,0.244842,0.247586,0.248796,0.257997,0.258522,0.260215,0.261190,0.261668,0.265229,0.268810,0.270174,0.273768,0.275105,0.279917,0.281544,0.289270,0.297506,0.301441,0.303976,0.304051,0.305219,0.306585,0.311106,0.315412,0.316464,0.319338,0.321206,0.322675,0.323062,0.325541,0.325884,0.328646,0.329615,0.332715,
0.235458,0.235616,0.235746,0.236749,0.236809,0.236823,0.237012,0.240488,0.242491,0.243607,0.255209,0.255925,0.255955,0.256835,0.258486,0.260129,0.268503,0.270880,0.276714,0.287560,0.289061,0.290537,0.291958,0.298824,0.300145,0.304255,0.315361,0.315362,0.315370,0.318404,0.318543,0.319364,0.323848,0.324892,0.329095,0.330080,0.331438,0.332712,0.332732,0.332766,
0.235650,0.235693,0.235870,0.235940,0.236122,0.237170,0.238653,0.241768,0.244944,0.247251,0.254212,0.260121,0.260657,0.265182,0.265212,0.266895,0.271845,0.273501,0.283022,0.283033,0.284711,0.294847,0.297519,0.298808,0.301438,0.305199,0.307601,0.308853,0.316908,0.322980,0.323050,0.323855,0.323867,0.328659,0.330055,0.330064,0.330829,0.331449,0.331452,0.332715,
0.235994,0.236591,0.237616,0.240306,0.241702,0.242310,0.242479,0.242982,0.248785,0.250313,0.250889,0.253656,0.260763,0.261136,0.263502,0.265190,0.265201,0.265208,0.270214,0.270264,0.271814,0.278428,0.283099,0.286084,0.300138,0.300242,0.303997,0.305224,0.307644,0.312158,0.312182,0.312184,0.316390,0.319331,0.322999,0.324755,0.329352,0.329691,0.330135,0.332716,
0.235705,0.237454,0.238318,0.240282,0.243839,0.244477,0.244902,0.245751,0.250790,0.254486,0.258502,0.262770,0.263535,0.268655,0.278304,0.279912,0.281623,0.286077,0.289017,0.290499,0.296450,0.297504,0.301616,0.303979,0.304073,0.309922,0.311091,0.316492,0.318401,0.321212,0.322213,0.323854,0.324731,0.325514,0.326353,0.327112,0.329352,0.330084,0.330092,0.332718,
0.235739,0.235889,0.236136,0.236282,0.236701,0.237474,0.238358,0.239365,0.240356,0.240478,0.240550,0.242301,0.242371,0.243012,0.243664,0.250777,0.255212,0.255224,0.261273,0.261853,0.279931,0.283017,0.283044,0.283139,0.284570,0.287553,0.289048,0.289318,0.297486,0.297495,0.315072,0.317391,0.322114,0.322985,0.325063,0.326331,0.329354,0.331442,0.332084,0.332717,
0.238598,0.239963,0.240542,0.244373,0.247744,0.247825,0.248763,0.248975,0.250370,0.251093,0.255228,0.256852,0.261293,0.261779,0.265210,0.266876,0.268607,0.275142,0.297646,0.300229,0.303987,0.305224,0.305354,0.307655,0.308793,0.312316,0.313306,0.314313,0.316532,0.317454,0.320311,0.323856,0.323859,0.325657,0.327980,0.330061,0.330062,0.331445,0.332540,0.332714,
0.235529,0.235662,0.235669,0.235886,0.236447,0.243623,0.244829,0.244974,0.245858,0.250321,0.250948,0.251963,0.254459,0.260138,0.261247,0.261821,0.263521,0.267022,0.268512,0.268554,0.271797,0.275098,0.278307,0.281455,0.281885,0.291940,0.297960,0.298822,0.307680,0.311082,0.312170,0.315379,0.316380,0.321255,0.323866,0.324740,0.325728,0.326461,0.329352,0.332717,
0.235593,0.235740,0.235897,0.236299,0.238344,0.238355,0.238891,0.240457,0.240484,0.242519,0.244366,0.245935,0.247290,0.247447,0.250307,0.250415,0.262526,0.262821,0.266884,0.268568,0.278293,0.279910,0.284570,0.289033,0.297476,0.301465,0.301630,0.302691,0.306438,0.311083,0.313279,0.315367,0.315391,0.318418,0.324538,0.327880,0.328628,0.329373,0.332714,0.332720,
0.001066,0.235664,0.235982,0.236481,0.243006,0.243852,0.243873,0.244852,0.245782,0.248882,0.253842,0.254223,0.254254,0.254346,0.255723,0.255928,0.257753,0.262672,0.266878,0.281457,0.284566,0.284656,0.286433,0.287577,0.287615,0.291941,0.297467,0.301462,0.303970,0.307697,0.307767,0.311089,0.320284,0.321251,0.323007,0.323854,0.326332,0.331519,0.332163,0.332717,
0.235494,0.235539,0.235901,0.236200,0.236594,0.238844,0.243622,0.243646,0.245745,0.245800,0.251665,0.260179,0.260826,0.260961,0.263548,0.265227,0.275080,0.275655,0.278570,0.284581,0.297726,0.298003,0.298839,0.299233,0.307634,0.312175,0.312840,0.314336,0.314357,0.315361,0.317401,0.319372,0.320281,0.321226,0.323111,0.324693,0.324782,0.324874,0.327114,0.332715,
0.008361,0.235575,0.235618,0.238419,0.238665,0.238747,0.240288,0.241691,0.243578,0.244281,0.244398,0.244835,0.244996,0.247170,0.247286,0.251937,0.255570,0.260144,0.266867,0.272118,0.275120,0.275297,0.283036,0.284554,0.287575,0.287632,0.287638,0.293475,0.294764,0.307612,0.313274,0.313328,0.313925,0.318408,0.322121,0.323874,0.326417,0.327119,0.327880,0.332715,
0.000175,0.000307,0.237444,0.237598,0.240501,0.242283,0.242360,0.248820,0.260214,0.261851,0.261871,0.263580,0.265283,0.268563,0.273479,0.275106,0.275157,0.276722,0.278348,0.279897,0.281464,0.283041,0.286061,0.287548,0.287579,0.298857,0.302747,0.302747,0.307632,0.307715,0.308775,0.309927,0.311618,0.314351,0.316442,0.318368,0.323901,0.327984,0.329524,0.332718,
0.222679,0.236502,0.238634,0.239398,0.242292,0.242301,0.244361,0.244844,0.244869,0.245703,0.245790,0.247308,0.250378,0.258527,0.260158,0.263508,0.266845,0.276726,0.276753,0.279892,0.281456,0.281464,0.283018,0.284435,0.287549,0.289051,0.293380,0.294786,0.301464,0.302760,0.312308,0.314326,0.316400,0.316404,0.317400,0.318399,0.321197,0.322107,0.332716,0.333905,
0.235623,0.235954,0.236553,0.238690,0.239378,0.242246,0.243729,0.245189,0.248773,0.250327,0.254185,0.254390,0.255183,0.255211,0.257802,0.260926,0.261233,0.261837,0.263517,0.268528,0.287552,0.287568,0.298840,0.303997,0.305262,0.306408,0.306419,0.306474,0.308950,0.311065,0.313305,0.315388,0.317399,0.317424,0.322266,0.324711,0.325532,0.325546,0.327113,0.330756,
0.000074,0.223046,0.235731,0.235948,0.236469,0.237539,0.240294,0.241749,0.244317,0.247267,0.247857,0.248777,0.248863,0.250861,0.251959,0.254266,0.255199,0.255221,0.256078,0.258564,0.260387,0.261685,0.263730,0.267281,0.273523,0.278981,0.289020,0.298825,0.301533,0.302723,0.303970,0.306549,0.315372,0.315386,0.317413,0.318389,0.319351,0.321214,0.329544,0.330762,
0.000940,0.235549,0.235559,0.235614,0.236404,0.239057,0.240263,0.241720,0.244400,0.244607,0.245768,0.251018,0.251053,0.261439,0.261504,0.270251,0.284787,0.286079,0.286226,0.291900,0.293360,0.297518,0.298859,0.299284,0.302769,0.308993,0.309914,0.311199,0.314309,0.316547,0.317407,0.318388,0.319584,0.321209,0.324804,0.328674,0.329163,0.330119,0.330758,0.332748,
0.235648,0.235900,0.237436,0.241705,0.241778,0.242997,0.243517,0.245067,0.245949,0.250440,0.253555,0.253961,0.256787,0.256877,0.260160,0.265219,0.266850,0.273447,0.275264,0.283039,0.283123,0.289152,0.291923,0.297491,0.302716,0.302757,0.307655,0.308779,0.317409,0.317438,0.318388,0.320664,0.322129,0.322549,0.326330,0.327112,0.329365,0.330886,0.332717,0.332724,
0.235621,0.235676,0.236058,0.236444,0.236565,0.236627,0.237460,0.244378,0.248801,0.250984,0.253567,0.255211,0.255836,0.260830,0.265211,0.268510,0.273456,0.279914,0.283032,0.287576,0.289120,0.294828,0.298989,0.301450,0.305279,0.308914,0.309936,0.313252,0.314347,0.320311,0.321196,0.323047,0.325531,0.326327,0.330053,0.331434,0.332109,0.332116,0.332719,0.332737,
0.000128,0.000141,0.235484,0.235574,0.238394,0.240387,0.241710,0.241846,0.243236,0.243689,0.244870,0.247289,0.250393,0.253515,0.260810,0.261863,0.270195,0.276702,0.276702,0.276720,0.278325,0.278328,0.279938,0.283037,0.289153,0.295079,0.298840,0.304006,0.306433,0.313770,0.317392,0.320310,0.323017,0.324817,0.325652,0.327114,0.327893,0.328667,0.328729,0.332715,
0.235558,0.235565,0.235619,0.235630,0.235630,0.236097,0.236707,0.237546,0.244408,0.245808,0.245857,0.247290,0.250922,0.250972,0.251012,0.251954,0.253565,0.254210,0.254428,0.254578,0.257796,0.258066,0.261537,0.271876,0.271959,0.278298,0.286028,0.286071,0.293366,0.293490,0.303988,0.312233,0.313251,0.313259,0.321275,0.322130,0.326330,0.328198,0.329404,0.332718,
0.223180,0.235579,0.236748,0.237437,0.238589,0.240256,0.240495,0.243854,0.244399,0.244716,0.245804,0.248787,0.251049,0.254100,0.254361,0.255160,0.255874,0.258535,0.261717,0.262505,0.265202,0.270425,0.282997,0.289056,0.290534,0.294794,0.296351,0.305263,0.306424,0.311313,0.312179,0.313277,0.316413,0.319327,0.322223,0.328125,0.330346,0.331442,0.331881,0.332715,
0.009240,0.236017,0.236045,0.237484,0.239415,0.241652,0.241695,0.242391,0.251942,0.255190,0.261232,0.261696,0.263554,0.265199,0.272038,0.273549,0.281439,0.283007,0.286100,0.289120,0.289236,0.290493,0.293408,0.300176,0.310148,0.315538,0.316402,0.318381,0.318785,0.320024,0.324697,0.325657,0.326466,0.327164,0.330541,0.330894,0.331432,0.331447,0.332719,0.332723,
0.222864,0.235712,0.235716,0.235820,0.236621,0.237465,0.238770,0.240580,0.241665,0.243374,0.243476,0.244707,0.246147,0.247865,0.250327,0.256852,0.258111,0.258520,0.261341,0.263161,0.268820,0.275108,0.276724,0.281471,0.287586,0.291976,0.297543,0.300153,0.302701,0.303964,0.309925,0.317388,0.318368,0.319352,0.323879,0.324758,0.326357,0.332112,0.332209,0.332715,
0.235592,0.235656,0.236536,0.237446,0.238407,0.238722,0.242277,0.244285,0.245829,0.247273,0.250319,0.250337,0.251955,0.253527,0.256842,0.258559,0.260161,0.260186,0.276712,0.276740,0.278959,0.284638,0.290540,0.293395,0.294751,0.298845,0.309223,0.311941,0.312185,0.313254,0.314352,0.317412,0.318385,0.318476,0.320273,0.324835,0.327285,0.331444,0.331534,0.332713,
0.000067,0.223215,0.236467,0.236574,0.237494,0.238427,0.239375,0.240243,0.243708,0.244966,0.245820,0.247280,0.253585,0.255164,0.258511,0.258538,0.266886,0.268541,0.270207,0.273504,0.287571,0.289031,0.290622,0.302700,0.306410,0.307621,0.307632,0.308790,0.308791,0.316497,0.317432,0.318394,0.321227,0.321265,0.322107,0.326346,0.329364,0.329387,0.332134,0.332714,
