0.000000,0.000000,0.000000,0.000000,0.000000,0.000000,0.000000,0.000000,0.000000,0.000000,0.000000,0.000000,0.000000,0.000000,0.000000,0.000000,0.000000,0.000000,0.000000,0.000000,0.000000,0.000000,0.000000,0.000000,0.000000,0.000000,0.000000,0.000000,0.000000,0.000000,0.000000,0.000000,0.000000,0.000000,0.000000,0.000000,0.000000,0.000000,0.000000,0.000000,
0.000000,0.000000,0.223049,0.236556,0.236825,0.238289,0.239499,0.255801,0.258111,0.259694,0.259734,0.261576,0.266430,0.271560,0.278089,0.279685,0.281295,0.281325,0.282856,0.282898,0.289090,0.292013,0.294915,0.300469,0.300540,0.304551,0.306940,0.308215,0.310653,0.312826,0.314327,0.316346,0.319486,0.320607,0.324488,0.325437,0.331711,0.332519,0.332953,0.334680,
0.235954,0.237477,0.237492,0.237507,0.239319,0.242499,0.243005,0.244932,0.250941,0.255856,0.268543,0.271578,0.271809,0.273508,0.276720,0.278717,0.283016,0.289032,0.291940,0.293343,0.293352,0.297509,0.300165,0.305744,0.308783,0.308806,0.313256,0.313268,0.314346,0.316395,0.317421,0.318449,0.319348,0.322239,0.324412,0.324704,0.326325,0.327911,0.331424,0.332735,
0.000218,0.001122,0.007295,0.235551,0.235682,0.241674,0.244425,0.250335,0.251952,0.253728,0.256845,0.261400,0.261817,0.262005,0.262900,0.263521,0.263551,0.265210,0.268576,0.279909,0.281473,0.286140,0.289030,0.291950,0.293386,0.297496,0.302729,0.302818,0.306421,0.308788,0.309930,0.314385,0.314387,0.318374,0.318390,0.323841,0.323871,0.329359,0.331430,0.332718,
0.235531,0.235584,0.235810,0.235845,0.235939,0.236732,0.236831,0.237414,0.239435,0.240277,0.242454,0.244328,0.248473,0.248813,0.253602,0.254508,0.258442,0.261695,0.263526,0.266892,0.271871,0.279863,0.283394,0.287552,0.289068,0.290479,0.293352,0.296139,0.301692,0.315393,0.315403,0.318379,0.318384,0.318391,0.322109,0.322163,0.326359,0.329350,0.329377,0.332714,
0.223155,0.235717,0.235753,0.236076,0.236519,0.237474,0.237493,0.238392,0.238807,0.239459,0.247223,0.254306,0.254359,0.255161,0.255852,0.261374,0.265304,0.267017,0.268539,0.270617,0.275083,0.284581,0.290515,0.294800,0.298942,0.303987,0.306447,0.307609,0.307663,0.311061,0.316392,0.322170,0.323844,0.323860,0.324737,0.327871,0.327885,0.330794,0.332095,0.332716,
0.237422,0.237580,0.242319,0.243020,0.244430,0.245795,0.245841,0.246544,0.250766,0.253532,0.254742,0.257052,0.257863,0.260139,0.260293,0.261630,0.262386,0.262548,0.263512,0.265285,0.268526,0.268627,0.288144,0.289034,0.293335,0.300145,0.303154,0.305218,0.305303,0.311056,0.311059,0.314292,0.315378,0.316400,0.316404,0.320296,0.323852,0.328639,0.329364,0.332716,
0.235502,0.235844,0.237359,0.239311,0.239410,0.240521,0.242289,0.242335,0.243396,0.244709,0.255200,0.262807,0.268558,0.271863,0.272204,0.273483,0.279897,0.279908,0.287576,0.289036,0.296139,0.298843,0.300152,0.303991,0.309196,0.309943,0.311063,0.317605,0.320283,0.321229,0.324721,0.325536,0.327379,0.327889,0.329517,0.330111,0.330303,0.331435,0.331502,0.332715,
0.223115,0.235614,0.238388,0.238526,0.241653,0.242433,0.247295,0.247686,0.248829,0.255169,0.255672,0.257734,0.258506,0.259101,0.261193,0.261659,0.265207,0.265209,0.268545,0.279914,0.284561,0.287581,0.287608,0.294767,0.309923,0.312202,0.313307,0.320279,0.322973,0.325565,0.325626,0.327120,0.329352,0.330085,0.330224,0.330759,0.332103,0.332150,0.332717,0.332717,
0.000123,0.236686,0.243105,0.243416,0.244345,0.245763,0.245839,0.251110,0.251955,0.255663,0.258639,0.262662,0.263534,0.263543,0.266894,0.275093,0.275561,0.278585,0.279910,0.281506,0.287593,0.290494,0.296135,0.296138,0.301436,0.306440,0.306445,0.306541,0.307623,0.308778,0.308790,0.317389,0.320287,0.323875,0.325522,0.327114,0.327122,0.329150,0.331434,0.332718,
0.000278,0.238415,0.238799,0.240473,0.240500,0.242442,0.243640,0.244376,0.255774,0.258520,0.260201,0.261409,0.262338,0.266877,0.276709,0.279891,0.280598,0.281486,0.282998,0.283014,0.283022,0.284548,0.284571,0.287544,0.291962,0.294749,0.294824,0.296122,0.307998,0.309476,0.309921,0.312186,0.316378,0.317405,0.318371,0.325520,0.330070,0.330979,0.332719,0.332749,
0.223008,0.223071,0.235671,0.235702,0.238763,0.240433,0.245059,0.247285,0.254404,0.261539,0.262440,0.263040,0.267476,0.273488,0.278326,0.290493,0.291919,0.291937,0.293339,0.293372,0.297478,0.298840,0.302773,0.303967,0.304001,0.305207,0.312180,0.316391,0.318380,0.319490,0.320295,0.321209,0.323008,0.324696,0.324722,0.327126,0.330771,0.331465,0.332089,0.332717,
0.236778,0.239143,0.243565,0.244357,0.246207,0.247303,0.251067,0.251908,0.255744,0.258092,0.260194,0.260693,0.261878,0.265240,0.266851,0.268556,0.268587,0.268623,0.271861,0.273479,0.275234,0.287580,0.289058,0.291928,0.295561,0.301474,0.302713,0.305241,0.309936,0.311299,0.316380,0.318420,0.321289,0.322109,0.322997,0.329359,0.329363,0.331438,0.332718,0.332747,
0.001019,0.235811,0.236778,0.237304,0.237486,0.240134,0.240501,0.242090,0.242284,0.244337,0.251104,0.253590,0.257952,0.258520,0.261869,0.262835,0.265206,0.265498,0.268539,0.271880,0.278295,0.281445,0.287656,0.296156,0.297611,0.300801,0.301473,0.302705,0.303990,0.306403,0.306457,0.309935,0.311332,0.316388,0.319329,0.322998,0.329368,0.330759,0.332108,0.332716,
0.237348,0.244674,0.245849,0.247256,0.247737,0.251937,0.254582,0.255248,0.256044,0.256800,0.257873,0.260652,0.262699,0.263190,0.263699,0.266886,0.266920,0.276702,0.278305,0.278324,0.283025,0.283046,0.289021,0.301438,0.307750,0.310215,0.311064,0.311440,0.312182,0.312218,0.319445,0.320275,0.321227,0.323001,0.323877,0.328628,0.329412,0.330149,0.331442,0.332720,
0.222984,0.240547,0.242347,0.244344,0.244538,0.245686,0.248791,0.248814,0.248835,0.253557,0.255569,0.258529,0.260170,0.260867,0.261706,0.268550,0.283053,0.283118,0.286064,0.287726,0.290508,0.291958,0.301434,0.305228,0.310258,0.312176,0.318573,0.319336,0.320516,0.321578,0.322996,0.327131,0.327651,0.328646,0.329366,0.329628,0.331427,0.332094,0.332130,0.332716,
0.235625,0.235856,0.240402,0.240495,0.242188,0.244362,0.248013,0.248812,0.251953,0.255173,0.256829,0.260176,0.270199,0.271823,0.275112,0.276721,0.278342,0.278826,0.281479,0.286093,0.286097,0.287585,0.290547,0.291925,0.292361,0.297475,0.298833,0.304146,0.309909,0.309946,0.311079,0.312158,0.316400,0.317408,0.319347,0.319350,0.328623,0.329363,0.332715,0.332719,
0.000224,0.235553,0.236108,0.240249,0.240515,0.242370,0.243642,0.244924,0.247349,0.248762,0.251959,0.256897,0.257856,0.258473,0.258539,0.262956,0.265216,0.266868,0.266879,0.270211,0.273524,0.276765,0.282999,0.283026,0.287567,0.289110,0.297500,0.307638,0.311049,0.312189,0.319365,0.320310,0.322129,0.324012,0.325524,0.327117,0.327125,0.329377,0.329391,0.332715,
0.235959,0.236167,0.239332,0.240594,0.241754,0.244327,0.244685,0.248823,0.251016,0.251915,0.253526,0.253609,0.255301,0.260961,0.261838,0.263510,0.266856,0.270189,0.270211,0.270217,0.275140,0.275315,0.281468,0.282129,0.289038,0.290513,0.291955,0.294771,0.310081,0.311069,0.311110,0.312174,0.314465,0.317387,0.317437,0.321189,0.323876,0.326419,0.332717,0.337260,
0.235515,0.235697,0.235805,0.236565,0.237363,0.237402,0.239368,0.241699,0.242984,0.245795,0.250398,0.253516,0.254413,0.255880,0.255886,0.256914,0.257878,0.258523,0.261780,0.268525,0.276705,0.276748,0.280105,0.290507,0.294772,0.296125,0.303035,0.304016,0.306419,0.307611,0.309997,0.318387,0.320339,0.322107,0.322156,0.325539,0.332715,0.332723,0.332732,0.332865,
0.000142,0.005287,0.239289,0.239373,0.240233,0.240453,0.245770,0.247312,0.250366,0.250541,0.251942,0.251951,0.251997,0.254307,0.261816,0.262750,0.263518,0.263530,0.263538,0.263575,0.289032,0.297465,0.301494,0.305302,0.311598,0.313240,0.313272,0.314297,0.319319,0.319361,0.321227,0.321255,0.321273,0.323851,0.327143,0.328628,0.329404,0.330079,0.331305,0.332713,
0.001159,0.222786,0.235704,0.236833,0.238682,0.238816,0.240478,0.240559,0.241715,0.242951,0.247257,0.247280,0.250722,0.254402,0.260623,0.261474,0.261523,0.266864,0.269881,0.275140,0.276717,0.276733,0.279914,0.281446,0.281599,0.283387,0.293393,0.296153,0.300164,0.303969,0.312195,0.315348,0.317392,0.318450,0.320292,0.323899,0.325527,0.330096,0.331688,0.332716,
0.235839,0.235868,0.235954,0.236170,0.237286,0.237311,0.238348,0.238628,0.239424,0.243755,0.251926,0.253531,0.253543,0.253830,0.255713,0.257800,0.258195,0.262353,0.262870,0.279133,0.284944,0.286102,0.287556,0.291926,0.298832,0.300385,0.301546,0.306425,0.313297,0.314332,0.318382,0.320305,0.323042,0.323896,0.328685,0.329575,0.331567,0.332087,0.332103,0.332715,
0.001574,0.222904,0.235607,0.235825,0.235836,0.235846,0.236272,0.236785,0.243529,0.244953,0.247808,0.251009,0.251933,0.254567,0.258495,0.258524,0.261538,0.263489,0.268569,0.278679,0.284575,0.289054,0.289149,0.289397,0.290536,0.290571,0.296135,0.297578,0.298836,0.313265,0.315496,0.320274,0.323858,0.324717,0.325809,0.327120,0.329351,0.329352,0.331548,0.332715,
0.223414,0.235439,0.235627,0.235756,0.237366,0.237455,0.242986,0.244362,0.245757,0.248814,0.248855,0.251979,0.255970,0.257016,0.260224,0.262573,0.263542,0.268604,0.270176,0.286323,0.287567,0.298906,0.299039,0.299302,0.302319,0.303983,0.305266,0.306432,0.311063,0.314327,0.315168,0.319363,0.320279,0.322992,0.323864,0.325523,0.325534,0.325547,0.331434,0.332718,
0.240391,0.240541,0.242366,0.242463,0.242972,0.244349,0.244660,0.244768,0.245809,0.247260,0.247974,0.248820,0.250372,0.250413,0.252640,0.253567,0.255166,0.255985,0.256827,0.260859,0.263538,0.265234,0.268539,0.268541,0.275105,0.282992,0.284592,0.287577,0.290504,0.291937,0.298842,0.302716,0.306415,0.308806,0.313254,0.316412,0.322120,0.322980,0.332091,0.332714,
0.223107,0.235609,0.235718,0.236422,0.236453,0.237333,0.239349,0.243022,0.244352,0.245773,0.245801,0.250865,0.250927,0.256861,0.256873,0.260168,0.262010,0.265190,0.279880,0.279941,0.281616,0.287577,0.290484,0.294794,0.301440,0.301447,0.301490,0.302931,0.308785,0.310086,0.312182,0.315383,0.316419,0.317442,0.321358,0.329518,0.330098,0.330813,0.332658,0.332714,
0.001026,0.222938,0.235967,0.236151,0.236433,0.236541,0.238530,0.239382,0.239420,0.242718,0.242991,0.244827,0.250325,0.251942,0.251950,0.254539,0.256871,0.261419,0.261735,0.268496,0.268539,0.273509,0.283036,0.286035,0.287584,0.287638,0.291942,0.304011,0.305209,0.307834,0.308800,0.315348,0.315364,0.317448,0.319445,0.320354,0.323901,0.324696,0.330179,0.332715,
0.001563,0.236199,0.236539,0.236611,0.236693,0.238717,0.242318,0.242959,0.247224,0.247519,0.248807,0.250993,0.251914,0.253685,0.256838,0.260112,0.263547,0.278188,0.281503,0.281546,0.284603,0.289054,0.289892,0.294766,0.296293,0.305270,0.306411,0.307624,0.307632,0.312176,0.313711,0.316400,0.322120,0.322999,0.324730,0.324939,0.327108,0.330071,0.331542,0.332719,
0.235608,0.235857,0.238398,0.239368,0.240221,0.240570,0.243337,0.247737,0.250904,0.251909,0.255188,0.255223,0.257859,0.257877,0.258025,0.262876,0.265213,0.266872,0.270261,0.275110,0.275124,0.276878,0.278301,0.279899,0.284636,0.287585,0.287589,0.289075,0.293398,0.294770,0.297486,0.305403,0.307647,0.309431,0.309966,0.316373,0.324706,0.325535,0.325550,0.332716,
0.236158,0.239312,0.240161,0.240368,0.240491,0.247242,0.247281,0.250307,0.252071,0.253601,0.254324,0.255236,0.255654,0.256817,0.256867,0.257937,0.265186,0.265210,0.267182,0.268570,0.278306,0.280166,0.287565,0.288222,0.289057,0.293521,0.301543,0.314400,0.317409,0.317457,0.317506,0.318362,0.322109,0.322991,0.327121,0.328630,0.330785,0.331448,0.332717,0.333005,
0.007420,0.235800,0.235803,0.236063,0.236729,0.240530,0.241658,0.242995,0.244353,0.244397,0.244457,0.247284,0.247306,0.247746,0.250322,0.251951,0.255155,0.256809,0.265190,0.266897,0.283039,0.284543,0.294765,0.297503,0.299077,0.308796,0.309958,0.312215,0.316422,0.316654,0.323023,0.323042,0.324391,0.324692,0.326339,0.326343,0.327150,0.330067,0.330109,0.332719,
0.222764,0.236172,0.236733,0.237245,0.238325,0.238407,0.240220,0.242243,0.242368,0.243006,0.244381,0.244407,0.244777,0.247235,0.248920,0.250356,0.250375,0.250771,0.255247,0.255910,0.258492,0.262900,0.270286,0.271815,0.279885,0.283043,0.302717,0.303983,0.307618,0.308799,0.314362,0.315409,0.317411,0.317414,0.318435,0.319408,0.320290,0.322986,0.326336,0.332720,
0.235500,0.235720,0.235742,0.237292,0.238596,0.247414,0.248815,0.251960,0.253570,0.254356,0.255314,0.260239,0.266918,0.266968,0.271854,0.276715,0.279892,0.286070,0.290583,0.290635,0.293487,0.298878,0.298881,0.298886,0.305235,0.305589,0.307609,0.307771,0.308803,0.313253,0.315442,0.319349,0.319525,0.322114,0.322988,0.323585,0.327892,0.330465,0.332085,0.332716,
0.236164,0.238348,0.238522,0.242348,0.250924,0.253565,0.254512,0.255158,0.267001,0.270195,0.273476,0.275102,0.275115,0.280060,0.281463,0.283040,0.286060,0.286063,0.287560,0.289050,0.290528,0.293400,0.297485,0.302714,0.306412,0.312387,0.313271,0.314317,0.314339,0.316377,0.316477,0.317414,0.320283,0.320306,0.322105,0.326322,0.330076,0.330784,0.332086,0.332718,
0.235610,0.235866,0.235900,0.236544,0.238723,0.240474,0.240476,0.243841,0.247579,0.251892,0.255793,0.256815,0.263522,0.266864,0.268538,0.271839,0.275097,0.275125,0.278323,0.281455,0.281475,0.282992,0.284589,0.286238,0.289147,0.293374,0.294951,0.297556,0.298840,0.302722,0.302978,0.305194,0.308787,0.311098,0.313245,0.314321,0.317396,0.318380,0.325522,0.332716,
0.000098,0.222901,0.235500,0.235784,0.237047,0.237345,0.237418,0.237568,0.240221,0.240284,0.242390,0.245812,0.250377,0.251971,0.257792,0.260154,0.260228,0.261429,0.262986,0.266895,0.270293,0.278345,0.279918,0.286078,0.292472,0.297493,0.300171,0.309928,0.313270,0.315363,0.316395,0.317408,0.321197,0.323004,0.323877,0.325517,0.325560,0.327125,0.332716,0.332734,
0.223129,0.235582,0.235687,0.237733,0.238752,0.240498,0.245033,0.247330,0.247599,0.248775,0.251954,0.263638,0.266864,0.268812,0.273516,0.275097,0.275130,0.276790,0.281487,0.283151,0.286067,0.286076,0.297498,0.300149,0.301441,0.308887,0.313257,0.317406,0.320318,0.321197,0.322106,0.324730,0.326350,0.326708,0.326787,0.330174,0.330761,0.331432,0.332716,0.332719,
0.000119,0.235824,0.236467,0.237462,0.239378,0.242387,0.243729,0.245730,0.247286,0.251934,0.251954,0.255644,0.258030,0.258534,0.260187,0.261863,0.261907,0.267664,0.281502,0.281552,0.284556,0.287747,0.293379,0.301453,0.303957,0.305213,0.305274,0.306442,0.314334,0.318371,0.321266,0.322127,0.323869,0.323870,0.325524,0.325538,0.325593,0.329360,0.330066,0.332716,
0.235567,0.235718,0.236949,0.237516,0.238382,0.240455,0.243046,0.244805,0.247235,0.248768,0.248815,0.251093,0.252011,0.252044,0.255688,0.256989,0.261836,0.266909,0.274784,0.275134,0.281478,0.283299,0.284555,0.294774,0.294800,0.300206,0.308826,0.311083,0.312174,0.312284,0.313241,0.316410,0.317937,0.321195,0.321228,0.323853,0.325534,0.325536,0.327876,0.332713,
0.000094,0.236716,0.237335,0.237388,0.240282,0.247307,0.248891,0.253525,0.255183,0.260590,0.263498,0.266949,0.275074,0.278334,0.281479,0.283027,0.284535,0.286066,0.287563,0.289060,0.290537,0.292000,0.293368,0.297711,0.298855,0.301449,0.305204,0.307641,0.311064,0.314330,0.315386,0.317451,0.319337,0.319373,0.321216,0.324699,0.327142,0.330812,0.332114,0.332716,
0.222959,0.235535,0.235551,0.235929,0.236597,0.237381,0.238347,0.240398,0.240418,0.240428,0.244407,0.248801,0.250700,0.251091,0.260869,0.261206,0.262852,0.266873,0.268556,0.276682,0.279902,0.284527,0.286083,0.290500,0.293395,0.298851,0.298857,0.306573,0.309926,0.309932,0.311049,0.313357,0.314314,0.315362,0.321206,0.322141,0.322217,0.325598,0.328641,0.332711,
0.235631,0.235822,0.235993,0.237521,0.242798,0.243795,0.251953,0.253589,0.255777,0.256862,0.257910,0.260204,0.261105,0.262534,0.266870,0.266898,0.266910,0.289027,0.291937,0.297601,0.300466,0.301515,0.301633,0.306462,0.308768,0.310248,0.313249,0.314310,0.316448,0.316742,0.322174,0.323000,0.323004,0.327941,0.328649,0.329365,0.331581,0.332100,0.332714,0.332948,
0.235590,0.237434,0.237475,0.238628,0.239383,0.240214,0.241706,0.241717,0.241800,0.243778,0.244880,0.244907,0.244973,0.250707,0.253541,0.253559,0.254319,0.254673,0.255491,0.255756,0.257878,0.257955,0.261485,0.265211,0.278318,0.284582,0.284658,0.294753,0.303285,0.305234,0.310211,0.315673,0.316369,0.318358,0.319353,0.323851,0.327132,0.331823,0.332081,0.332717,
0.222795,0.222926,0.223022,0.235782,0.237457,0.237615,0.238343,0.239849,0.240531,0.242176,0.245895,0.247570,0.247582,0.250381,0.254422,0.256845,0.257910,0.257949,0.262820,0.262859,0.268536,0.270723,0.271858,0.273485,0.283130,0.289081,0.290753,0.292090,0.293373,0.296140,0.298990,0.300374,0.305227,0.316392,0.317648,0.324710,0.329359,0.331429,0.331648,0.332717,
0.004032,0.235751,0.235860,0.238477,0.239425,0.240196,0.240369,0.240456,0.240578,0.241728,0.242404,0.247632,0.247652,0.255358,0.256930,0.258098,0.261849,0.265222,0.267642,0.279902,0.283040,0.283250,0.284914,0.289045,0.289190,0.290480,0.300196,0.301466,0.304033,0.305273,0.306144,0.306432,0.311063,0.315375,0.319340,0.322122,0.324740,0.330769,0.331124,0.332712,
0.222851,0.235847,0.236279,0.236497,0.236820,0.238524,0.238554,0.239515,0.240347,0.244434,0.248768,0.250979,0.254592,0.255199,0.257973,0.258568,0.262473,0.268569,0.287577,0.291923,0.293395,0.297498,0.297521,0.298842,0.301453,0.302739,0.302766,0.306412,0.308776,0.311199,0.313265,0.319357,0.321578,0.322116,0.324694,0.325536,0.327971,0.331446,0.332140,0.332717,
0.000067,0.000156,0.237397,0.238331,0.239448,0.240213,0.242262,0.242520,0.245950,0.246538,0.247313,0.247592,0.248802,0.250359,0.250392,0.250752,0.250972,0.253522,0.254216,0.256884,0.261014,0.261074,0.283017,0.284596,0.291940,0.297503,0.299225,0.313245,0.319348,0.321231,0.322116,0.323074,0.323856,0.324693,0.326331,0.330076,0.330834,0.331497,0.332717,0.332743,
0.000492,0.001424,0.235581,0.236373,0.239340,0.242357,0.242971,0.243083,0.244386,0.244859,0.244896,0.245515,0.247681,0.250316,0.251928,0.257895,0.260180,0.260194,0.260211,0.261384,0.262867,0.263164,0.265227,0.266885,0.266903,0.278444,0.287596,0.289135,0.290490,0.290539,0.293608,0.296146,0.300450,0.305211,0.308944,0.312168,0.317399,0.323839,0.326336,0.332716,
0.005869,0.235553,0.235799,0.236179,0.238321,0.239509,0.242071,0.243451,0.247264,0.250881,0.260192,0.260204,0.260210,0.261782,0.262279,0.262821,0.263523,0.270546,0.276687,0.278305,0.283057,0.284474,0.290502,0.291955,0.296171,0.300533,0.303957,0.305200,0.305243,0.305252,0.308798,0.315397,0.317417,0.317482,0.324699,0.325544,0.329409,0.332084,0.332245,0.332713,
0.000126,0.000324,0.223343,0.236567,0.236764,0.237509,0.240363,0.240495,0.242518,0.242961,0.244399,0.244734,0.244776,0.250415,0.250932,0.250972,0.255134,0.256007,0.258502,0.260240,0.261772,0.261875,0.265199,0.268542,0.281501,0.289057,0.295447,0.310008,0.316384,0.317596,0.320278,0.321211,0.322105,0.323036,0.323383,0.323859,0.326392,0.330139,0.331434,0.332715,
0.223154,0.235534,0.235661,0.235746,0.235848,0.237361,0.237443,0.238343,0.239355,0.241782,0.247298,0.247389,0.250347,0.254698,0.258504,0.258514,0.270623,0.273500,0.273520,0.274269,0.275252,0.278531,0.279907,0.281463,0.290500,0.298851,0.300158,0.306430,0.307628,0.313405,0.315435,0.315524,0.319383,0.320644,0.322998,0.323043,0.323852,0.329925,0.332715,0.332752,
0.002259,0.222951,0.222982,0.235652,0.236478,0.237429,0.240168,0.241760,0.243002,0.247273,0.247313,0.248792,0.254423,0.258239,0.258518,0.262556,0.263529,0.265223,0.276733,0.278336,0.278370,0.286085,0.297498,0.298844,0.298853,0.301465,0.306430,0.306672,0.309938,0.313282,0.314337,0.319378,0.320398,0.322113,0.323859,0.325620,0.326366,0.329374,0.331529,0.332717,
0.000067,0.222994,0.235663,0.235674,0.236748,0.237433,0.238392,0.238783,0.240269,0.242973,0.250513,0.250748,0.251905,0.255302,0.256807,0.266886,0.266892,0.268879,0.271874,0.278378,0.281473,0.283000,0.286102,0.289032,0.289064,0.306424,0.306474,0.307601,0.317661,0.318516,0.321224,0.322136,0.323002,0.328626,0.328644,0.329355,0.332324,0.332713,0.332776,0.333718,
0.222893,0.235894,0.236097,0.236240,0.237707,0.238632,0.239385,0.241657,0.241715,0.241735,0.242309,0.244712,0.244830,0.250322,0.255863,0.256849,0.258122,0.261888,0.266871,0.266882,0.275123,0.281472,0.281478,0.284670,0.293487,0.294762,0.301019,0.301492,0.302719,0.302745,0.306559,0.317410,0.317419,0.318454,0.323846,0.327107,0.327902,0.328846,0.329357,0.332716,
0.235590,0.235649,0.235888,0.236737,0.237454,0.240511,0.244310,0.246262,0.247396,0.250390,0.250896,0.251957,0.255283,0.260432,0.261887,0.263523,0.268528,0.279895,0.283185,0.284675,0.289038,0.293487,0.294737,0.297525,0.300166,0.300212,0.302749,0.308796,0.308833,0.309978,0.315386,0.316383,0.317404,0.320355,0.321207,0.321231,0.323060,0.324713,0.324861,0.332717,
0.235599,0.235788,0.236597,0.238332,0.240493,0.243261,0.250344,0.257772,0.261384,0.261505,0.262724,0.271850,0.279905,0.281488,0.282997,0.286074,0.287579,0.289108,0.290500,0.293398,0.296155,0.298868,0.300168,0.300221,0.302727,0.302728,0.314352,0.315434,0.317418,0.318412,0.322991,0.325628,0.328107,0.328624,0.328637,0.329368,0.330762,0.330783,0.331431,0.332717,
0.223194,0.236120,0.236158,0.237477,0.238359,0.238563,0.240528,0.244340,0.247234,0.247627,0.247684,0.251903,0.253590,0.254442,0.257865,0.259103,0.270569,0.271878,0.278316,0.278317,0.278364,0.286067,0.287543,0.290521,0.290522,0.294763,0.296190,0.306885,0.307608,0.311060,0.313252,0.314321,0.315392,0.322119,0.323861,0.329625,0.331431,0.331454,0.332714,0.333202,
0.000106,0.235993,0.236223,0.236773,0.237555,0.241659,0.242980,0.242986,0.244409,0.247280,0.247282,0.247700,0.253557,0.255894,0.257905,0.258511,0.266877,0.273528,0.275137,0.278424,0.281485,0.286297,0.291942,0.294936,0.300139,0.303963,0.304018,0.306413,0.309946,0.311048,0.319364,0.323004,0.323252,0.325568,0.325695,0.326343,0.330762,0.332122,0.332714,0.332717,
0.000681,0.235624,0.236110,0.238350,0.241664,0.243369,0.244834,0.247675,0.254558,0.254625,0.255239,0.258104,0.260163,0.261142,0.266885,0.268502,0.268550,0.268617,0.276747,0.290535,0.290764,0.294758,0.297575,0.298814,0.303956,0.313280,0.316405,0.317416,0.321197,0.324714,0.325578,0.325718,0.326323,0.326377,0.328620,0.329359,0.329394,0.330757,0.331436,0.332716,
0.000078,0.005832,0.235645,0.237374,0.242293,0.243508,0.244360,0.248800,0.258495,0.261609,0.261836,0.262120,0.265218,0.266857,0.270221,0.271868,0.284556,0.293372,0.294785,0.294795,0.298807,0.305283,0.308971,0.309442,0.315385,0.315393,0.316373,0.317392,0.319381,0.322116,0.322998,0.323861,0.324706,0.325809,0.326333,0.327108,0.327137,0.327181,0.332328,0.332715,
0.235741,0.235759,0.236479,0.236545,0.238040,0.240519,0.244362,0.244764,0.248810,0.251929,0.253132,0.253533,0.255205,0.256844,0.256889,0.258197,0.260161,0.261147,0.268576,0.271910,0.286059,0.287562,0.289042,0.290478,0.291906,0.296123,0.296169,0.302724,0.305266,0.306429,0.307594,0.307607,0.316410,0.318370,0.318429,0.322994,0.325554,0.330057,0.330755,0.332716,
0.235597,0.236131,0.236145,0.240250,0.240736,0.241677,0.242973,0.242977,0.242991,0.243259,0.243729,0.244319,0.244337,0.244923,0.247642,0.254412,0.257733,0.258154,0.260858,0.262698,0.262949,0.263818,0.265253,0.266899,0.266929,0.281454,0.281541,0.296143,0.303999,0.306427,0.311095,0.312183,0.324707,0.325528,0.330155,0.331436,0.332718,0.332718,0.332724,0.332758,
0.007580,0.240374,0.240459,0.241628,0.243151,0.243480,0.245825,0.247601,0.252207,0.255776,0.255818,0.258568,0.260156,0.261845,0.262486,0.266937,0.273461,0.275118,0.281502,0.284529,0.286086,0.289190,0.289404,0.298830,0.305212,0.309934,0.309953,0.314563,0.315351,0.319335,0.319348,0.321627,0.323875,0.327209,0.329405,0.330759,0.330812,0.331509,0.332718,0.332768,
0.000085,0.222903,0.235486,0.235750,0.237479,0.238333,0.238465,0.239535,0.240396,0.242431,0.243724,0.250793,0.253569,0.254369,0.269150,0.270200,0.270200,0.280079,0.287555,0.287574,0.289057,0.296116,0.297865,0.300153,0.300168,0.303976,0.308772,0.312192,0.315413,0.316412,0.317087,0.318371,0.319890,0.327126,0.327943,0.330062,0.330085,0.332084,0.332087,0.332716,
0.235622,0.235666,0.235770,0.236421,0.238420,0.239306,0.240165,0.240334,0.242363,0.243264,0.244145,0.247283,0.247286,0.247576,0.248781,0.252103,0.253728,0.262418,0.265228,0.273469,0.275220,0.284544,0.284559,0.284578,0.293373,0.296202,0.302726,0.306423,0.309943,0.311107,0.315380,0.316394,0.319342,0.320435,0.324767,0.326332,0.327883,0.331568,0.332100,0.332713,
0.000187,0.222991,0.235569,0.236152,0.236183,0.236696,0.242326,0.243061,0.244804,0.250935,0.253592,0.255235,0.256865,0.258485,0.261583,0.261834,0.266883,0.270232,0.278304,0.281458,0.284612,0.289049,0.293357,0.296205,0.298848,0.300164,0.301444,0.306565,0.307766,0.311725,0.317404,0.319420,0.322119,0.326367,0.327258,0.327873,0.329363,0.331519,0.332082,0.332715,
0.000133,0.238436,0.240380,0.243468,0.244397,0.250488,0.252058,0.255193,0.256857,0.256859,0.257707,0.257853,0.260164,0.261232,0.261877,0.262652,0.268596,0.268686,0.270174,0.272298,0.283012,0.286078,0.289063,0.293370,0.293379,0.296977,0.297538,0.309370,0.311127,0.312178,0.315390,0.316397,0.322120,0.326343,0.327904,0.330798,0.331529,0.332711,0.332731,0.332740,
0.000067,0.236692,0.237559,0.238652,0.242244,0.242322,0.242583,0.244801,0.244897,0.245757,0.248783,0.251046,0.254389,0.256801,0.258261,0.260740,0.263492,0.275108,0.277005,0.279930,0.281487,0.281495,0.290493,0.291977,0.293603,0.297510,0.300164,0.301445,0.301454,0.302746,0.305214,0.315395,0.318384,0.318835,0.320291,0.320406,0.327124,0.330130,0.331757,0.332714,
0.000404,0.235614,0.235664,0.237453,0.237473,0.238694,0.239414,0.239480,0.240467,0.242464,0.248810,0.250359,0.250437,0.252061,0.254412,0.254555,0.255157,0.257819,0.260897,0.261589,0.261852,0.270178,0.273511,0.276752,0.281583,0.283280,0.287559,0.289035,0.290518,0.291930,0.296147,0.301461,0.305283,0.307613,0.314318,0.319511,0.323930,0.324694,0.331449,0.332713,
0.237466,0.238533,0.240339,0.240364,0.240626,0.243043,0.243614,0.244566,0.247380,0.248899,0.248915,0.249005,0.250768,0.250991,0.253573,0.258056,0.260150,0.262459,0.263549,0.268583,0.270256,0.275111,0.283081,0.286063,0.294770,0.303995,0.304011,0.305215,0.305694,0.315393,0.317403,0.319344,0.319480,0.325586,0.327893,0.328002,0.329079,0.329345,0.330070,0.332717,
0.236464,0.236636,0.236656,0.240472,0.244331,0.247291,0.248943,0.250359,0.255189,0.255651,0.256425,0.256824,0.261959,0.262485,0.263553,0.270178,0.270197,0.273485,0.275176,0.284592,0.286064,0.289045,0.290526,0.291933,0.294742,0.297689,0.298852,0.305197,0.306407,0.306417,0.306425,0.314310,0.316392,0.316504,0.321234,0.321604,0.323915,0.324741,0.327125,0.332715,
0.235761,0.236278,0.238984,0.240465,0.242040,0.242210,0.242378,0.242972,0.244828,0.245010,0.248805,0.251950,0.251981,0.252038,0.254691,0.260180,0.266854,0.270192,0.270227,0.275632,0.289012,0.293352,0.294764,0.296132,0.296176,0.302752,0.302757,0.306407,0.309928,0.309930,0.310034,0.313235,0.317404,0.323858,0.324741,0.325575,0.326347,0.326410,0.328644,0.332715,
0.000152,0.223048,0.237482,0.239364,0.240472,0.240550,0.244924,0.245787,0.253537,0.254369,0.255205,0.256879,0.257589,0.263512,0.270215,0.271824,0.276807,0.279917,0.281484,0.300153,0.302750,0.303970,0.306423,0.306445,0.307788,0.313268,0.315364,0.315377,0.317381,0.317416,0.325505,0.325758,0.326460,0.327965,0.328627,0.328693,0.329386,0.330222,0.332719,0.332728,
0.236565,0.236712,0.236880,0.236916,0.239419,0.241633,0.241680,0.244597,0.244659,0.251057,0.251081,0.254245,0.255162,0.256848,0.261544,0.268715,0.270225,0.271845,0.271889,0.278331,0.287574,0.291950,0.296142,0.299682,0.301484,0.305227,0.305307,0.306452,0.311065,0.311108,0.311693,0.312172,0.317381,0.318407,0.323867,0.327864,0.330063,0.330087,0.332715,0.332718,
0.223044,0.235567,0.235788,0.237481,0.237485,0.240521,0.242262,0.242985,0.243365,0.247318,0.247490,0.250339,0.250365,0.255212,0.256815,0.260864,0.261850,0.262666,0.265223,0.268614,0.271871,0.281666,0.286054,0.287550,0.289056,0.289101,0.289213,0.298879,0.304213,0.306434,0.307648,0.308069,0.308774,0.308794,0.312178,0.318364,0.319582,0.322276,0.327895,0.332716,
0.007936,0.223152,0.235756,0.236182,0.244960,0.245812,0.247260,0.247522,0.251921,0.251921,0.255197,0.265176,0.268558,0.268559,0.271895,0.273643,0.276697,0.276740,0.290512,0.294730,0.298820,0.302714,0.302731,0.307620,0.307655,0.308499,0.312176,0.314313,0.316387,0.316399,0.318418,0.319342,0.320312,0.323006,0.323080,0.323856,0.327279,0.328666,0.328946,0.332719,
0.000019,0.000276,0.000607,0.235815,0.236428,0.236736,0.237433,0.241722,0.243011,0.243532,0.244337,0.244413,0.244874,0.250317,0.251921,0.251926,0.253548,0.254443,0.261854,0.261883,0.265201,0.273483,0.273521,0.278316,0.286055,0.286060,0.286087,0.302744,0.305223,0.307643,0.308948,0.316388,0.318372,0.319348,0.327886,0.329430,0.332082,0.332083,0.332714,0.332733,
0.000085,0.235786,0.236549,0.236549,0.238339,0.239355,0.240736,0.241671,0.243822,0.245780,0.253088,0.260712,0.261069,0.261855,0.263105,0.270183,0.270190,0.275145,0.276733,0.279893,0.280046,0.281486,0.297500,0.298911,0.301697,0.301879,0.312186,0.312231,0.314398,0.316424,0.317387,0.317429,0.319341,0.319345,0.327878,0.331444,0.332117,0.332712,0.332778,0.333110,
0.235589,0.237393,0.238741,0.242474,0.243016,0.243529,0.255162,0.255688,0.258758,0.261856,0.268593,0.273487,0.273507,0.281553,0.287579,0.291952,0.292045,0.293346,0.293508,0.298874,0.300203,0.302720,0.306412,0.308785,0.308811,0.318378,0.318379,0.318396,0.320366,0.321208,0.321234,0.324209,0.325535,0.326341,0.327114,0.327137,0.327905,0.329683,0.330061,0.332742,
0.235777,0.235948,0.235985,0.236212,0.237498,0.237501,0.238342,0.238435,0.243572,0.244345,0.254335,0.255184,0.258535,0.262573,0.263473,0.263535,0.265205,0.265296,0.273467,0.273483,0.273486,0.275118,0.276730,0.278307,0.284565,0.285047,0.286074,0.291955,0.292579,0.297513,0.301453,0.305220,0.309972,0.313256,0.319347,0.321210,0.327125,0.327886,0.329456,0.332716,
0.237294,0.238359,0.238794,0.240261,0.240488,0.241744,0.242354,0.242387,0.245772,0.247281,0.253502,0.254253,0.255168,0.255817,0.256860,0.260208,0.260883,0.261516,0.266891,0.267441,0.275100,0.275106,0.278301,0.281459,0.286049,0.293365,0.294870,0.296157,0.301449,0.301528,0.303965,0.308785,0.310029,0.312159,0.313324,0.319348,0.324216,0.326346,0.331492,0.332716,
0.000067,0.235788,0.238373,0.240489,0.241849,0.244354,0.244357,0.247380,0.253563,0.254032,0.254295,0.256935,0.261149,0.261683,0.262555,0.265176,0.266982,0.268551,0.276776,0.284574,0.286040,0.290506,0.290614,0.298850,0.300149,0.302781,0.303036,0.308012,0.312217,0.313260,0.314314,0.320300,0.322111,0.326326,0.327874,0.329361,0.330127,0.330783,0.331443,0.332716,
0.000086,0.235702,0.235747,0.235811,0.236527,0.237472,0.238300,0.238405,0.240514,0.244339,0.245777,0.247553,0.250808,0.251105,0.251128,0.253543,0.258061,0.261341,0.262739,0.279924,0.286436,0.287876,0.289057,0.292055,0.293383,0.303185,0.305213,0.313260,0.313271,0.313305,0.317395,0.317574,0.320282,0.323913,0.325527,0.325551,0.327944,0.329389,0.331006,0.332715,
0.000082,0.235638,0.235721,0.237489,0.237491,0.237524,0.240222,0.241106,0.241659,0.241679,0.241700,0.243557,0.244463,0.244730,0.247352,0.251406,0.260843,0.266879,0.268533,0.268548,0.272038,0.273481,0.278376,0.287573,0.291947,0.298871,0.300351,0.302907,0.306407,0.313254,0.314328,0.320554,0.322986,0.323015,0.324703,0.325560,0.327429,0.330756,0.332445,0.332718,
0.235512,0.235601,0.235688,0.235777,0.236672,0.238426,0.239313,0.239904,0.243300,0.247292,0.248876,0.250378,0.258168,0.261652,0.261867,0.263538,0.270170,0.270177,0.273513,0.275415,0.290526,0.290530,0.300139,0.300142,0.304055,0.307678,0.313238,0.316405,0.317401,0.318399,0.321204,0.324709,0.324800,0.325533,0.325751,0.326332,0.328644,0.332717,0.332774,0.332866,
0.000124,0.000140,0.000519,0.222959,0.236144,0.236700,0.238383,0.238644,0.243100,0.244400,0.247282,0.250833,0.254244,0.257817,0.265496,0.265818,0.281481,0.281504,0.281545,0.291948,0.293407,0.296222,0.301483,0.302720,0.303993,0.305293,0.307605,0.309914,0.314317,0.317426,0.319348,0.322097,0.322140,0.327883,0.327885,0.328627,0.328640,0.330070,0.331439,0.332713,
0.235658,0.235716,0.236479,0.236531,0.237463,0.238646,0.242786,0.244117,0.244359,0.245766,0.247238,0.251958,0.255154,0.256849,0.261007,0.261403,0.262958,0.263749,0.265177,0.265214,0.268544,0.268544,0.268576,0.270192,0.275099,0.279887,0.283256,0.292071,0.300165,0.301451,0.306435,0.308804,0.311111,0.314513,0.321258,0.328733,0.331443,0.332715,0.332717,0.332747,
0.000109,0.237386,0.238353,0.238873,0.239386,0.239439,0.243019,0.244351,0.245793,0.251088,0.251949,0.254621,0.255187,0.255207,0.255889,0.256871,0.260251,0.261902,0.268569,0.271863,0.273456,0.273567,0.275088,0.276986,0.279939,0.283030,0.291939,0.294753,0.304020,0.310091,0.311062,0.311493,0.312182,0.318391,0.319365,0.319395,0.322130,0.325550,0.327234,0.332715,
0.000069,0.235836,0.235863,0.237256,0.237383,0.241745,0.244619,0.258090,0.258489,0.263529,0.263970,0.265228,0.266864,0.270163,0.273465,0.275112,0.275123,0.276720,0.278307,0.301482,0.301701,0.302701,0.302763,0.304002,0.309402,0.311074,0.316447,0.317391,0.317391,0.319345,0.320293,0.322984,0.324717,0.324931,0.327896,0.329355,0.329364,0.330098,0.332718,0.332745,
0.235519,0.236114,0.236464,0.237482,0.238764,0.240313,0.240537,0.242184,0.243018,0.244342,0.245750,0.248844,0.250387,0.251086,0.254717,0.258565,0.261074,0.261408,0.261823,0.265196,0.271852,0.273478,0.278326,0.283104,0.294842,0.297519,0.300159,0.303965,0.305228,0.307649,0.308779,0.309936,0.318652,0.322525,0.323168,0.323878,0.330760,0.330774,0.331450,0.332715,
0.235552,0.235628,0.235844,0.236748,0.237430,0.237455,0.237536,0.242997,0.244359,0.244656,0.244773,0.250347,0.250983,0.251966,0.255586,0.260201,0.260214,0.260973,0.265217,0.268747,0.270158,0.273469,0.276922,0.281495,0.289079,0.293424,0.297497,0.302750,0.309938,0.313611,0.319333,0.325535,0.326333,0.326456,0.327186,0.330178,0.330756,0.330924,0.332714,0.332718,
0.235765,0.238366,0.242993,0.244369,0.247292,0.247542,0.250284,0.250354,0.250477,0.251942,0.253527,0.255195,0.256023,0.257768,0.258535,0.261201,0.262044,0.262747,0.266895,0.270692,0.275090,0.291933,0.296182,0.297812,0.301489,0.301514,0.303962,0.309915,0.314399,0.315391,0.317408,0.320388,0.321294,0.323001,0.323891,0.327127,0.327151,0.330078,0.332155,0.332718,
0.000571,0.235535,0.235921,0.236788,0.237486,0.237673,0.240500,0.244313,0.244893,0.250658,0.250917,0.251107,0.255550,0.256880,0.260205,0.275111,0.281488,0.284594,0.286083,0.288124,0.289308,0.294756,0.294794,0.296180,0.297532,0.298826,0.300348,0.307627,0.309942,0.313272,0.316388,0.317401,0.319352,0.320285,0.322135,0.323000,0.324703,0.331485,0.332716,0.332817,
0.004928,0.235591,0.235959,0.236776,0.237581,0.239395,0.240284,0.241697,0.243004,0.243667,0.243668,0.244862,0.244867,0.247312,0.247888,0.258015,0.258243,0.258498,0.270203,0.284573,0.284597,0.287611,0.289019,0.290504,0.291969,0.298821,0.298851,0.302736,0.303991,0.313253,0.317597,0.327151,0.327197,0.327321,0.327914,0.327984,0.330833,0.332103,0.332714,0.332732,
0.222679,0.235715,0.240606,0.243015,0.243081,0.243628,0.245779,0.247274,0.248810,0.250476,0.257834,0.258539,0.260174,0.261845,0.261981,0.262903,0.263538,0.265298,0.276702,0.276756,0.280152,0.289037,0.300171,0.302785,0.303971,0.304095,0.307672,0.312162,0.319370,0.320289,0.321205,0.323015,0.323863,0.327898,0.328168,0.329353,0.329503,0.330767,0.331442,0.332714,
0.235790,0.236715,0.236800,0.238032,0.240280,0.242266,0.244333,0.247589,0.248761,0.255201,0.257074,0.258342,0.261109,0.273468,0.273494,0.278344,0.279928,0.284561,0.291965,0.298813,0.298829,0.300133,0.300140,0.305295,0.307612,0.308806,0.309924,0.316365,0.317419,0.320267,0.321198,0.322157,0.323041,0.323359,0.323886,0.324699,0.324734,0.326328,0.326357,0.332716,
0.223020,0.236026,0.236229,0.236509,0.236705,0.238613,0.241701,0.241760,0.242393,0.245794,0.247238,0.248807,0.250332,0.250468,0.251036,0.256879,0.258520,0.262617,0.278310,0.283065,0.290519,0.291920,0.293379,0.294769,0.296250,0.301420,0.305243,0.306421,0.312182,0.315434,0.320327,0.321211,0.322387,0.327110,0.328645,0.329355,0.330058,0.330093,0.332081,0.332715,
0.235525,0.235583,0.235598,0.235709,0.238620,0.238708,0.239378,0.242947,0.244768,0.244889,0.251963,0.254571,0.260210,0.261482,0.261821,0.265188,0.268685,0.273494,0.279903,0.283033,0.287590,0.296132,0.297482,0.298825,0.300161,0.302732,0.308816,0.312173,0.313089,0.313257,0.318441,0.319336,0.321209,0.321226,0.322210,0.324745,0.330479,0.330759,0.332093,0.332715,
0.000402,0.235559,0.235776,0.235786,0.235802,0.236669,0.237472,0.237830,0.238300,0.238483,0.238559,0.240309,0.247239,0.247318,0.255703,0.258171,0.258535,0.265210,0.265294,0.271863,0.283032,0.286079,0.286087,0.297502,0.297571,0.298833,0.303151,0.305233,0.314392,0.317388,0.317391,0.318373,0.324028,0.325528,0.325538,0.326430,0.327113,0.329592,0.331454,0.332716,
