0.290557,0.290503,0.290530,0.290549,0.290537,0.290526,0.290500,0.290505,0.290525,0.290500,0.290673,0.290474,0.290492,0.290482,0.290560,0.290621,0.290562,0.290469,0.290626,0.290476,0.290578,0.290667,0.290571,0.290582,0.290617,0.290567,0.290507,0.290534,0.290478,0.290566,0.290519,0.290522,0.290525,0.290496,0.290543,0.290490,0.290449,0.290490,0.290583,0.290478,
0.289047,0.289046,0.289052,0.289038,0.289073,0.289038,0.289040,0.289047,0.289014,0.289056,0.289048,0.289030,0.289024,0.289051,0.289058,0.289030,0.289060,0.289048,0.289050,0.289053,0.289042,0.289037,0.289048,0.289049,0.289065,0.289060,0.289054,0.289056,0.289047,0.289063,0.289045,0.289053,0.289059,0.289045,0.289036,0.289041,0.289045,0.289046,0.289044,0.289054,
0.289041,0.289040,0.289020,0.289038,0.289065,0.289070,0.289054,0.289051,0.289055,0.289069,0.289059,0.289047,0.289018,0.289053,0.289055,0.289079,0.289049,0.289035,0.289041,0.289073,0.289057,0.289050,0.289047,0.289038,0.289023,0.289074,0.289061,0.289067,0.289069,0.289054,0.289051,0.289031,0.289057,0.289051,0.289069,0.289048,0.289057,0.289060,0.289053,0.289062,
0.289066,0.289018,0.289066,0.289051,0.289063,0.289041,0.289039,0.289048,0.289104,0.289049,0.289066,0.289062,0.289026,0.289046,0.289068,0.289087,0.289049,0.289032,0.289054,0.289058,0.289048,0.289051,0.289041,0.289060,0.289038,0.289054,0.289039,0.289047,0.289075,0.289028,0.289052,0.289049,0.289028,0.289072,0.289046,0.289067,0.289061,0.289073,0.289060,0.289030,
0.289044,0.289050,0.289051,0.289032,0.289017,0.288991,0.289038,0.289068,0.289061,0.289060,0.289040,0.289049,0.289063,0.289037,0.289054,0.289030,0.289078,0.289070,0.289017,0.289066,0.289031,0.289055,0.289016,0.289056,0.289033,0.289033,0.289019,0.289045,0.289012,0.289024,0.289020,0.289055,0.289041,0.289019,0.289071,0.289038,0.289062,0.289064,0.289031,0.289061,
0.289040,0.289040,0.289052,0.289058,0.289025,0.289046,0.289070,0.289038,0.289061,0.289022,0.289037,0.289051,0.289024,0.289022,0.289047,0.289022,0.289030,0.289047,0.289052,0.289043,0.289047,0.289045,0.289052,0.289072,0.289051,0.289066,0.289053,0.289070,0.289033,0.289024,0.289051,0.289075,0.289046,0.289056,0.289069,0.289050,0.289056,0.289036,0.289047,0.289048,
0.289062,0.289046,0.289015,0.289034,0.289054,0.289032,0.289024,0.289032,0.289063,0.289039,0.289040,0.289045,0.289062,0.289047,0.289008,0.289046,0.289080,0.289071,0.289062,0.289036,0.289066,0.289066,0.289046,0.289056,0.289059,0.289025,0.289070,0.289071,0.289031,0.289056,0.289020,0.289056,0.289069,0.289093,0.289040,0.289066,0.289051,0.289033,0.289055,0.289061,
0.289038,0.289068,0.289052,0.289062,0.289026,0.289031,0.289026,0.289068,0.289009,0.289051,0.289028,0.289045,0.289023,0.289025,0.289048,0.289036,0.289054,0.289043,0.289039,0.289057,0.289055,0.289040,0.289070,0.289068,0.289015,0.289048,0.289029,0.289064,0.289052,0.289050,0.289042,0.289025,0.289049,0.289042,0.289055,0.289046,0.289043,0.289056,0.289048,0.289035,
0.289042,0.289045,0.289068,0.289024,0.289058,0.289037,0.289030,0.289056,0.289060,0.289079,0.289060,0.289060,0.289041,0.289010,0.289049,0.289084,0.289042,0.289029,0.289024,0.289047,0.289042,0.289039,0.289010,0.289018,0.289044,0.289078,0.289052,0.289046,0.289029,0.289016,0.289053,0.289075,0.289043,0.289055,0.289027,0.289046,0.289037,0.289027,0.289063,0.289032,
0.289076,0.289026,0.289053,0.289042,0.289060,0.289036,0.289054,0.289035,0.289036,0.289034,0.289039,0.289059,0.289050,0.289048,0.289053,0.289056,0.289062,0.289031,0.289046,0.289046,0.289023,0.289041,0.289063,0.289050,0.289009,0.289068,0.289054,0.289022,0.289074,0.289056,0.289043,0.289036,0.289024,0.289059,0.289066,0.289048,0.289060,0.289031,0.289066,0.289055,
0.289009,0.289045,0.289060,0.289040,0.289057,0.289028,0.289047,0.289078,0.289044,0.289030,0.289047,0.289034,0.289028,0.289080,0.289021,0.289050,0.289070,0.289063,0.289047,0.289062,0.289056,0.289051,0.289057,0.289062,0.289069,0.289054,0.289054,0.289055,0.289040,0.289036,0.289036,0.289029,0.289027,0.289044,0.289054,0.289006,0.289034,0.289036,0.289026,0.289032,
0.289054,0.289064,0.289038,0.289016,0.289030,0.289045,0.289042,0.289041,0.289063,0.289038,0.289007,0.289015,0.289030,0.289037,0.289034,0.289043,0.289062,0.289045,0.289045,0.289037,0.289076,0.289102,0.289061,0.289046,0.289028,0.289050,0.289028,0.289053,0.289032,0.289066,0.289086,0.289034,0.289057,0.289037,0.289059,0.289043,0.289056,0.289055,0.289066,0.289076,
0.289032,0.289065,0.289060,0.289058,0.289059,0.289049,0.289045,0.289047,0.289061,0.289042,0.289043,0.289022,0.289036,0.289030,0.289045,0.289032,0.289048,0.289053,0.289065,0.289024,0.289037,0.289029,0.289043,0.289026,0.289040,0.289035,0.289061,0.289024,0.289029,0.289027,0.289084,0.289031,0.289051,0.289052,0.289054,0.289053,0.289030,0.289043,0.289043,0.289066,
0.289051,0.289016,0.289049,0.289012,0.289043,0.289043,0.289045,0.289038,0.289058,0.289055,0.289075,0.289052,0.289055,0.289050,0.289044,0.289055,0.289058,0.289059,0.289042,0.289025,0.289055,0.289047,0.289037,0.289057,0.289043,0.289068,0.289038,0.289026,0.289032,0.289041,0.289024,0.289071,0.289062,0.289032,0.289070,0.289055,0.289015,0.289038,0.289040,0.289041,
0.289048,0.289038,0.289054,0.289044,0.289064,0.289037,0.289067,0.289041,0.289055,0.289063,0.289062,0.289055,0.289049,0.289041,0.289039,0.289059,0.289056,0.289065,0.289054,0.289042,0.289021,0.289058,0.289052,0.289051,0.289048,0.289075,0.289042,0.289076,0.289018,0.289067,0.289066,0.289060,0.289040,0.289082,0.289057,0.289021,0.289056,0.289025,0.289024,0.289071,
0.289029,0.289052,0.289036,0.289024,0.289042,0.289029,0.289045,0.289039,0.289050,0.289043,0.289040,0.289044,0.289065,0.289042,0.289027,0.289084,0.289026,0.289063,0.289050,0.289029,0.289040,0.289049,0.289082,0.289043,0.289042,0.289036,0.289059,0.289053,0.289072,0.289051,0.289042,0.289031,0.289035,0.289037,0.289026,0.289061,0.289060,0.289069,0.289066,0.289069,
0.289071,0.289037,0.289039,0.289032,0.289066,0.289065,0.289006,0.289041,0.289030,0.289073,0.289041,0.289045,0.289056,0.289045,0.289049,0.289040,0.289040,0.289045,0.289058,0.289040,0.289062,0.289044,0.289028,0.289043,0.289045,0.289073,0.289019,0.289067,0.289063,0.289060,0.289030,0.289059,0.289067,0.289070,0.289040,0.289052,0.289054,0.289049,0.289040,0.289056,
0.289051,0.289053,0.289042,0.289054,0.289048,0.289048,0.289041,0.289050,0.289043,0.289041,0.289054,0.289058,0.289038,0.289090,0.289060,0.289049,0.289053,0.289064,0.289051,0.289057,0.289037,0.289057,0.289071,0.289030,0.289017,0.289065,0.289062,0.289038,0.289027,0.289005,0.289075,0.289041,0.289025,0.289023,0.289050,0.289062,0.289049,0.289033,0.289053,0.289045,
0.289060,0.289036,0.289037,0.289043,0.289059,0.289025,0.289046,0.289036,0.289030,0.289055,0.289076,0.289043,0.289057,0.289027,0.289074,0.289030,0.289037,0.289067,0.289060,0.289057,0.289051,0.289048,0.289044,0.289051,0.289054,0.289032,0.289048,0.289057,0.289047,0.289066,0.289042,0.289031,0.289085,0.289072,0.289023,0.289021,0.289047,0.289036,0.289049,0.289041,
0.289054,0.289036,0.289062,0.289024,0.289047,0.289031,0.289052,0.289049,0.289068,0.289076,0.289068,0.289028,0.289041,0.289052,0.289052,0.289061,0.289027,0.289036,0.289051,0.289068,0.289065,0.289044,0.289015,0.289061,0.289046,0.289047,0.289058,0.289036,0.289047,0.289048,0.289072,0.289048,0.289047,0.289059,0.289049,0.289045,0.289059,0.289048,0.289028,0.289068,
0.289042,0.289067,0.289031,0.289054,0.289046,0.289004,0.289051,0.289041,0.289016,0.289053,0.289039,0.289059,0.289073,0.289023,0.289068,0.289058,0.289045,0.289046,0.289028,0.289022,0.289044,0.289044,0.289048,0.289053,0.289092,0.289029,0.289018,0.289046,0.289041,0.289043,0.289051,0.289037,0.289030,0.289043,0.289057,0.289061,0.289037,0.289036,0.289049,0.289038,
