0.000000,0.000000,0.000000,0.000000,0.000000,0.000000,0.000000,0.000000,0.000000,0.000000,0.000000,0.000000,0.000000,0.000000,0.000000,0.000000,0.000000,0.000000,0.000000,0.000000,
0.668058,0.667918,0.668012,0.668226,0.667921,0.668110,0.667837,0.667784,0.667499,0.667855,0.667789,0.667621,0.668119,0.667947,0.668230,0.667960,0.668165,0.667810,0.668329,0.668349,
0.724391,0.724165,0.723960,0.723964,0.724070,0.724470,0.724275,0.724247,0.724200,0.724543,0.724202,0.724351,0.724084,0.724372,0.724627,0.724118,0.724144,0.723999,0.724133,0.724343,
0.750396,0.750503,0.750792,0.750246,0.750156,0.750256,0.750607,0.749893,0.750244,0.750544,0.750320,0.750087,0.750216,0.750510,0.750280,0.750666,0.750235,0.750266,0.750151,0.750173,
0.765517,0.765754,0.765989,0.765632,0.765775,0.766142,0.765804,0.766148,0.765954,0.765575,0.765600,0.765977,0.765560,0.765743,0.765785,0.765838,0.765775,0.765725,0.766116,0.766052,
0.776577,0.776297,0.776442,0.776437,0.776514,0.776170,0.776513,0.776341,0.776631,0.776589,0.776046,0.776427,0.776328,0.776188,0.776101,0.775956,0.776278,0.776618,0.776123,0.776291,
0.783580,0.783775,0.783696,0.783966,0.783958,0.784060,0.783813,0.783730,0.783667,0.783413,0.783732,0.783733,0.783653,0.783857,0.783860,0.783306,0.784065,0.783881,0.783654,0.783649,
0.789317,0.788940,0.789296,0.789045,0.789340,0.789527,0.789229,0.789078,0.788999,0.789337,0.788988,0.788738,0.789014,0.789189,0.789128,0.789022,0.788631,0.789117,0.789244,0.788918,
0.793525,0.793306,0.792728,0.793412,0.792793,0.792876,0.792822,0.793356,0.793108,0.793045,0.793064,0.793232,0.792928,0.792942,0.793064,0.793210,0.793068,0.793285,0.792904,0.793068,
0.795958,0.795925,0.795661,0.795698,0.795830,0.795751,0.795561,0.795752,0.795909,0.795944,0.795990,0.795548,0.795670,0.795715,0.795722,0.795555,0.795882,0.795926,0.795717,0.795545,
0.797423,0.797783,0.797696,0.797219,0.797624,0.797422,0.797349,0.797657,0.797669,0.797284,0.797742,0.797750,0.797762,0.797472,0.797904,0.797514,0.797557,0.797290,0.797534,0.797848,
0.798372,0.798720,0.798780,0.798701,0.798565,0.798409,0.798842,0.798673,0.798528,0.798692,0.798509,0.798400,0.798608,0.798860,0.798576,0.798989,0.798735,0.798572,0.798854,0.798468,
0.798753,0.799241,0.798700,0.798917,0.798993,0.799320,0.798547,0.798630,0.798720,0.799186,0.798919,0.798650,0.798842,0.798810,0.798948,0.798700,0.799377,0.798756,0.798789,0.798920,
0.798359,0.798255,0.798129,0.798437,0.798715,0.798519,0.798456,0.798527,0.798568,0.798598,0.798892,0.798184,0.798891,0.798542,0.798471,0.798448,0.798393,0.798633,0.798710,0.798397,
0.797636,0.797668,0.797365,0.797470,0.797697,0.797559,0.797244,0.797499,0.797398,0.797359,0.797008,0.797225,0.797549,0.797307,0.797266,0.797444,0.797147,0.797356,0.797550,0.797421,
0.795398,0.795667,0.795226,0.795590,0.795458,0.795589,0.794872,0.795556,0.795145,0.795280,0.795113,0.795558,0.795435,0.795213,0.795051,0.795456,0.795550,0.794966,0.795501,0.795109,
0.792302,0.792031,0.792051,0.792228,0.792097,0.792514,0.792354,0.791858,0.792104,0.792392,0.792483,0.791831,0.792040,0.791984,0.791841,0.792235,0.791807,0.792057,0.792235,0.792046,
0.787593,0.787350,0.787293,0.787798,0.787998,0.787846,0.787813,0.787573,0.787733,0.787643,0.787679,0.787798,0.787982,0.787854,0.787864,0.787612,0.787542,0.788199,0.787464,0.787258,
0.780544,0.780413,0.780763,0.780478,0.780432,0.780402,0.780739,0.780505,0.780538,0.780850,0.780402,0.780091,0.780142,0.780407,0.779963,0.780759,0.780864,0.780472,0.780442,0.780545,
0.769217,0.769488,0.768909,0.768944,0.769415,0.769012,0.768856,0.769047,0.769171,0.769222,0.768790,0.769089,0.768840,0.768794,0.769030,0.769173,0.769110,0.768962,0.768899,0.768738,
0.697508,0.697320,0.698080,0.697824,0.697290,0.697588,0.698323,0.697504,0.697309,0.696729,0.697950,0.697186,0.697631,0.697537,0.697210,0.697222,0.697761,0.698195,0.697736,0.698500,
