0.000000,0.000000,0.000000,0.000000,0.000000,0.000000,0.000000,0.000000,0.000000,0.000000,0.000000,0.000000,0.000000,0.000000,0.000000,0.000000,0.000000,0.000000,0.000000,0.000000,0.000000,0.000000,0.000000,0.000000,0.000000,0.000000,0.000000,0.000000,0.000000,0.000000,0.000000,0.000000,0.000000,0.000000,0.000000,0.000000,0.000000,0.000000,0.000000,0.000000,
0.000000,0.246906,0.248367,0.251490,0.273198,0.282830,0.286135,0.287554,0.308263,0.308369,0.312925,0.318652,0.321725,0.324249,0.328143,0.328204,0.328231,0.329078,0.329972,0.331326,0.333057,0.334816,0.335747,0.774376,0.775159,0.775178,0.775390,0.775768,0.776019,0.776082,0.776266,0.776293,0.776351,0.776550,0.776571,0.776821,0.777148,0.777209,0.777406,0.777634,
0.236395,0.248767,0.250373,0.250838,0.258486,0.259689,0.264647,0.281476,0.284173,0.290519,0.298825,0.301420,0.302719,0.308958,0.318397,0.323030,0.323853,0.325522,0.329372,0.333335,0.333335,0.333337,0.333339,0.333348,0.333357,0.333357,0.333364,0.333385,0.333640,0.334137,0.334499,0.774629,0.774922,0.775422,0.775528,0.775713,0.776408,0.776433,0.776463,0.776669,
0.240355,0.265195,0.275138,0.277872,0.284172,0.291995,0.293090,0.297487,0.303976,0.306420,0.308795,0.319330,0.319359,0.325512,0.327906,0.333307,0.333312,0.333330,0.333331,0.333334,0.333335,0.333335,0.333338,0.333338,0.333339,0.333349,0.333350,0.333351,0.333354,0.333357,0.333368,0.333374,0.333380,0.333380,0.333541,0.334016,0.775337,0.776580,0.776655,0.777086,
0.239355,0.240400,0.260173,0.260220,0.266848,0.270189,0.281491,0.283006,0.284528,0.284544,0.291964,0.298820,0.302721,0.312181,0.315361,0.315379,0.316381,0.318444,0.327903,0.328627,0.332109,0.332715,0.333307,0.333307,0.333307,0.333307,0.333312,0.333314,0.333319,0.333328,0.333331,0.333334,0.333335,0.333338,0.333342,0.333347,0.333349,0.775400,0.775954,0.777112,
0.235584,0.235631,0.236796,0.268518,0.270207,0.275083,0.275099,0.291948,0.316411,0.317384,0.318390,0.318393,0.318427,0.321224,0.322127,0.323000,0.324711,0.328654,0.329363,0.330752,0.332734,0.333334,0.333335,0.333335,0.333336,0.333338,0.333342,0.333343,0.333343,0.333345,0.333347,0.333349,0.333350,0.333357,0.333360,0.333360,0.333365,0.333464,0.775450,0.777069,
0.241719,0.256822,0.271858,0.284573,0.290489,0.307620,0.317837,0.322111,0.323857,0.324786,0.324792,0.327113,0.331426,0.332719,0.333308,0.333317,0.333322,0.333324,0.333326,0.333330,0.333333,0.333333,0.333334,0.333336,0.333337,0.333338,0.333339,0.333340,0.333340,0.333340,0.333342,0.333342,0.333343,0.333354,0.333362,0.333362,0.333365,0.333365,0.333425,0.774726,
0.236215,0.237528,0.241719,0.247878,0.258545,0.270148,0.270229,0.271823,0.286092,0.289039,0.297480,0.301466,0.301468,0.305208,0.316394,0.316411,0.323854,0.332710,0.333309,0.333310,0.333314,0.333325,0.333325,0.333325,0.333327,0.333327,0.333328,0.333330,0.333331,0.333331,0.333333,0.333337,0.333338,0.333339,0.333339,0.333340,0.333341,0.333346,0.333373,0.777185,
0.240267,0.240527,0.245787,0.245794,0.263536,0.270198,0.273502,0.276748,0.282995,0.284581,0.294808,0.296117,0.307628,0.319350,0.321196,0.322115,0.327880,0.332093,0.332095,0.333321,0.333328,0.333329,0.333329,0.333334,0.333334,0.333337,0.333337,0.333338,0.333339,0.333343,0.333347,0.333350,0.333356,0.333356,0.333364,0.333389,0.333403,0.333410,0.333511,0.774199,
0.235825,0.256857,0.261850,0.270196,0.276724,0.278278,0.284540,0.287576,0.287592,0.294747,0.301445,0.309940,0.311072,0.312168,0.324698,0.324706,0.327947,0.332109,0.333308,0.333309,0.333313,0.333313,0.333315,0.333330,0.333333,0.333334,0.333335,0.333336,0.333336,0.333336,0.333339,0.333340,0.333343,0.333347,0.333352,0.333362,0.333384,0.333385,0.333470,0.775628,
0.241637,0.258539,0.260183,0.271880,0.287563,0.287571,0.289041,0.296151,0.304004,0.308782,0.308801,0.309932,0.313238,0.315383,0.315386,0.320312,0.321202,0.330067,0.330788,0.332079,0.332726,0.333310,0.333325,0.333327,0.333327,0.333330,0.333333,0.333333,0.333335,0.333339,0.333346,0.333346,0.333348,0.333352,0.333353,0.333357,0.333362,0.333370,0.333413,0.775298,
0.258533,0.273463,0.281450,0.283036,0.290511,0.300148,0.300157,0.300165,0.305195,0.317392,0.321214,0.322112,0.322993,0.324695,0.325529,0.326317,0.326340,0.327876,0.329360,0.331461,0.332074,0.332080,0.333316,0.333324,0.333328,0.333329,0.333334,0.333335,0.333335,0.333338,0.333339,0.333346,0.333346,0.333351,0.333351,0.333354,0.333356,0.333371,0.333390,0.775586,
0.238847,0.242992,0.243054,0.250321,0.261866,0.279903,0.290493,0.296131,0.305191,0.306421,0.306421,0.308821,0.309925,0.311065,0.313259,0.322111,0.327886,0.330083,0.330769,0.331425,0.331430,0.333309,0.333313,0.333314,0.333321,0.333322,0.333330,0.333334,0.333336,0.333336,0.333338,0.333339,0.333339,0.333340,0.333343,0.333347,0.333354,0.333359,0.333373,0.774897,
0.239445,0.244372,0.251950,0.253611,0.271841,0.273492,0.283064,0.296124,0.300177,0.302726,0.307589,0.309927,0.312214,0.315362,0.320276,0.320290,0.320328,0.326339,0.328628,0.331430,0.333311,0.333327,0.333327,0.333327,0.333329,0.333335,0.333335,0.333338,0.333338,0.333341,0.333342,0.333345,0.333346,0.333347,0.333347,0.333347,0.333348,0.333348,0.333359,0.775897,
0.237556,0.248767,0.271857,0.289026,0.289053,0.305225,0.311041,0.312162,0.314321,0.315356,0.318366,0.324762,0.327899,0.333311,0.333319,0.333320,0.333321,0.333321,0.333328,0.333329,0.333330,0.333335,0.333335,0.333337,0.333337,0.333337,0.333338,0.333338,0.333338,0.333341,0.333341,0.333341,0.333344,0.333344,0.333347,0.333352,0.333363,0.333377,0.333386,0.775003,
0.240437,0.242504,0.250262,0.250411,0.260224,0.289062,0.291965,0.298840,0.298850,0.302691,0.302722,0.303987,0.305237,0.306423,0.318361,0.319340,0.319345,0.320285,0.323854,0.324692,0.324696,0.326352,0.328628,0.328639,0.333321,0.333322,0.333323,0.333331,0.333332,0.333338,0.333343,0.333343,0.333343,0.333344,0.333344,0.333350,0.333356,0.333381,0.333449,0.776154,
0.241690,0.258514,0.261834,0.273509,0.278324,0.279937,0.297496,0.297511,0.300154,0.305346,0.306407,0.309930,0.313272,0.318355,0.319340,0.320259,0.322106,0.327873,0.329362,0.330755,0.332078,0.333306,0.333322,0.333323,0.333335,0.333337,0.333337,0.333338,0.333339,0.333340,0.333341,0.333342,0.333348,0.333350,0.333351,0.333351,0.333371,0.333378,0.333480,0.775943,
0.235845,0.240340,0.240500,0.251152,0.261867,0.286032,0.294743,0.296148,0.305216,0.308814,0.311062,0.312183,0.313249,0.316388,0.318397,0.320274,0.322103,0.324707,0.325548,0.327882,0.328633,0.332715,0.332715,0.332744,0.333306,0.333319,0.333320,0.333327,0.333328,0.333328,0.333333,0.333335,0.333340,0.333345,0.333346,0.333347,0.333351,0.333361,0.333390,0.775821,
0.235665,0.235829,0.240504,0.250357,0.255190,0.263519,0.263532,0.270158,0.270177,0.296163,0.307614,0.307636,0.308802,0.309921,0.314353,0.315365,0.320272,0.321210,0.325618,0.329360,0.330753,0.332728,0.333317,0.333322,0.333322,0.333333,0.333337,0.333337,0.333340,0.333342,0.333345,0.333345,0.333345,0.333346,0.333348,0.333356,0.333357,0.333469,0.333533,0.774990,
0.258530,0.290518,0.294754,0.296167,0.300142,0.301422,0.304019,0.306425,0.306428,0.306434,0.308803,0.316411,0.317396,0.321223,0.323876,0.327878,0.327891,0.330752,0.331432,0.332087,0.332715,0.333322,0.333323,0.333323,0.333325,0.333327,0.333333,0.333336,0.333337,0.333339,0.333340,0.333341,0.333341,0.333344,0.333346,0.333368,0.333369,0.333375,0.333413,0.776158,
0.237486,0.250284,0.251948,0.256851,0.283031,0.283039,0.287567,0.298821,0.303976,0.306416,0.317409,0.318380,0.318383,0.321200,0.322097,0.324717,0.328621,0.329357,0.329366,0.330770,0.331428,0.333322,0.333334,0.333334,0.333334,0.333335,0.333337,0.333337,0.333337,0.333340,0.333341,0.333341,0.333343,0.333346,0.333347,0.333347,0.333348,0.333351,0.333353,0.776585,
0.236746,0.243015,0.244369,0.256818,0.263558,0.270181,0.290496,0.290532,0.297501,0.301430,0.301439,0.306444,0.306462,0.315368,0.318368,0.320312,0.330045,0.331428,0.331444,0.332726,0.332732,0.333316,0.333317,0.333320,0.333325,0.333330,0.333332,0.333333,0.333336,0.333337,0.333340,0.333340,0.333341,0.333341,0.333342,0.333342,0.333347,0.333358,0.333403,0.775651,
0.237436,0.244312,0.251928,0.256846,0.275141,0.276750,0.283037,0.298832,0.301459,0.309953,0.311058,0.314311,0.316408,0.325519,0.326337,0.327891,0.328624,0.328683,0.333311,0.333313,0.333323,0.333324,0.333325,0.333326,0.333327,0.333331,0.333334,0.333335,0.333339,0.333341,0.333343,0.333345,0.333345,0.333347,0.333351,0.333364,0.333373,0.333386,0.333402,0.775395,
0.235771,0.236803,0.238324,0.239359,0.243038,0.244387,0.253579,0.296132,0.298874,0.301453,0.309978,0.312154,0.318409,0.319335,0.319343,0.320262,0.321200,0.322982,0.323853,0.327118,0.328621,0.330085,0.333313,0.333317,0.333321,0.333324,0.333326,0.333335,0.333337,0.333338,0.333339,0.333339,0.333340,0.333345,0.333352,0.333360,0.333361,0.333373,0.333377,0.776563,
0.236718,0.261897,0.270203,0.271835,0.275086,0.278316,0.286060,0.303971,0.315382,0.316461,0.321214,0.322177,0.326326,0.328634,0.331437,0.332082,0.333305,0.333306,0.333316,0.333317,0.333322,0.333335,0.333336,0.333336,0.333336,0.333337,0.333339,0.333340,0.333341,0.333342,0.333350,0.333350,0.333353,0.333362,0.333375,0.333387,0.333388,0.333404,0.333424,0.776349,
0.247236,0.255194,0.256894,0.270155,0.270241,0.271916,0.284574,0.286093,0.296135,0.296171,0.297492,0.300131,0.300156,0.300165,0.306433,0.308789,0.316412,0.317414,0.322115,0.327884,0.328618,0.329341,0.330760,0.333316,0.333317,0.333324,0.333326,0.333327,0.333332,0.333336,0.333339,0.333340,0.333340,0.333343,0.333345,0.333358,0.333362,0.333363,0.333364,0.775340,
0.241707,0.247191,0.261185,0.268615,0.290529,0.302710,0.302751,0.315382,0.316395,0.317392,0.323862,0.323888,0.324688,0.325520,0.327890,0.330058,0.330079,0.332720,0.333308,0.333309,0.333310,0.333324,0.333329,0.333336,0.333337,0.333338,0.333340,0.333342,0.333345,0.333345,0.333346,0.333351,0.333352,0.333352,0.333356,0.333358,0.333365,0.333366,0.333373,0.775844,
0.236554,0.236558,0.243254,0.270182,0.271794,0.273497,0.286071,0.291957,0.298856,0.302699,0.306455,0.309933,0.316395,0.318361,0.319361,0.325528,0.327875,0.330777,0.333307,0.333309,0.333312,0.333313,0.333317,0.333321,0.333331,0.333336,0.333337,0.333339,0.333339,0.333339,0.333339,0.333340,0.333342,0.333343,0.333349,0.333349,0.333354,0.333355,0.333390,0.775121,
0.255264,0.256834,0.271848,0.279882,0.286167,0.290459,0.303981,0.307712,0.316393,0.316402,0.319355,0.327104,0.330059,0.331440,0.331447,0.332720,0.333309,0.333314,0.333316,0.333319,0.333325,0.333326,0.333328,0.333330,0.333335,0.333335,0.333336,0.333337,0.333338,0.333342,0.333342,0.333345,0.333346,0.333349,0.333349,0.333356,0.333363,0.333365,0.333388,0.775999,
0.239391,0.251932,0.258535,0.261803,0.275112,0.290492,0.293356,0.300171,0.301448,0.302723,0.308785,0.319320,0.320287,0.322091,0.323855,0.324682,0.327870,0.333312,0.333329,0.333332,0.333334,0.333334,0.333335,0.333336,0.333337,0.333338,0.333339,0.333339,0.333343,0.333344,0.333345,0.333347,0.333349,0.333354,0.333357,0.333360,0.333364,0.333372,0.333373,0.775806,
0.235840,0.244384,0.258537,0.266913,0.290480,0.293375,0.298824,0.301440,0.307606,0.312166,0.314339,0.319329,0.321203,0.321211,0.322099,0.325531,0.326319,0.327887,0.332715,0.333305,0.333312,0.333313,0.333319,0.333320,0.333331,0.333332,0.333334,0.333336,0.333336,0.333337,0.333339,0.333340,0.333349,0.333349,0.333355,0.333362,0.333371,0.333372,0.333376,0.775984,
0.236179,0.244352,0.286071,0.301467,0.302800,0.303982,0.306425,0.320290,0.321194,0.322997,0.324689,0.324695,0.327107,0.329354,0.329387,0.329410,0.332080,0.333310,0.333314,0.333316,0.333326,0.333327,0.333334,0.333334,0.333334,0.333335,0.333338,0.333339,0.333340,0.333341,0.333342,0.333344,0.333344,0.333345,0.333348,0.333352,0.333354,0.333355,0.333366,0.777176,
0.240437,0.247245,0.248826,0.289014,0.294792,0.308769,0.312160,0.316369,0.319336,0.319340,0.323056,0.326326,0.326333,0.327113,0.331419,0.332711,0.333324,0.333326,0.333329,0.333329,0.333332,0.333334,0.333336,0.333336,0.333338,0.333338,0.333338,0.333338,0.333339,0.333339,0.333339,0.333340,0.333345,0.333348,0.333349,0.333349,0.333350,0.333352,0.333387,0.776858,
0.247788,0.284559,0.286070,0.287551,0.291949,0.301462,0.301474,0.303979,0.309917,0.317384,0.318372,0.319331,0.321203,0.321204,0.322104,0.328622,0.329392,0.330062,0.330067,0.333308,0.333313,0.333318,0.333320,0.333328,0.333331,0.333334,0.333335,0.333336,0.333337,0.333338,0.333339,0.333340,0.333341,0.333343,0.333346,0.333353,0.333355,0.333382,0.333465,0.774910,
0.236570,0.263604,0.265222,0.268551,0.271858,0.278283,0.286087,0.289044,0.293349,0.297498,0.301614,0.316401,0.317398,0.318345,0.322116,0.323853,0.323870,0.325511,0.325512,0.327124,0.328630,0.332106,0.332719,0.333314,0.333322,0.333327,0.333333,0.333335,0.333335,0.333335,0.333336,0.333340,0.333340,0.333342,0.333343,0.333348,0.333349,0.333351,0.333357,0.775688,
0.248801,0.250376,0.265182,0.279901,0.281508,0.287549,0.289054,0.291949,0.297505,0.298820,0.302713,0.311060,0.311063,0.312146,0.312156,0.313252,0.314299,0.320394,0.323848,0.327137,0.330066,0.330067,0.332075,0.333312,0.333319,0.333325,0.333325,0.333327,0.333331,0.333334,0.333337,0.333339,0.333339,0.333340,0.333342,0.333359,0.333363,0.333365,0.333368,0.775586,
0.235586,0.245771,0.265245,0.265247,0.275127,0.276748,0.279905,0.281457,0.284539,0.284555,0.286112,0.289032,0.300177,0.307609,0.311070,0.314301,0.315361,0.320283,0.333311,0.333325,0.333327,0.333335,0.333336,0.333337,0.333339,0.333339,0.333339,0.333343,0.333344,0.333344,0.333344,0.333345,0.333349,0.333349,0.333351,0.333358,0.333369,0.333379,0.333380,0.776077,
0.236715,0.275115,0.276700,0.286046,0.286077,0.287592,0.291949,0.302710,0.306430,0.310024,0.311067,0.314327,0.317390,0.318387,0.319343,0.323007,0.324694,0.326333,0.327896,0.328628,0.332107,0.333306,0.333306,0.333306,0.333319,0.333322,0.333322,0.333324,0.333328,0.333332,0.333337,0.333341,0.333345,0.333351,0.333357,0.333361,0.333362,0.333367,0.333385,0.776144,
0.236149,0.242531,0.245818,0.258507,0.260187,0.273514,0.307633,0.312185,0.314320,0.317402,0.319341,0.321221,0.327096,0.327873,0.329366,0.330754,0.331445,0.333307,0.333311,0.333322,0.333325,0.333326,0.333337,0.333337,0.333338,0.333338,0.333338,0.333341,0.333341,0.333343,0.333344,0.333344,0.333346,0.333349,0.333357,0.333359,0.333360,0.333362,0.333404,0.774592,
0.237442,0.238788,0.251967,0.255225,0.265199,0.273485,0.278332,0.278342,0.287584,0.306441,0.307621,0.312163,0.312167,0.316391,0.317400,0.325511,0.325530,0.327886,0.329355,0.329355,0.330079,0.330755,0.332765,0.333311,0.333312,0.333313,0.333319,0.333329,0.333334,0.333335,0.333335,0.333337,0.333338,0.333338,0.333347,0.333351,0.333372,0.333410,0.333475,0.775744,
0.235880,0.242952,0.284576,0.290524,0.293361,0.308780,0.309910,0.312170,0.312172,0.314326,0.321217,0.327110,0.328639,0.330069,0.331429,0.333306,0.333319,0.333328,0.333332,0.333332,0.333336,0.333336,0.333337,0.333338,0.333343,0.333343,0.333343,0.333344,0.333345,0.333347,0.333351,0.333356,0.333359,0.333362,0.333368,0.333374,0.333377,0.333448,0.333455,0.776881,
0.247530,0.260158,0.276780,0.290516,0.294748,0.296140,0.306400,0.307649,0.322967,0.322989,0.325526,0.327126,0.333306,0.333306,0.333313,0.333320,0.333323,0.333323,0.333324,0.333325,0.333331,0.333332,0.333334,0.333334,0.333335,0.333335,0.333336,0.333336,0.333337,0.333340,0.333344,0.333345,0.333345,0.333345,0.333346,0.333355,0.333359,0.333390,0.333429,0.776183,
0.235519,0.244328,0.255831,0.300144,0.305232,0.306592,0.315361,0.321200,0.325526,0.326325,0.326327,0.327110,0.327114,0.329361,0.330088,0.330745,0.333308,0.333313,0.333327,0.333329,0.333330,0.333331,0.333331,0.333332,0.333333,0.333334,0.333335,0.333338,0.333339,0.333340,0.333340,0.333341,0.333342,0.333348,0.333352,0.333352,0.333354,0.333359,0.333361,0.776669,
0.240456,0.240496,0.278342,0.286060,0.290498,0.297505,0.312161,0.316400,0.317385,0.322114,0.322990,0.325576,0.326330,0.327107,0.327109,0.327116,0.327886,0.329354,0.332078,0.332716,0.333319,0.333334,0.333335,0.333336,0.333336,0.333336,0.333337,0.333337,0.333337,0.333338,0.333338,0.333338,0.333338,0.333341,0.333343,0.333348,0.333350,0.333362,0.333933,0.776642,
0.236389,0.241701,0.243038,0.253562,0.278312,0.281468,0.283036,0.287572,0.307600,0.312158,0.314323,0.315385,0.323852,0.327117,0.327881,0.329346,0.331420,0.333318,0.333320,0.333323,0.333324,0.333325,0.333326,0.333330,0.333330,0.333332,0.333332,0.333334,0.333337,0.333338,0.333338,0.333338,0.333339,0.333340,0.333343,0.333344,0.333352,0.333360,0.333470,0.775861,
0.243039,0.245772,0.254636,0.276686,0.284584,0.289050,0.296139,0.297489,0.297500,0.302688,0.312178,0.316405,0.317391,0.317397,0.318427,0.323897,0.324704,0.324710,0.326324,0.331469,0.333311,0.333313,0.333316,0.333322,0.333325,0.333327,0.333329,0.333329,0.333334,0.333335,0.333336,0.333336,0.333340,0.333342,0.333346,0.333347,0.333359,0.333359,0.333438,0.776355,
0.237615,0.239380,0.262068,0.263520,0.275096,0.287587,0.293350,0.293360,0.305208,0.318383,0.318423,0.320278,0.321196,0.321219,0.325528,0.327113,0.327936,0.328627,0.330061,0.330761,0.333321,0.333322,0.333331,0.333333,0.333334,0.333334,0.333335,0.333336,0.333338,0.333338,0.333338,0.333339,0.333339,0.333341,0.333343,0.333345,0.333346,0.333352,0.333357,0.776362,
0.239355,0.247287,0.248792,0.250387,0.260176,0.262704,0.265175,0.266891,0.281510,0.283005,0.296116,0.300157,0.313276,0.316395,0.317396,0.319352,0.322091,0.332716,0.332717,0.333312,0.333316,0.333325,0.333329,0.333332,0.333335,0.333335,0.333335,0.333336,0.333337,0.333338,0.333338,0.333341,0.333341,0.333342,0.333348,0.333356,0.333361,0.333369,0.333447,0.776426,
0.236722,0.238429,0.242331,0.265210,0.287566,0.289058,0.289086,0.291929,0.293339,0.302725,0.320276,0.323860,0.326323,0.327126,0.327879,0.328620,0.330059,0.330751,0.330795,0.331448,0.333110,0.333307,0.333310,0.333324,0.333326,0.333327,0.333332,0.333334,0.333336,0.333338,0.333339,0.333340,0.333346,0.333350,0.333352,0.333358,0.333367,0.333381,0.333382,0.775541,
0.235724,0.239408,0.241708,0.248814,0.250329,0.258542,0.278328,0.284543,0.284563,0.291912,0.296148,0.315373,0.316388,0.317375,0.317385,0.323874,0.324731,0.330757,0.331426,0.332097,0.333306,0.333307,0.333316,0.333321,0.333327,0.333333,0.333333,0.333334,0.333335,0.333335,0.333336,0.333336,0.333338,0.333338,0.333342,0.333349,0.333352,0.333354,0.333479,0.775342,
0.235673,0.238397,0.263612,0.273510,0.275062,0.275113,0.276715,0.281450,0.281485,0.283006,0.306441,0.320274,0.321204,0.323865,0.324698,0.326323,0.327871,0.327921,0.330753,0.332712,0.332714,0.333319,0.333325,0.333328,0.333329,0.333332,0.333332,0.333332,0.333333,0.333335,0.333336,0.333346,0.333355,0.333357,0.333357,0.333373,0.333379,0.333381,0.333395,0.775762,
0.284537,0.286063,0.286083,0.291912,0.296122,0.301442,0.301479,0.302733,0.308794,0.309927,0.309995,0.312183,0.316386,0.318383,0.319333,0.320280,0.320308,0.321191,0.321201,0.322117,0.325548,0.328634,0.332088,0.333306,0.333306,0.333312,0.333335,0.333335,0.333336,0.333337,0.333338,0.333339,0.333339,0.333342,0.333347,0.333349,0.333359,0.333362,0.333425,0.777041,
0.239401,0.255181,0.255184,0.255238,0.258496,0.260163,0.260183,0.261841,0.261841,0.271843,0.286073,0.290501,0.293383,0.306398,0.311062,0.314325,0.316375,0.323856,0.323871,0.330772,0.331431,0.331433,0.333310,0.333323,0.333326,0.333328,0.333333,0.333335,0.333336,0.333341,0.333341,0.333344,0.333345,0.333346,0.333346,0.333349,0.333349,0.333356,0.333357,0.776094,
0.235664,0.247188,0.258511,0.271876,0.279885,0.283009,0.290498,0.298856,0.303985,0.304020,0.306441,0.312153,0.316376,0.316401,0.319334,0.323050,0.323848,0.326346,0.327880,0.327911,0.329350,0.331434,0.333313,0.333321,0.333321,0.333322,0.333327,0.333329,0.333331,0.333332,0.333335,0.333343,0.333348,0.333353,0.333356,0.333369,0.333372,0.333372,0.333375,0.773468,
0.241796,0.258131,0.284557,0.291967,0.302694,0.313270,0.316391,0.317383,0.317392,0.317403,0.319339,0.321307,0.322108,0.323857,0.327924,0.328649,0.331464,0.333306,0.333306,0.333315,0.333320,0.333334,0.333335,0.333336,0.333336,0.333336,0.333337,0.333340,0.333340,0.333341,0.333341,0.333342,0.333343,0.333346,0.333348,0.333348,0.333349,0.333354,0.333357,0.775648,
0.236306,0.237498,0.254692,0.258095,0.262860,0.263477,0.265205,0.287626,0.300123,0.300411,0.312185,0.314321,0.317385,0.322980,0.327109,0.330077,0.333312,0.333322,0.333325,0.333327,0.333328,0.333330,0.333331,0.333333,0.333334,0.333335,0.333337,0.333337,0.333337,0.333338,0.333339,0.333340,0.333341,0.333342,0.333343,0.333343,0.333344,0.333347,0.333349,0.776165,
0.244382,0.251949,0.258502,0.258545,0.265165,0.266833,0.276737,0.279923,0.281446,0.291947,0.306418,0.319429,0.319591,0.323849,0.323859,0.328003,0.328630,0.333319,0.333321,0.333325,0.333325,0.333326,0.333327,0.333329,0.333330,0.333331,0.333334,0.333335,0.333336,0.333337,0.333337,0.333339,0.333340,0.333349,0.333356,0.333368,0.333369,0.333586,0.333682,0.776310,
0.248772,0.263545,0.275104,0.289043,0.293380,0.296135,0.305230,0.308789,0.314317,0.314336,0.315360,0.316410,0.323853,0.323868,0.326328,0.326344,0.327124,0.330772,0.332718,0.332737,0.332750,0.333329,0.333332,0.333333,0.333334,0.333334,0.333335,0.333336,0.333337,0.333337,0.333339,0.333339,0.333339,0.333339,0.333341,0.333341,0.333358,0.333367,0.333372,0.775570,
0.250365,0.255168,0.270166,0.271819,0.276718,0.290485,0.297561,0.301431,0.301464,0.302716,0.311055,0.312178,0.312182,0.316392,0.317385,0.321231,0.322111,0.333308,0.333312,0.333322,0.333326,0.333330,0.333330,0.333333,0.333333,0.333335,0.333335,0.333335,0.333335,0.333336,0.333336,0.333338,0.333338,0.333339,0.333343,0.333344,0.333344,0.333347,0.333352,0.776409,
0.235616,0.241691,0.245080,0.248804,0.256857,0.270188,0.273459,0.279907,0.287548,0.289047,0.298818,0.312181,0.314356,0.315349,0.318364,0.323854,0.324712,0.327879,0.332075,0.333325,0.333328,0.333329,0.333329,0.333330,0.333333,0.333335,0.333335,0.333336,0.333338,0.333340,0.333340,0.333343,0.333344,0.333350,0.333350,0.333351,0.333355,0.333374,0.333379,0.775254,
0.243028,0.250293,0.281466,0.286047,0.287582,0.290510,0.296158,0.302693,0.306424,0.306436,0.316372,0.318381,0.320283,0.321214,0.322092,0.323016,0.327866,0.328805,0.330067,0.330088,0.333307,0.333317,0.333318,0.333324,0.333327,0.333333,0.333334,0.333334,0.333336,0.333337,0.333339,0.333342,0.333344,0.333345,0.333357,0.333364,0.333374,0.333390,0.333422,0.775011,
0.256848,0.268551,0.281458,0.286049,0.305258,0.308773,0.314315,0.317394,0.318393,0.321201,0.323859,0.323864,0.325535,0.325561,0.330058,0.333305,0.333308,0.333308,0.333313,0.333323,0.333323,0.333325,0.333330,0.333332,0.333335,0.333335,0.333338,0.333339,0.333340,0.333341,0.333341,0.333342,0.333343,0.333347,0.333348,0.333348,0.333353,0.333354,0.333356,0.776328,
0.243005,0.258147,0.263542,0.270180,0.270218,0.287585,0.296139,0.297499,0.306408,0.307593,0.312171,0.316378,0.316418,0.317399,0.317399,0.320271,0.330060,0.330082,0.331422,0.332712,0.333314,0.333319,0.333325,0.333327,0.333332,0.333334,0.333335,0.333336,0.333338,0.333339,0.333339,0.333339,0.333340,0.333340,0.333341,0.333349,0.333355,0.333356,0.333358,0.775322,
0.237411,0.239367,0.240235,0.247270,0.251837,0.258514,0.278569,0.289080,0.290509,0.291937,0.294773,0.308765,0.309942,0.313246,0.315378,0.329359,0.329365,0.331414,0.332714,0.332716,0.333313,0.333319,0.333328,0.333328,0.333334,0.333335,0.333335,0.333337,0.333337,0.333342,0.333343,0.333343,0.333344,0.333347,0.333347,0.333352,0.333353,0.333357,0.333365,0.775756,
0.238435,0.241705,0.251051,0.256830,0.260174,0.266894,0.271870,0.276697,0.278337,0.282990,0.296118,0.308783,0.311070,0.314304,0.317524,0.319334,0.320271,0.322127,0.324687,0.325550,0.327872,0.327879,0.327944,0.333312,0.333316,0.333320,0.333320,0.333325,0.333334,0.333334,0.333334,0.333336,0.333336,0.333337,0.333346,0.333360,0.333372,0.333383,0.333443,0.776414,
0.235846,0.237570,0.245012,0.247339,0.250932,0.273462,0.278342,0.289062,0.290506,0.291962,0.293372,0.294772,0.300144,0.303964,0.313259,0.320267,0.325553,0.326319,0.327102,0.327906,0.329351,0.331451,0.332150,0.332776,0.333306,0.333331,0.333336,0.333338,0.333339,0.333339,0.333340,0.333341,0.333341,0.333345,0.333348,0.333352,0.333360,0.333362,0.333532,0.774157,
0.235551,0.236248,0.237548,0.276728,0.279906,0.284578,0.291921,0.298816,0.301401,0.306447,0.314394,0.315353,0.323949,0.324698,0.325524,0.327121,0.328805,0.331423,0.332076,0.333326,0.333327,0.333329,0.333334,0.333334,0.333335,0.333336,0.333336,0.333338,0.333339,0.333341,0.333345,0.333352,0.333353,0.333355,0.333355,0.333361,0.333361,0.333382,0.333549,0.775971,
0.235831,0.244283,0.245801,0.247278,0.271872,0.278335,0.279874,0.290511,0.291963,0.298823,0.298896,0.302730,0.303990,0.304006,0.308776,0.308854,0.314307,0.320279,0.321285,0.324706,0.325509,0.326314,0.330746,0.330773,0.333307,0.333311,0.333313,0.333316,0.333325,0.333334,0.333335,0.333337,0.333337,0.333338,0.333339,0.333340,0.333350,0.333351,0.333358,0.775779,
0.236787,0.241680,0.260213,0.265204,0.266899,0.266916,0.275143,0.279925,0.279934,0.290476,0.297524,0.300149,0.317381,0.318354,0.318365,0.320274,0.321211,0.326354,0.328684,0.329368,0.330842,0.332106,0.332736,0.333311,0.333318,0.333328,0.333330,0.333333,0.333336,0.333338,0.333339,0.333340,0.333344,0.333346,0.333348,0.333351,0.333354,0.333382,0.333385,0.775917,
0.235592,0.235782,0.241714,0.283019,0.284549,0.290537,0.297488,0.305227,0.316402,0.319324,0.319326,0.319363,0.327111,0.327883,0.328617,0.332083,0.333307,0.333307,0.333317,0.333323,0.333327,0.333331,0.333334,0.333335,0.333337,0.333337,0.333341,0.333342,0.333342,0.333344,0.333351,0.333352,0.333354,0.333359,0.333361,0.333366,0.333368,0.333371,0.333390,0.776178,
0.237502,0.240409,0.244916,0.260199,0.262898,0.273458,0.273477,0.273512,0.286065,0.292009,0.293334,0.298860,0.301450,0.301450,0.302727,0.307634,0.307689,0.309925,0.309935,0.314312,0.315354,0.316392,0.320289,0.332084,0.332720,0.333307,0.333316,0.333325,0.333327,0.333332,0.333333,0.333337,0.333338,0.333342,0.333342,0.333355,0.333358,0.333361,0.333390,0.775232,
0.247204,0.247266,0.253531,0.253565,0.265222,0.266926,0.268518,0.273507,0.281485,0.281499,0.293345,0.306819,0.318375,0.319356,0.324692,0.325530,0.330783,0.331428,0.333311,0.333314,0.333318,0.333325,0.333331,0.333334,0.333334,0.333343,0.333345,0.333347,0.333349,0.333350,0.333350,0.333354,0.333354,0.333363,0.333363,0.333364,0.333371,0.333445,0.333490,0.775294,
0.236105,0.256844,0.260222,0.261127,0.261846,0.266863,0.281461,0.297518,0.298820,0.300117,0.302710,0.305213,0.305218,0.306410,0.307642,0.309966,0.313243,0.317396,0.318382,0.319357,0.320278,0.323857,0.325530,0.325567,0.332713,0.333309,0.333314,0.333319,0.333329,0.333333,0.333335,0.333338,0.333339,0.333339,0.333342,0.333344,0.333354,0.333359,0.333382,0.776116,
0.237407,0.253531,0.289035,0.306420,0.311071,0.311080,0.314322,0.315343,0.315361,0.316425,0.317400,0.322087,0.323856,0.324698,0.325551,0.326325,0.326330,0.326433,0.329355,0.330781,0.332092,0.332712,0.333311,0.333316,0.333329,0.333334,0.333338,0.333339,0.333341,0.333341,0.333347,0.333348,0.333348,0.333349,0.333351,0.333359,0.333370,0.333374,0.333646,0.776375,
0.235801,0.244457,0.256852,0.275093,0.281482,0.287565,0.290498,0.290517,0.291972,0.301451,0.302722,0.307620,0.312166,0.314327,0.315354,0.321267,0.322120,0.325560,0.333307,0.333311,0.333318,0.333319,0.333320,0.333326,0.333327,0.333332,0.333332,0.333335,0.333336,0.333336,0.333338,0.333338,0.333339,0.333339,0.333340,0.333344,0.333345,0.333346,0.333346,0.774892,
0.237443,0.287569,0.291919,0.294787,0.297496,0.297500,0.298847,0.301440,0.312172,0.313266,0.316387,0.319342,0.321196,0.322987,0.323002,0.325513,0.326326,0.326409,0.332774,0.333322,0.333323,0.333327,0.333328,0.333328,0.333329,0.333332,0.333334,0.333336,0.333338,0.333338,0.333339,0.333343,0.333343,0.333344,0.333350,0.333355,0.333356,0.333363,0.333374,0.776815,
0.235627,0.237625,0.251933,0.258490,0.261340,0.268516,0.268526,0.279895,0.281486,0.286038,0.287550,0.289057,0.290499,0.296139,0.297490,0.298843,0.304113,0.309926,0.316389,0.317386,0.319362,0.323847,0.327895,0.330766,0.332084,0.333309,0.333328,0.333337,0.333337,0.333337,0.333338,0.333338,0.333338,0.333339,0.333339,0.333345,0.333351,0.333352,0.333357,0.776354,
0.236756,0.240523,0.248821,0.253560,0.261827,0.263535,0.268542,0.270183,0.297508,0.298828,0.301439,0.301452,0.301468,0.302733,0.307625,0.316717,0.321197,0.323849,0.323852,0.325522,0.325557,0.327130,0.327133,0.327878,0.330069,0.332089,0.332725,0.332731,0.333311,0.333313,0.333334,0.333352,0.333356,0.333357,0.333359,0.333365,0.333378,0.333416,0.333445,0.775353,
0.239368,0.244356,0.258519,0.260154,0.265195,0.283052,0.292015,0.300161,0.301424,0.309938,0.309944,0.311060,0.312167,0.323854,0.323867,0.323893,0.324696,0.326319,0.327889,0.332082,0.332094,0.332729,0.332731,0.333307,0.333308,0.333337,0.333338,0.333339,0.333340,0.333343,0.333350,0.333350,0.333351,0.333351,0.333369,0.333370,0.333376,0.333383,0.333392,0.775802,
0.243228,0.248807,0.273477,0.275139,0.276694,0.279909,0.286054,0.294736,0.306418,0.306452,0.313246,0.313249,0.313249,0.314315,0.322097,0.322110,0.328658,0.329422,0.330083,0.330762,0.333306,0.333306,0.333307,0.333317,0.333317,0.333330,0.333334,0.333338,0.333338,0.333339,0.333339,0.333340,0.333346,0.333350,0.333354,0.333359,0.333359,0.333372,0.333372,0.774798,
0.235664,0.235888,0.236830,0.247898,0.256838,0.266905,0.291926,0.294746,0.294756,0.296120,0.300153,0.313249,0.315360,0.316373,0.319342,0.325547,0.326334,0.327892,0.329370,0.329403,0.330059,0.332102,0.333306,0.333311,0.333314,0.333318,0.333334,0.333335,0.333343,0.333344,0.333345,0.333345,0.333347,0.333347,0.333357,0.333358,0.333360,0.333361,0.334017,0.775470,
0.239350,0.247281,0.250895,0.261846,0.266835,0.268552,0.275117,0.291928,0.291954,0.302712,0.302739,0.309943,0.311027,0.311063,0.314296,0.314311,0.318416,0.321216,0.329349,0.330078,0.330753,0.331440,0.333307,0.333312,0.333333,0.333335,0.333336,0.333338,0.333338,0.333342,0.333343,0.333344,0.333347,0.333353,0.333358,0.333366,0.333417,0.333433,0.333518,0.776121,
0.261810,0.268580,0.291931,0.293386,0.299054,0.301446,0.307611,0.308770,0.318376,0.321209,0.328626,0.330769,0.331450,0.332082,0.332084,0.332723,0.333306,0.333307,0.333315,0.333317,0.333317,0.333321,0.333329,0.333331,0.333331,0.333335,0.333335,0.333336,0.333336,0.333338,0.333339,0.333345,0.333347,0.333349,0.333350,0.333361,0.333367,0.333370,0.333381,0.775312,
0.235719,0.240548,0.245837,0.263536,0.265172,0.265205,0.268567,0.281466,0.287559,0.287565,0.294749,0.294757,0.301446,0.307633,0.318379,0.320287,0.322990,0.323881,0.328651,0.333306,0.333307,0.333307,0.333318,0.333318,0.333322,0.333332,0.333332,0.333333,0.333333,0.333335,0.333335,0.333335,0.333337,0.333339,0.333345,0.333347,0.333350,0.333360,0.333370,0.775744,
0.235672,0.235751,0.250917,0.256807,0.278323,0.289033,0.290549,0.303955,0.306436,0.308780,0.308798,0.309921,0.309949,0.311032,0.313263,0.314308,0.314340,0.317412,0.322098,0.330084,0.332084,0.333307,0.333332,0.333334,0.333334,0.333335,0.333337,0.333339,0.333342,0.333342,0.333344,0.333345,0.333347,0.333350,0.333356,0.333360,0.333367,0.333385,0.333420,0.775082,
0.238380,0.250376,0.278374,0.281479,0.283012,0.284527,0.296128,0.296138,0.309919,0.309943,0.322327,0.322985,0.323006,0.327885,0.332089,0.332094,0.333307,0.333313,0.333318,0.333318,0.333321,0.333327,0.333329,0.333330,0.333331,0.333336,0.333338,0.333340,0.333343,0.333344,0.333346,0.333346,0.333346,0.333348,0.333348,0.333355,0.333357,0.333375,0.333412,0.775417,
0.240445,0.244372,0.256833,0.271842,0.297491,0.297498,0.301461,0.314335,0.315372,0.322997,0.322998,0.322999,0.327112,0.327904,0.329350,0.331429,0.332719,0.333314,0.333314,0.333318,0.333318,0.333321,0.333321,0.333322,0.333322,0.333325,0.333336,0.333337,0.333337,0.333338,0.333339,0.333342,0.333348,0.333352,0.333358,0.333359,0.333361,0.333377,0.333397,0.776697,
0.241670,0.260166,0.268499,0.279890,0.283027,0.287593,0.289033,0.298860,0.300119,0.304018,0.313239,0.314316,0.315352,0.316383,0.318360,0.318377,0.318388,0.321208,0.323001,0.324707,0.326345,0.328628,0.332077,0.333307,0.333310,0.333311,0.333312,0.333328,0.333330,0.333335,0.333339,0.333339,0.333341,0.333341,0.333343,0.333344,0.333364,0.333374,0.333393,0.775203,
0.236495,0.261887,0.265205,0.281452,0.283011,0.287555,0.287593,0.289068,0.290500,0.301415,0.313254,0.318384,0.319331,0.321212,0.322114,0.323874,0.327104,0.327877,0.330752,0.332736,0.333307,0.333309,0.333329,0.333334,0.333336,0.333337,0.333338,0.333339,0.333340,0.333342,0.333342,0.333344,0.333351,0.333355,0.333356,0.333357,0.333362,0.333365,0.333371,0.776475,
0.235629,0.247281,0.248820,0.271828,0.294758,0.296152,0.297477,0.301446,0.314327,0.318372,0.319332,0.319371,0.320267,0.327107,0.327860,0.327879,0.330052,0.332720,0.333308,0.333313,0.333314,0.333325,0.333328,0.333328,0.333328,0.333335,0.333335,0.333337,0.333337,0.333340,0.333341,0.333342,0.333350,0.333355,0.333356,0.333358,0.333359,0.333367,0.333431,0.774964,
0.235578,0.236272,0.242312,0.244386,0.282997,0.290495,0.293366,0.294777,0.296135,0.300155,0.301434,0.303952,0.305224,0.313252,0.315396,0.316392,0.319352,0.319353,0.323845,0.327876,0.329349,0.331438,0.332732,0.333311,0.333313,0.333314,0.333318,0.333325,0.333326,0.333327,0.333332,0.333341,0.333342,0.333344,0.333348,0.333363,0.333382,0.333383,0.333418,0.774050,
0.237509,0.263552,0.287613,0.293492,0.314323,0.315385,0.323006,0.323848,0.325608,0.327879,0.330754,0.333307,0.333317,0.333324,0.333326,0.333333,0.333334,0.333335,0.333336,0.333337,0.333339,0.333339,0.333340,0.333341,0.333342,0.333343,0.333344,0.333347,0.333348,0.333348,0.333349,0.333350,0.333350,0.333352,0.333352,0.333353,0.333355,0.333357,0.333418,0.774738,
0.240386,0.247232,0.251141,0.273485,0.275103,0.278347,0.291934,0.307586,0.308768,0.308806,0.317397,0.319341,0.322126,0.323846,0.323847,0.323848,0.330061,0.330750,0.333312,0.333315,0.333316,0.333316,0.333320,0.333324,0.333326,0.333331,0.333332,0.333333,0.333337,0.333338,0.333338,0.333338,0.333338,0.333338,0.333343,0.333354,0.333356,0.333360,0.333401,0.776812,
0.236484,0.236781,0.260200,0.266856,0.270198,0.271877,0.275121,0.278361,0.282986,0.289085,0.291949,0.296170,0.300149,0.306442,0.323856,0.327102,0.328629,0.331432,0.333313,0.333318,0.333324,0.333329,0.333334,0.333335,0.333338,0.333338,0.333340,0.333340,0.333341,0.333341,0.333345,0.333347,0.333347,0.333349,0.333354,0.333364,0.333382,0.333463,0.333531,0.775597,
0.258516,0.263561,0.283022,0.286066,0.286068,0.287552,0.294748,0.294785,0.297586,0.303953,0.312165,0.312197,0.316407,0.318383,0.319363,0.321187,0.327110,0.327956,0.328620,0.333308,0.333320,0.333327,0.333327,0.333328,0.333334,0.333334,0.333336,0.333336,0.333336,0.333337,0.333343,0.333348,0.333348,0.333351,0.333353,0.333355,0.333362,0.333364,0.333371,0.776090,
0.237499,0.245025,0.245803,0.255199,0.270225,0.273483,0.294750,0.296154,0.312171,0.314312,0.318368,0.321212,0.323862,0.324696,0.330054,0.331429,0.333306,0.333309,0.333316,0.333319,0.333326,0.333330,0.333331,0.333337,0.333340,0.333341,0.333342,0.333342,0.333344,0.333348,0.333352,0.333352,0.333352,0.333353,0.333353,0.333356,0.333358,0.333370,0.333372,0.776295,
0.237571,0.239362,0.241687,0.252006,0.258513,0.260171,0.268504,0.275134,0.286085,0.293359,0.312155,0.326378,0.327876,0.327882,0.328642,0.329350,0.330060,0.330072,0.331428,0.333306,0.333316,0.333319,0.333321,0.333326,0.333335,0.333335,0.333337,0.333338,0.333339,0.333340,0.333342,0.333342,0.333344,0.333345,0.333345,0.333353,0.333375,0.333448,0.333500,0.775594,
0.248821,0.254719,0.265150,0.268503,0.273475,0.278283,0.284563,0.286075,0.287567,0.291925,0.294797,0.298838,0.303997,0.309938,0.309968,0.322995,0.322998,0.323846,0.323850,0.323856,0.332113,0.332719,0.333306,0.333308,0.333323,0.333323,0.333336,0.333336,0.333337,0.333337,0.333343,0.333346,0.333354,0.333357,0.333371,0.333379,0.333390,0.333393,0.333448,0.774812,
0.236753,0.237500,0.240466,0.253532,0.268514,0.275297,0.302717,0.308798,0.309938,0.312153,0.315371,0.316404,0.320266,0.321211,0.322994,0.324703,0.327879,0.330068,0.333306,0.333310,0.333315,0.333325,0.333330,0.333331,0.333334,0.333334,0.333337,0.333338,0.333339,0.333339,0.333339,0.333340,0.333348,0.333356,0.333358,0.333358,0.333363,0.333369,0.333380,0.775888,
0.256888,0.278314,0.284539,0.289034,0.291954,0.297524,0.305217,0.307604,0.308787,0.316384,0.316412,0.323859,0.327901,0.329502,0.330068,0.330754,0.333313,0.333316,0.333320,0.333327,0.333333,0.333333,0.333336,0.333336,0.333336,0.333337,0.333338,0.333339,0.333341,0.333341,0.333345,0.333346,0.333346,0.333349,0.333362,0.333366,0.333375,0.333402,0.333406,0.775907,
