0.000000,0.000000,0.000000,0.000000,0.000000,0.000000,0.000000,0.000000,0.000000,0.000000,0.000000,0.000000,0.000000,0.000000,0.000000,0.000000,0.000000,0.000000,0.000000,0.000000,0.000000,0.000000,0.000000,0.000000,0.000000,0.000000,0.000000,0.000000,0.000000,0.000000,0.000000,0.000000,0.000000,0.000000,0.000000,0.000000,0.000000,0.000000,0.000000,0.000000,
0.000000,0.245557,0.278113,0.286008,0.286099,0.310659,0.318609,0.321542,0.324350,0.329831,0.330706,0.333231,0.333979,0.334744,0.774134,0.774961,0.775121,0.775335,0.775752,0.775811,0.775919,0.775998,0.776003,0.776066,0.776073,0.776158,0.776341,0.776350,0.776359,0.776388,0.776414,0.776523,0.776595,0.776636,0.776713,0.776812,0.776815,0.776836,0.776876,0.776930,
0.244062,0.266391,0.268565,0.290233,0.302696,0.308900,0.309032,0.310121,0.313532,0.323584,0.323860,0.325523,0.328636,0.329723,0.330753,0.331246,0.333335,0.333337,0.333343,0.333346,0.333356,0.333357,0.333386,0.334345,0.774500,0.774620,0.774740,0.774869,0.775428,0.775691,0.775710,0.775786,0.775836,0.776036,0.776090,0.776489,0.776490,0.776526,0.776896,0.777338,
0.244052,0.246801,0.255184,0.270178,0.273481,0.289026,0.294743,0.298846,0.300133,0.301348,0.303971,0.307612,0.308810,0.308892,0.312358,0.314325,0.323852,0.326320,0.326490,0.327081,0.327213,0.327882,0.331429,0.333336,0.333336,0.333338,0.333340,0.333344,0.333350,0.333356,0.333367,0.333389,0.774290,0.774845,0.775124,0.775647,0.776112,0.776320,0.776781,0.777418,
0.239382,0.250399,0.250946,0.268550,0.271847,0.296142,0.297489,0.311070,0.317413,0.318421,0.319853,0.322101,0.322109,0.327129,0.327876,0.328637,0.333307,0.333326,0.333329,0.333330,0.333331,0.333338,0.333338,0.333339,0.333340,0.333347,0.333347,0.333350,0.333351,0.333351,0.333352,0.333355,0.333387,0.774883,0.775332,0.775398,0.775412,0.775640,0.775860,0.775966,
0.235560,0.236561,0.251988,0.258100,0.261847,0.286101,0.286121,0.287598,0.294606,0.295959,0.305182,0.305267,0.308764,0.309914,0.311051,0.313564,0.315349,0.315361,0.319327,0.319362,0.323719,0.333315,0.333317,0.333320,0.333320,0.333328,0.333329,0.333336,0.333336,0.333337,0.333337,0.333339,0.333343,0.333345,0.333351,0.333362,0.333363,0.333534,0.776017,0.776141,
0.250326,0.270282,0.278351,0.278557,0.289070,0.293181,0.296139,0.298843,0.301442,0.311064,0.311095,0.312164,0.324707,0.327121,0.331435,0.332077,0.332082,0.332090,0.333309,0.333316,0.333323,0.333325,0.333329,0.333330,0.333331,0.333335,0.333341,0.333341,0.333344,0.333344,0.333345,0.333346,0.333347,0.333348,0.333353,0.333357,0.333378,0.333423,0.333437,0.774877,
0.279892,0.279906,0.284546,0.297493,0.298822,0.302735,0.305217,0.309931,0.314327,0.317399,0.317418,0.318384,0.319377,0.320278,0.322991,0.325508,0.325535,0.326336,0.328629,0.330779,0.331422,0.333307,0.333313,0.333320,0.333322,0.333323,0.333324,0.333326,0.333329,0.333336,0.333336,0.333337,0.333339,0.333344,0.333345,0.333346,0.333352,0.333353,0.333360,0.775852,
0.235679,0.244359,0.250966,0.261846,0.281495,0.300153,0.302729,0.305192,0.307616,0.311038,0.311059,0.315362,0.319356,0.321202,0.327886,0.328624,0.333311,0.333315,0.333316,0.333334,0.333335,0.333337,0.333338,0.333338,0.333338,0.333338,0.333340,0.333340,0.333341,0.333341,0.333342,0.333343,0.333343,0.333344,0.333348,0.333349,0.333352,0.333360,0.333361,0.776165,
0.240451,0.257999,0.258493,0.271845,0.271851,0.286063,0.294732,0.300152,0.301430,0.303979,0.305204,0.308763,0.308842,0.309951,0.312149,0.315363,0.317385,0.318364,0.318377,0.324695,0.330754,0.332092,0.333310,0.333310,0.333324,0.333326,0.333329,0.333330,0.333332,0.333336,0.333337,0.333340,0.333346,0.333346,0.333348,0.333349,0.333351,0.333386,0.333545,0.773619,
0.260230,0.265222,0.273495,0.275120,0.279894,0.284554,0.289034,0.290504,0.293366,0.294740,0.303958,0.307618,0.317386,0.317403,0.324701,0.331428,0.331429,0.333307,0.333319,0.333320,0.333322,0.333331,0.333335,0.333336,0.333338,0.333338,0.333339,0.333340,0.333343,0.333346,0.333348,0.333350,0.333351,0.333351,0.333352,0.333364,0.333372,0.333471,0.333583,0.776472,
0.239490,0.248784,0.256840,0.266889,0.270217,0.273452,0.273504,0.278374,0.291941,0.293383,0.293410,0.294764,0.297477,0.297483,0.300170,0.301452,0.305203,0.309926,0.317397,0.319340,0.324719,0.326324,0.327871,0.327885,0.330084,0.332098,0.333306,0.333311,0.333322,0.333324,0.333328,0.333335,0.333335,0.333339,0.333341,0.333346,0.333353,0.333358,0.333359,0.775256,
0.236549,0.237490,0.261859,0.265192,0.279877,0.286054,0.296142,0.302704,0.308807,0.311042,0.315371,0.323862,0.323871,0.325523,0.325524,0.325563,0.326329,0.332734,0.333311,0.333312,0.333316,0.333329,0.333329,0.333335,0.333337,0.333337,0.333339,0.333340,0.333341,0.333348,0.333350,0.333351,0.333352,0.333353,0.333353,0.333363,0.333364,0.333366,0.333396,0.776220,
0.235708,0.263512,0.278305,0.293334,0.297508,0.302729,0.305204,0.308791,0.311067,0.316390,0.316402,0.319402,0.321210,0.322111,0.323825,0.327874,0.328634,0.333308,0.333309,0.333309,0.333317,0.333317,0.333318,0.333326,0.333328,0.333329,0.333336,0.333336,0.333336,0.333339,0.333340,0.333346,0.333346,0.333352,0.333357,0.333360,0.333368,0.333371,0.333436,0.775155,
0.235711,0.235729,0.236577,0.244362,0.258509,0.260193,0.265212,0.271832,0.279917,0.286074,0.291933,0.293365,0.294771,0.294772,0.297513,0.300139,0.312149,0.313239,0.316378,0.316385,0.323867,0.332726,0.333306,0.333310,0.333321,0.333328,0.333335,0.333336,0.333337,0.333341,0.333341,0.333342,0.333345,0.333346,0.333353,0.333353,0.333355,0.333360,0.333369,0.776872,
0.243035,0.247273,0.261854,0.276734,0.278327,0.291969,0.292016,0.303970,0.306433,0.311065,0.315487,0.322102,0.322182,0.327120,0.328637,0.332078,0.333307,0.333311,0.333315,0.333321,0.333326,0.333326,0.333329,0.333334,0.333334,0.333338,0.333338,0.333339,0.333343,0.333344,0.333353,0.333353,0.333354,0.333357,0.333359,0.333368,0.333371,0.333371,0.333385,0.775922,
0.235485,0.248797,0.268524,0.273485,0.291938,0.305211,0.314304,0.315354,0.317368,0.320269,0.322105,0.323847,0.324714,0.327881,0.329342,0.330055,0.330768,0.331427,0.332072,0.333306,0.333307,0.333311,0.333315,0.333317,0.333336,0.333336,0.333337,0.333338,0.333340,0.333340,0.333344,0.333348,0.333349,0.333350,0.333355,0.333361,0.333370,0.333382,0.333389,0.775062,
0.240533,0.243046,0.261284,0.273453,0.281495,0.283115,0.293355,0.300158,0.301441,0.302745,0.303973,0.305203,0.309937,0.317391,0.323859,0.324689,0.327878,0.330057,0.333306,0.333308,0.333318,0.333320,0.333323,0.333327,0.333328,0.333335,0.333335,0.333338,0.333338,0.333340,0.333342,0.333344,0.333344,0.333348,0.333353,0.333355,0.333357,0.333364,0.333365,0.776081,
0.241680,0.251961,0.265205,0.273493,0.276743,0.284558,0.289017,0.298839,0.301469,0.305187,0.315369,0.316380,0.319330,0.324682,0.327864,0.329351,0.330067,0.330120,0.333315,0.333320,0.333324,0.333332,0.333336,0.333337,0.333337,0.333338,0.333338,0.333340,0.333342,0.333342,0.333343,0.333348,0.333349,0.333351,0.333359,0.333360,0.333362,0.333392,0.333667,0.775178,
0.251927,0.258536,0.263505,0.271797,0.271824,0.286103,0.293344,0.293366,0.300159,0.312168,0.316391,0.316398,0.326335,0.330751,0.330769,0.332716,0.333309,0.333311,0.333312,0.333317,0.333330,0.333331,0.333332,0.333332,0.333335,0.333336,0.333337,0.333337,0.333338,0.333339,0.333341,0.333342,0.333343,0.333347,0.333358,0.333362,0.333368,0.333379,0.333390,0.775379,
0.235678,0.236896,0.239351,0.244444,0.258518,0.261837,0.273465,0.289056,0.289059,0.290512,0.293335,0.300145,0.301466,0.303997,0.307623,0.313246,0.313256,0.315369,0.317385,0.318366,0.324700,0.327111,0.328623,0.328636,0.330094,0.331432,0.331458,0.333309,0.333326,0.333331,0.333334,0.333335,0.333337,0.333338,0.333342,0.333345,0.333345,0.333354,0.333362,0.775290,
0.236757,0.244381,0.255169,0.265174,0.275097,0.281440,0.283035,0.290491,0.293374,0.294773,0.301445,0.302718,0.303978,0.305242,0.308788,0.313247,0.313255,0.315385,0.315411,0.317390,0.332079,0.332084,0.332712,0.333323,0.333330,0.333332,0.333335,0.333335,0.333337,0.333338,0.333343,0.333350,0.333354,0.333355,0.333355,0.333364,0.333369,0.333396,0.333418,0.776592,
0.235554,0.244325,0.248752,0.256818,0.271883,0.302700,0.302720,0.303971,0.305205,0.306419,0.312161,0.314305,0.315391,0.318387,0.320304,0.321198,0.325521,0.327182,0.329346,0.330077,0.333308,0.333310,0.333314,0.333314,0.333336,0.333336,0.333340,0.333343,0.333344,0.333344,0.333347,0.333348,0.333353,0.333353,0.333355,0.333359,0.333363,0.333374,0.333386,0.774401,
0.256841,0.265201,0.273428,0.275094,0.286069,0.293350,0.297489,0.300163,0.301441,0.306453,0.309952,0.311048,0.312192,0.315361,0.318371,0.319332,0.325523,0.328716,0.330053,0.330758,0.330808,0.331431,0.331432,0.331445,0.333309,0.333314,0.333319,0.333323,0.333334,0.333337,0.333338,0.333340,0.333343,0.333347,0.333348,0.333349,0.333349,0.333362,0.333380,0.775585,
0.239278,0.248802,0.253535,0.255197,0.271865,0.284575,0.296156,0.305222,0.315363,0.316374,0.317402,0.317404,0.324705,0.324713,0.327880,0.328618,0.328622,0.328628,0.330797,0.332743,0.333319,0.333319,0.333320,0.333323,0.333324,0.333328,0.333330,0.333334,0.333337,0.333340,0.333341,0.333341,0.333345,0.333347,0.333348,0.333350,0.333351,0.333354,0.333358,0.774749,
0.237559,0.261000,0.270182,0.275101,0.284557,0.293380,0.308803,0.312182,0.314340,0.317381,0.321193,0.323861,0.326325,0.327100,0.329394,0.330801,0.332733,0.333310,0.333313,0.333318,0.333320,0.333322,0.333332,0.333333,0.333335,0.333336,0.333336,0.333336,0.333336,0.333337,0.333339,0.333339,0.333339,0.333339,0.333342,0.333343,0.333349,0.333364,0.333398,0.775344,
0.247908,0.256842,0.260165,0.265206,0.278355,0.283010,0.289341,0.298824,0.298830,0.300151,0.302701,0.306421,0.314331,0.314382,0.315366,0.320274,0.321196,0.324683,0.328625,0.328649,0.330752,0.333310,0.333325,0.333331,0.333332,0.333333,0.333334,0.333335,0.333336,0.333338,0.333340,0.333342,0.333346,0.333348,0.333353,0.333357,0.333362,0.333363,0.333365,0.776591,
0.235946,0.236751,0.248829,0.258482,0.263536,0.281465,0.286058,0.291967,0.296145,0.297494,0.311044,0.311067,0.313261,0.315367,0.317403,0.321197,0.322118,0.325560,0.327902,0.329370,0.330772,0.332727,0.333308,0.333321,0.333326,0.333330,0.333334,0.333335,0.333336,0.333336,0.333337,0.333339,0.333339,0.333341,0.333343,0.333350,0.333371,0.333373,0.333512,0.775667,
0.235835,0.242949,0.251936,0.260166,0.260756,0.265257,0.266848,0.268530,0.268584,0.289035,0.293353,0.298858,0.303961,0.309938,0.314328,0.320304,0.326320,0.326325,0.328638,0.329356,0.330752,0.333306,0.333326,0.333330,0.333332,0.333333,0.333336,0.333336,0.333337,0.333339,0.333340,0.333342,0.333342,0.333343,0.333344,0.333351,0.333355,0.333405,0.333430,0.775110,
0.239311,0.240559,0.287530,0.291975,0.300145,0.300468,0.302741,0.302747,0.306419,0.311045,0.313264,0.314318,0.321195,0.322992,0.331479,0.332086,0.333314,0.333324,0.333325,0.333330,0.333333,0.333334,0.333335,0.333336,0.333337,0.333338,0.333338,0.333338,0.333341,0.333347,0.333349,0.333351,0.333353,0.333366,0.333367,0.333368,0.333370,0.333377,0.333414,0.775676,
0.256867,0.279902,0.282989,0.283037,0.291952,0.296153,0.300169,0.302895,0.305210,0.305219,0.305222,0.307621,0.307636,0.313246,0.313253,0.321219,0.323851,0.323867,0.324704,0.325520,0.330060,0.330068,0.331434,0.332081,0.333307,0.333307,0.333308,0.333316,0.333316,0.333326,0.333331,0.333334,0.333335,0.333336,0.333339,0.333339,0.333345,0.333349,0.333397,0.775976,
0.236512,0.236731,0.240458,0.240563,0.244415,0.247256,0.248853,0.251924,0.256885,0.271795,0.271847,0.278323,0.279891,0.283029,0.287557,0.287580,0.287594,0.291957,0.302698,0.308761,0.308779,0.312164,0.315377,0.316408,0.322982,0.328624,0.330758,0.331444,0.333322,0.333334,0.333338,0.333339,0.333339,0.333346,0.333348,0.333352,0.333355,0.333359,0.333373,0.776109,
0.236718,0.244674,0.251904,0.253566,0.271852,0.271867,0.279895,0.279929,0.284559,0.290490,0.298845,0.308781,0.313268,0.313280,0.320311,0.323859,0.324745,0.326321,0.327979,0.329362,0.330123,0.333315,0.333319,0.333328,0.333328,0.333334,0.333334,0.333336,0.333340,0.333342,0.333346,0.333346,0.333356,0.333359,0.333361,0.333363,0.333374,0.333393,0.333406,0.775288,
0.235721,0.239396,0.243037,0.251928,0.263501,0.271883,0.284584,0.293374,0.300138,0.306444,0.307636,0.316383,0.317386,0.317407,0.325529,0.328630,0.329354,0.329356,0.329361,0.330753,0.332081,0.332263,0.333309,0.333312,0.333313,0.333321,0.333325,0.333326,0.333327,0.333332,0.333336,0.333340,0.333341,0.333347,0.333351,0.333357,0.333360,0.333363,0.333404,0.776270,
0.261843,0.266885,0.281469,0.289069,0.307612,0.308779,0.316391,0.318428,0.322118,0.323948,0.325529,0.326338,0.329355,0.329365,0.330058,0.332719,0.333309,0.333310,0.333313,0.333313,0.333317,0.333326,0.333328,0.333335,0.333336,0.333336,0.333336,0.333338,0.333340,0.333341,0.333343,0.333343,0.333343,0.333348,0.333350,0.333353,0.333368,0.333378,0.333396,0.775656,
0.236436,0.240548,0.247233,0.261872,0.268540,0.291930,0.293362,0.297512,0.301454,0.304009,0.307629,0.308788,0.323002,0.323857,0.327883,0.330057,0.331424,0.332079,0.332085,0.332717,0.333310,0.333324,0.333329,0.333330,0.333331,0.333333,0.333336,0.333336,0.333336,0.333338,0.333338,0.333338,0.333338,0.333343,0.333348,0.333349,0.333351,0.333353,0.333361,0.776085,
0.247176,0.256854,0.256901,0.273489,0.276684,0.291945,0.296134,0.301474,0.303966,0.306439,0.308791,0.320266,0.326325,0.326456,0.327109,0.328636,0.329347,0.332144,0.332717,0.333309,0.333312,0.333320,0.333324,0.333334,0.333334,0.333335,0.333336,0.333338,0.333339,0.333339,0.333346,0.333348,0.333348,0.333349,0.333351,0.333354,0.333365,0.333369,0.333383,0.775981,
0.240554,0.241715,0.250314,0.263518,0.281456,0.283030,0.290507,0.297493,0.311048,0.315359,0.317382,0.322112,0.324698,0.327101,0.327915,0.328622,0.330742,0.332078,0.332719,0.333307,0.333307,0.333310,0.333314,0.333317,0.333319,0.333333,0.333334,0.333335,0.333336,0.333337,0.333342,0.333350,0.333351,0.333353,0.333353,0.333355,0.333363,0.333373,0.333381,0.774948,
0.251931,0.275121,0.278315,0.278325,0.293351,0.298813,0.301410,0.301447,0.306409,0.312166,0.313307,0.318373,0.319353,0.322122,0.322998,0.324718,0.326324,0.327125,0.327915,0.330063,0.330117,0.333306,0.333307,0.333314,0.333316,0.333333,0.333334,0.333335,0.333336,0.333338,0.333338,0.333339,0.333343,0.333346,0.333346,0.333351,0.333359,0.333360,0.333369,0.775735,
0.241698,0.255218,0.256805,0.261853,0.261876,0.286046,0.286065,0.291948,0.291976,0.294752,0.300146,0.306408,0.308779,0.316382,0.319346,0.323861,0.326330,0.326341,0.327115,0.330754,0.332086,0.332103,0.333312,0.333316,0.333331,0.333332,0.333332,0.333333,0.333335,0.333337,0.333338,0.333340,0.333344,0.333348,0.333350,0.333350,0.333359,0.333363,0.333377,0.776027,
0.236782,0.237344,0.238383,0.248813,0.260212,0.276726,0.300135,0.301444,0.302728,0.303961,0.305183,0.309908,0.311110,0.316394,0.318397,0.323008,0.326321,0.326334,0.328607,0.328626,0.329365,0.330748,0.330773,0.332074,0.333306,0.333310,0.333317,0.333334,0.333334,0.333335,0.333335,0.333337,0.333338,0.333348,0.333350,0.333350,0.333355,0.333375,0.333390,0.775816,
0.247308,0.252036,0.265217,0.268526,0.271824,0.276732,0.283024,0.291933,0.298843,0.305199,0.306420,0.308790,0.317399,0.321205,0.327912,0.328620,0.328633,0.329352,0.329465,0.331419,0.332079,0.333306,0.333308,0.333320,0.333329,0.333332,0.333334,0.333335,0.333336,0.333338,0.333338,0.333339,0.333342,0.333348,0.333348,0.333359,0.333361,0.333398,0.333405,0.776430,
0.235794,0.248819,0.261884,0.278322,0.290496,0.293383,0.294743,0.300180,0.305210,0.306426,0.311047,0.315364,0.316409,0.319346,0.322115,0.323844,0.324681,0.324708,0.325537,0.327108,0.327889,0.327900,0.333319,0.333320,0.333325,0.333331,0.333332,0.333335,0.333335,0.333336,0.333341,0.333343,0.333348,0.333351,0.333354,0.333358,0.333362,0.333364,0.333382,0.775889,
0.239387,0.245859,0.268578,0.276735,0.279952,0.284563,0.289059,0.298834,0.301437,0.302730,0.314332,0.319326,0.320271,0.320301,0.320321,0.321207,0.326332,0.333306,0.333306,0.333317,0.333319,0.333330,0.333331,0.333334,0.333335,0.333335,0.333337,0.333337,0.333338,0.333339,0.333339,0.333339,0.333340,0.333348,0.333350,0.333353,0.333356,0.333360,0.333369,0.775879,
0.236754,0.240466,0.247695,0.248801,0.258479,0.275111,0.275150,0.279917,0.296142,0.301462,0.306408,0.308792,0.309927,0.313268,0.315350,0.315383,0.320274,0.324702,0.325517,0.329349,0.332714,0.333307,0.333308,0.333314,0.333318,0.333320,0.333327,0.333328,0.333328,0.333330,0.333334,0.333341,0.333343,0.333345,0.333349,0.333350,0.333357,0.333359,0.333360,0.775610,
0.243030,0.250972,0.260210,0.279893,0.281522,0.300136,0.307612,0.309925,0.316378,0.322103,0.326324,0.326324,0.327129,0.330070,0.330766,0.330776,0.331433,0.331445,0.331496,0.333312,0.333317,0.333332,0.333334,0.333335,0.333335,0.333336,0.333337,0.333337,0.333338,0.333341,0.333342,0.333344,0.333345,0.333347,0.333356,0.333363,0.333380,0.333405,0.333517,0.775801,
0.238381,0.240277,0.248853,0.261856,0.266872,0.278330,0.279878,0.283054,0.300153,0.303970,0.308760,0.309947,0.321202,0.324702,0.325514,0.328617,0.332718,0.333306,0.333306,0.333323,0.333329,0.333333,0.333334,0.333334,0.333334,0.333335,0.333336,0.333337,0.333338,0.333341,0.333343,0.333345,0.333345,0.333350,0.333351,0.333359,0.333370,0.333389,0.333538,0.775400,
0.244970,0.247253,0.271842,0.286068,0.290506,0.293365,0.294741,0.298824,0.301466,0.307622,0.308776,0.311053,0.314310,0.324684,0.324699,0.324703,0.324744,0.326467,0.329384,0.331423,0.333306,0.333322,0.333325,0.333327,0.333331,0.333332,0.333332,0.333333,0.333334,0.333336,0.333338,0.333338,0.333341,0.333346,0.333347,0.333351,0.333360,0.333366,0.333400,0.776324,
0.247266,0.251929,0.270183,0.275094,0.278331,0.278344,0.281626,0.290506,0.291944,0.293366,0.297490,0.307596,0.311058,0.311058,0.317391,0.321221,0.328623,0.330744,0.332083,0.332709,0.333312,0.333317,0.333321,0.333334,0.333334,0.333334,0.333335,0.333335,0.333337,0.333338,0.333338,0.333339,0.333341,0.333344,0.333344,0.333347,0.333350,0.333354,0.333357,0.775242,
0.236077,0.236729,0.255252,0.265193,0.265219,0.268519,0.268574,0.273513,0.276718,0.283022,0.286062,0.287591,0.289059,0.297518,0.298833,0.298845,0.306406,0.308775,0.319331,0.320293,0.322104,0.322113,0.323001,0.328669,0.328669,0.330776,0.332724,0.333329,0.333332,0.333333,0.333334,0.333334,0.333336,0.333342,0.333343,0.333345,0.333347,0.333354,0.333360,0.776107,
0.236718,0.240351,0.240494,0.250359,0.251955,0.263507,0.268525,0.278297,0.281461,0.287582,0.297490,0.303964,0.309907,0.316368,0.318403,0.319341,0.321208,0.326345,0.329358,0.333324,0.333325,0.333333,0.333335,0.333336,0.333337,0.333339,0.333339,0.333340,0.333351,0.333351,0.333352,0.333356,0.333357,0.333358,0.333366,0.333367,0.333367,0.333406,0.333434,0.776363,
0.235657,0.248835,0.268550,0.291945,0.296167,0.301454,0.311089,0.315367,0.318376,0.325515,0.325534,0.327881,0.330750,0.332722,0.332748,0.333307,0.333308,0.333311,0.333313,0.333313,0.333317,0.333317,0.333320,0.333328,0.333331,0.333338,0.333339,0.333339,0.333343,0.333346,0.333351,0.333356,0.333359,0.333368,0.333377,0.333379,0.333393,0.333406,0.333467,0.775613,
0.238561,0.239327,0.247320,0.256908,0.263566,0.266920,0.278319,0.293347,0.294775,0.297496,0.300141,0.302764,0.307644,0.318372,0.319352,0.327121,0.327209,0.328619,0.330763,0.333307,0.333311,0.333313,0.333317,0.333326,0.333329,0.333335,0.333335,0.333337,0.333338,0.333338,0.333341,0.333344,0.333345,0.333345,0.333349,0.333350,0.333354,0.333355,0.333357,0.777006,
0.260189,0.260972,0.261869,0.265181,0.268555,0.270197,0.270212,0.287607,0.291948,0.293326,0.297487,0.298825,0.300126,0.301462,0.303978,0.306433,0.307609,0.321195,0.322984,0.323847,0.324696,0.329345,0.332073,0.333315,0.333322,0.333326,0.333337,0.333338,0.333338,0.333339,0.333345,0.333348,0.333350,0.333350,0.333351,0.333360,0.333366,0.333369,0.333461,0.776623,
0.237434,0.242918,0.243019,0.250344,0.275115,0.281426,0.281473,0.287572,0.296132,0.298839,0.301452,0.312165,0.313238,0.317388,0.319330,0.320283,0.324710,0.327879,0.327884,0.330055,0.331439,0.333323,0.333325,0.333334,0.333340,0.333341,0.333347,0.333347,0.333349,0.333350,0.333351,0.333356,0.333364,0.333365,0.333365,0.333367,0.333370,0.333371,0.333657,0.775594,
0.261896,0.263531,0.278292,0.281487,0.293356,0.293370,0.296137,0.298834,0.300154,0.306421,0.307597,0.307621,0.318371,0.319355,0.320336,0.322092,0.323851,0.323875,0.326324,0.328613,0.330192,0.332723,0.333306,0.333308,0.333308,0.333317,0.333328,0.333332,0.333336,0.333337,0.333338,0.333339,0.333339,0.333341,0.333342,0.333344,0.333351,0.333352,0.333390,0.775637,
0.247268,0.253531,0.263539,0.268559,0.271841,0.275126,0.278345,0.279910,0.290504,0.291941,0.302735,0.308773,0.314318,0.314327,0.315387,0.320278,0.327903,0.330760,0.333317,0.333327,0.333328,0.333330,0.333331,0.333334,0.333336,0.333338,0.333339,0.333340,0.333341,0.333341,0.333347,0.333347,0.333350,0.333353,0.333353,0.333353,0.333354,0.333359,0.333370,0.775857,
0.245033,0.263521,0.283025,0.306408,0.307633,0.309928,0.313281,0.316373,0.316385,0.318410,0.321198,0.322995,0.323005,0.327106,0.329345,0.329348,0.329366,0.329370,0.330752,0.333307,0.333315,0.333316,0.333321,0.333326,0.333328,0.333334,0.333335,0.333335,0.333337,0.333340,0.333343,0.333344,0.333345,0.333346,0.333349,0.333353,0.333363,0.333377,0.333382,0.775270,
0.243158,0.245793,0.263541,0.270206,0.278324,0.279918,0.284558,0.289031,0.298851,0.301458,0.301461,0.303996,0.311078,0.312168,0.318371,0.320277,0.322993,0.323848,0.327874,0.330758,0.331422,0.332085,0.333305,0.333307,0.333321,0.333323,0.333324,0.333334,0.333335,0.333338,0.333341,0.333342,0.333342,0.333343,0.333346,0.333346,0.333347,0.333356,0.333358,0.775381,
0.255575,0.256868,0.271826,0.290489,0.290493,0.296150,0.296162,0.306463,0.309937,0.312173,0.313269,0.321210,0.323841,0.327114,0.329412,0.330758,0.331452,0.332087,0.332724,0.333320,0.333321,0.333325,0.333326,0.333330,0.333331,0.333334,0.333334,0.333335,0.333337,0.333337,0.333339,0.333339,0.333342,0.333342,0.333345,0.333350,0.333357,0.333361,0.333382,0.776065,
0.236013,0.237592,0.253516,0.270196,0.271839,0.283019,0.286039,0.291940,0.298829,0.300140,0.300143,0.303959,0.305214,0.324695,0.325529,0.327876,0.327880,0.330747,0.333307,0.333312,0.333316,0.333318,0.333321,0.333323,0.333332,0.333332,0.333334,0.333334,0.333336,0.333337,0.333338,0.333340,0.333341,0.333343,0.333346,0.333348,0.333355,0.333355,0.333374,0.775261,
0.245718,0.256871,0.279915,0.290526,0.296215,0.298801,0.298833,0.300153,0.301446,0.302707,0.307620,0.313246,0.314304,0.322984,0.326326,0.328625,0.329356,0.333314,0.333320,0.333321,0.333327,0.333334,0.333335,0.333336,0.333337,0.333339,0.333341,0.333346,0.333348,0.333348,0.333349,0.333350,0.333355,0.333356,0.333357,0.333364,0.333364,0.333376,0.333451,0.776253,
0.253585,0.266839,0.281470,0.286061,0.286091,0.290475,0.291936,0.296143,0.303983,0.312156,0.312159,0.314338,0.316366,0.320287,0.321213,0.322976,0.323870,0.324714,0.327106,0.333306,0.333308,0.333312,0.333314,0.333318,0.333319,0.333320,0.333320,0.333329,0.333334,0.333337,0.333337,0.333338,0.333342,0.333344,0.333347,0.333350,0.333352,0.333373,0.333383,0.775315,
0.235740,0.270209,0.283024,0.287556,0.289047,0.290503,0.296132,0.297503,0.301468,0.306427,0.308783,0.314332,0.318406,0.319333,0.321213,0.322981,0.325521,0.331436,0.331446,0.333306,0.333307,0.333316,0.333323,0.333329,0.333332,0.333338,0.333338,0.333339,0.333341,0.333341,0.333343,0.333345,0.333348,0.333353,0.333353,0.333354,0.333357,0.333359,0.333376,0.776125,
0.237575,0.242951,0.256860,0.275097,0.284534,0.294739,0.309955,0.309965,0.313264,0.314326,0.317394,0.317419,0.323869,0.325512,0.327106,0.330057,0.331431,0.332726,0.333312,0.333315,0.333316,0.333320,0.333323,0.333327,0.333327,0.333334,0.333335,0.333337,0.333339,0.333339,0.333340,0.333340,0.333340,0.333342,0.333352,0.333354,0.333356,0.333356,0.333424,0.775889,
0.235874,0.244318,0.289046,0.298858,0.300128,0.301465,0.301497,0.306514,0.315363,0.323870,0.325531,0.326328,0.328630,0.329356,0.330758,0.332084,0.333306,0.333312,0.333314,0.333315,0.333316,0.333319,0.333320,0.333325,0.333333,0.333334,0.333335,0.333338,0.333338,0.333338,0.333339,0.333342,0.333344,0.333345,0.333347,0.333347,0.333349,0.333358,0.333372,0.776792,
0.242446,0.247725,0.253612,0.279888,0.284555,0.291969,0.293379,0.298820,0.308820,0.314312,0.320364,0.321203,0.323849,0.323855,0.323863,0.327112,0.327857,0.333306,0.333320,0.333325,0.333328,0.333329,0.333333,0.333334,0.333335,0.333335,0.333335,0.333337,0.333338,0.333338,0.333339,0.333339,0.333343,0.333344,0.333345,0.333347,0.333348,0.333350,0.333351,0.775596,
0.236207,0.236617,0.239374,0.250344,0.268533,0.270184,0.276718,0.284555,0.290517,0.290625,0.306406,0.307600,0.308807,0.308986,0.314329,0.322111,0.324692,0.324703,0.325517,0.329347,0.331430,0.332121,0.333312,0.333316,0.333318,0.333324,0.333331,0.333333,0.333337,0.333337,0.333339,0.333339,0.333339,0.333339,0.333341,0.333351,0.333354,0.333354,0.333358,0.776986,
0.235582,0.238386,0.240506,0.240572,0.245828,0.248742,0.253535,0.256897,0.281484,0.283026,0.290468,0.302736,0.315390,0.316431,0.321202,0.321224,0.324704,0.325507,0.329348,0.329369,0.333315,0.333330,0.333334,0.333334,0.333334,0.333335,0.333338,0.333338,0.333338,0.333341,0.333344,0.333346,0.333347,0.333349,0.333354,0.333355,0.333358,0.333364,0.333434,0.774297,
0.235518,0.240486,0.245925,0.250403,0.255237,0.276759,0.279859,0.279896,0.281492,0.286084,0.290558,0.298845,0.303983,0.306442,0.309914,0.319359,0.322986,0.323015,0.327103,0.333308,0.333314,0.333315,0.333320,0.333324,0.333328,0.333329,0.333329,0.333333,0.333334,0.333336,0.333338,0.333339,0.333340,0.333340,0.333342,0.333346,0.333383,0.333397,0.333418,0.777233,
0.237474,0.256802,0.263547,0.265225,0.268537,0.294747,0.297500,0.306412,0.306426,0.313253,0.319347,0.324691,0.326336,0.330071,0.333307,0.333325,0.333326,0.333327,0.333331,0.333333,0.333336,0.333337,0.333339,0.333339,0.333340,0.333340,0.333341,0.333342,0.333347,0.333347,0.333348,0.333354,0.333359,0.333360,0.333362,0.333379,0.333384,0.333392,0.333418,0.774693,
0.245767,0.261166,0.266894,0.281476,0.284552,0.286067,0.301448,0.309924,0.309947,0.309964,0.311057,0.311061,0.312157,0.312181,0.321213,0.322108,0.323022,0.325549,0.328632,0.332084,0.333307,0.333310,0.333311,0.333320,0.333327,0.333328,0.333334,0.333335,0.333336,0.333337,0.333337,0.333338,0.333338,0.333339,0.333339,0.333351,0.333353,0.333361,0.333442,0.774962,
0.239336,0.239350,0.240453,0.240522,0.243003,0.249087,0.256843,0.291937,0.293367,0.305195,0.305204,0.321227,0.327878,0.333317,0.333320,0.333323,0.333328,0.333332,0.333333,0.333335,0.333337,0.333338,0.333340,0.333340,0.333341,0.333342,0.333345,0.333345,0.333345,0.333345,0.333346,0.333346,0.333350,0.333351,0.333352,0.333356,0.333360,0.333361,0.333383,0.776525,
0.237547,0.244363,0.244481,0.248768,0.256836,0.266862,0.276727,0.284540,0.294756,0.298803,0.303960,0.305235,0.306428,0.308773,0.308780,0.314359,0.319336,0.319394,0.320274,0.323128,0.326312,0.330059,0.330068,0.333307,0.333322,0.333322,0.333322,0.333322,0.333326,0.333327,0.333327,0.333331,0.333332,0.333338,0.333340,0.333342,0.333354,0.333388,0.333396,0.776852,
0.235645,0.238649,0.239393,0.263510,0.276710,0.283010,0.290497,0.290517,0.301453,0.302720,0.305204,0.306425,0.307606,0.322102,0.322134,0.328618,0.332710,0.332793,0.333308,0.333310,0.333310,0.333335,0.333335,0.333336,0.333337,0.333339,0.333341,0.333341,0.333341,0.333344,0.333347,0.333347,0.333348,0.333357,0.333361,0.333365,0.333381,0.333386,0.333386,0.775993,
0.237305,0.275084,0.275115,0.276785,0.279876,0.280002,0.281451,0.283009,0.284553,0.286082,0.287564,0.290491,0.290494,0.300165,0.306470,0.315361,0.316376,0.317402,0.318375,0.325533,0.328693,0.333306,0.333307,0.333308,0.333320,0.333320,0.333326,0.333328,0.333333,0.333334,0.333336,0.333337,0.333340,0.333349,0.333350,0.333355,0.333361,0.333361,0.333368,0.775719,
0.241714,0.247274,0.252032,0.258550,0.260148,0.265209,0.266892,0.271902,0.284564,0.291953,0.297466,0.316399,0.318402,0.320279,0.320284,0.322113,0.323008,0.327120,0.327879,0.329382,0.333310,0.333319,0.333322,0.333327,0.333330,0.333337,0.333338,0.333341,0.333342,0.333342,0.333343,0.333347,0.333351,0.333354,0.333355,0.333358,0.333361,0.333362,0.333445,0.776273,
0.240492,0.242335,0.247288,0.253611,0.266891,0.271846,0.276724,0.286030,0.303962,0.306420,0.313250,0.318381,0.327886,0.328634,0.328655,0.328671,0.330755,0.333310,0.333317,0.333323,0.333325,0.333326,0.333329,0.333330,0.333336,0.333338,0.333338,0.333340,0.333341,0.333341,0.333342,0.333343,0.333352,0.333352,0.333354,0.333357,0.333364,0.333367,0.333373,0.775339,
0.236523,0.265221,0.268504,0.278344,0.281473,0.290472,0.290487,0.302727,0.306441,0.308768,0.311066,0.311084,0.317382,0.317458,0.324686,0.325512,0.326327,0.330061,0.332718,0.333306,0.333307,0.333316,0.333326,0.333326,0.333327,0.333329,0.333335,0.333336,0.333336,0.333337,0.333337,0.333337,0.333338,0.333345,0.333348,0.333356,0.333365,0.333382,0.333481,0.776512,
0.258585,0.260140,0.278299,0.279895,0.283033,0.296134,0.297502,0.307617,0.314328,0.315363,0.319344,0.324693,0.325529,0.327119,0.327131,0.327910,0.330760,0.332079,0.332721,0.333308,0.333310,0.333320,0.333329,0.333330,0.333330,0.333335,0.333337,0.333337,0.333338,0.333338,0.333345,0.333346,0.333347,0.333350,0.333355,0.333357,0.333360,0.333367,0.333438,0.775933,
0.236740,0.239393,0.240433,0.244360,0.244365,0.268541,0.278326,0.281519,0.283035,0.287576,0.298807,0.313274,0.322993,0.322997,0.325533,0.326357,0.328646,0.333307,0.333310,0.333317,0.333318,0.333320,0.333322,0.333323,0.333329,0.333336,0.333336,0.333336,0.333337,0.333337,0.333337,0.333337,0.333338,0.333339,0.333339,0.333349,0.333359,0.333370,0.333372,0.774878,
0.236798,0.244914,0.245842,0.275085,0.279955,0.282985,0.289040,0.294793,0.296113,0.306440,0.313274,0.316370,0.324707,0.326349,0.327111,0.327902,0.330203,0.330766,0.330818,0.332716,0.333306,0.333307,0.333307,0.333316,0.333326,0.333330,0.333334,0.333334,0.333337,0.333338,0.333339,0.333339,0.333342,0.333344,0.333345,0.333352,0.333355,0.333361,0.333386,0.772375,
0.237502,0.244363,0.247514,0.256832,0.263525,0.287556,0.296131,0.296148,0.298827,0.300160,0.300172,0.302741,0.320330,0.326320,0.326338,0.326340,0.328631,0.328643,0.329361,0.330072,0.331424,0.333311,0.333328,0.333330,0.333335,0.333335,0.333335,0.333336,0.333337,0.333337,0.333338,0.333338,0.333338,0.333339,0.333343,0.333358,0.333358,0.333360,0.333361,0.776894,
0.238335,0.244321,0.262642,0.268550,0.270198,0.279931,0.284554,0.287598,0.291969,0.293353,0.294784,0.301454,0.306416,0.311059,0.316395,0.320487,0.324700,0.325510,0.333307,0.333309,0.333312,0.333324,0.333329,0.333332,0.333332,0.333335,0.333336,0.333336,0.333337,0.333338,0.333341,0.333349,0.333350,0.333351,0.333351,0.333352,0.333355,0.333373,0.333445,0.776604,
0.241723,0.251958,0.261851,0.265265,0.290520,0.290532,0.290547,0.293350,0.301457,0.303973,0.303977,0.307998,0.311067,0.317391,0.322998,0.324706,0.325521,0.327106,0.327128,0.328639,0.330080,0.330743,0.330767,0.333307,0.333314,0.333324,0.333329,0.333334,0.333334,0.333336,0.333338,0.333339,0.333341,0.333343,0.333348,0.333360,0.333365,0.333387,0.333400,0.775630,
0.235895,0.236152,0.240481,0.240493,0.247304,0.258547,0.266920,0.270233,0.286086,0.287596,0.287602,0.297508,0.304004,0.306442,0.307625,0.308791,0.314310,0.315359,0.319329,0.319342,0.320281,0.327901,0.328631,0.329413,0.330069,0.330778,0.331423,0.333308,0.333334,0.333335,0.333336,0.333338,0.333338,0.333339,0.333342,0.333349,0.333353,0.333354,0.333377,0.775531,
0.235913,0.236228,0.238650,0.253574,0.287606,0.289064,0.294741,0.301504,0.302719,0.307622,0.313231,0.314324,0.325535,0.325574,0.328682,0.332090,0.333314,0.333315,0.333325,0.333329,0.333330,0.333331,0.333332,0.333335,0.333335,0.333337,0.333338,0.333341,0.333341,0.333341,0.333344,0.333344,0.333349,0.333352,0.333353,0.333358,0.333367,0.333371,0.333393,0.776152,
0.245773,0.270180,0.281477,0.289046,0.293398,0.294777,0.298842,0.315372,0.317404,0.318367,0.323857,0.328619,0.328631,0.328635,0.329356,0.330760,0.331427,0.332077,0.332185,0.332718,0.332732,0.333312,0.333319,0.333326,0.333330,0.333330,0.333332,0.333334,0.333336,0.333338,0.333339,0.333344,0.333347,0.333350,0.333350,0.333355,0.333376,0.333410,0.333461,0.776989,
0.000066,0.237471,0.237499,0.243039,0.258496,0.303987,0.305234,0.306405,0.309891,0.312185,0.313253,0.313266,0.313269,0.315376,0.316395,0.320273,0.326333,0.329377,0.332073,0.332082,0.332718,0.333314,0.333314,0.333318,0.333333,0.333334,0.333335,0.333335,0.333335,0.333335,0.333336,0.333337,0.333342,0.333343,0.333343,0.333351,0.333353,0.333356,0.333383,0.774748,
0.238436,0.243225,0.255757,0.268159,0.270156,0.271827,0.276689,0.287552,0.287557,0.293360,0.293370,0.293377,0.300147,0.302716,0.303992,0.305263,0.307609,0.308817,0.318381,0.323851,0.323863,0.324699,0.324763,0.330097,0.331413,0.332085,0.333317,0.333331,0.333332,0.333334,0.333334,0.333335,0.333335,0.333338,0.333341,0.333343,0.333345,0.333346,0.333388,0.776512,
0.241730,0.281484,0.284551,0.291917,0.294753,0.297495,0.303954,0.306438,0.309913,0.313255,0.316129,0.316378,0.316387,0.318388,0.324713,0.327904,0.329349,0.330755,0.332732,0.333307,0.333319,0.333322,0.333324,0.333332,0.333339,0.333339,0.333345,0.333346,0.333346,0.333349,0.333349,0.333353,0.333353,0.333353,0.333356,0.333361,0.333363,0.333398,0.333852,0.776961,
0.236233,0.238651,0.240474,0.245755,0.250905,0.253516,0.260161,0.260889,0.278344,0.287566,0.290517,0.306418,0.308770,0.314325,0.322085,0.322978,0.323853,0.323861,0.327898,0.329346,0.332714,0.333310,0.333313,0.333315,0.333315,0.333319,0.333334,0.333337,0.333338,0.333339,0.333341,0.333343,0.333343,0.333343,0.333343,0.333344,0.333348,0.333352,0.333353,0.776657,
0.236117,0.248829,0.258538,0.271824,0.276724,0.278318,0.302723,0.303958,0.312181,0.313252,0.315371,0.320276,0.325026,0.327871,0.328624,0.330798,0.332727,0.333316,0.333316,0.333317,0.333319,0.333323,0.333324,0.333329,0.333336,0.333337,0.333339,0.333340,0.333344,0.333346,0.333347,0.333347,0.333348,0.333362,0.333371,0.333394,0.333408,0.333458,0.333536,0.776184,
0.237422,0.247610,0.258595,0.266859,0.270210,0.273496,0.273503,0.278310,0.279897,0.296143,0.300164,0.302717,0.303979,0.306423,0.311036,0.311100,0.316396,0.321202,0.322100,0.322102,0.323006,0.329375,0.332726,0.333306,0.333327,0.333328,0.333331,0.333334,0.333336,0.333337,0.333341,0.333343,0.333344,0.333344,0.333345,0.333346,0.333348,0.333361,0.333381,0.777010,
0.236510,0.237433,0.244299,0.245047,0.263560,0.314348,0.314502,0.315382,0.322984,0.322991,0.323856,0.324704,0.325542,0.327892,0.328615,0.333307,0.333324,0.333331,0.333333,0.333335,0.333336,0.333337,0.333338,0.333338,0.333339,0.333340,0.333340,0.333340,0.333341,0.333343,0.333345,0.333349,0.333350,0.333351,0.333357,0.333360,0.333363,0.333365,0.333402,0.776760,
0.243007,0.266886,0.266950,0.273521,0.276738,0.281490,0.284621,0.287563,0.300130,0.303970,0.319457,0.325512,0.327871,0.330062,0.330064,0.332710,0.333309,0.333310,0.333311,0.333317,0.333319,0.333322,0.333326,0.333327,0.333331,0.333333,0.333337,0.333337,0.333337,0.333338,0.333339,0.333340,0.333340,0.333343,0.333344,0.333344,0.333368,0.333386,0.333491,0.776278,
0.244340,0.258558,0.261845,0.278354,0.289045,0.289054,0.293368,0.297503,0.300161,0.305213,0.305226,0.309930,0.312173,0.321220,0.321222,0.322108,0.327113,0.327872,0.329356,0.330081,0.332768,0.333306,0.333323,0.333323,0.333324,0.333327,0.333330,0.333333,0.333334,0.333337,0.333338,0.333342,0.333352,0.333358,0.333358,0.333362,0.333363,0.333366,0.333366,0.775536,
0.238343,0.253544,0.276732,0.289067,0.294734,0.302706,0.307634,0.311061,0.312206,0.320296,0.324693,0.325514,0.325521,0.326328,0.326332,0.328629,0.330078,0.333308,0.333308,0.333309,0.333311,0.333313,0.333327,0.333334,0.333335,0.333336,0.333336,0.333337,0.333337,0.333340,0.333341,0.333341,0.333341,0.333345,0.333351,0.333355,0.333357,0.333360,0.333369,0.774993,
0.241729,0.250366,0.263578,0.290497,0.291980,0.294777,0.298850,0.302737,0.305204,0.311084,0.322103,0.325520,0.327109,0.328627,0.329357,0.332725,0.333307,0.333314,0.333316,0.333322,0.333327,0.333333,0.333334,0.333335,0.333335,0.333336,0.333337,0.333338,0.333338,0.333339,0.333342,0.333346,0.333348,0.333349,0.333352,0.333353,0.333355,0.333361,0.333398,0.776480,
0.237519,0.250375,0.251242,0.258519,0.260246,0.265164,0.284556,0.296131,0.300159,0.301454,0.316400,0.320282,0.322083,0.323846,0.324687,0.327114,0.328623,0.330752,0.331440,0.333311,0.333311,0.333319,0.333326,0.333327,0.333330,0.333331,0.333336,0.333338,0.333338,0.333340,0.333345,0.333345,0.333347,0.333348,0.333354,0.333355,0.333368,0.333379,0.333390,0.775268,
