0.000000,0.000000,0.000000,0.000000,0.000000,0.000000,0.000000,0.000000,0.000000,0.000000,0.000000,0.000000,0.000000,0.000000,0.000000,0.000000,0.000000,0.000000,0.000000,0.000000,0.000000,0.000000,0.000000,0.000000,0.000000,0.000000,0.000000,0.000000,0.000000,0.000000,0.000000,0.000000,0.000000,0.000000,0.000000,0.000000,0.000000,0.000000,0.000000,0.000000,
0.000000,0.236737,0.242744,0.249974,0.251492,0.253143,0.264762,0.282892,0.296287,0.301792,0.310586,0.311676,0.313038,0.315241,0.320516,0.323553,0.325326,0.327253,0.327325,0.329162,0.329769,0.335913,0.336599,0.775528,0.775724,0.775754,0.775852,0.776075,0.776090,0.776223,0.776378,0.776501,0.776562,0.776629,0.776670,0.776777,0.776955,0.777170,0.777425,0.777628,
0.001010,0.253529,0.261774,0.266317,0.284190,0.301484,0.306546,0.308991,0.316425,0.317491,0.317748,0.317814,0.320282,0.324580,0.325515,0.325567,0.331425,0.331434,0.333334,0.333334,0.333337,0.333337,0.333339,0.333341,0.333342,0.333345,0.333346,0.333359,0.333369,0.333382,0.774951,0.775032,0.775254,0.775328,0.775632,0.775784,0.775901,0.776849,0.776984,0.776988,
0.244036,0.253588,0.254715,0.258486,0.275135,0.277970,0.278267,0.281473,0.289023,0.291708,0.297497,0.305202,0.306424,0.307726,0.327108,0.327884,0.329351,0.332107,0.333306,0.333329,0.333329,0.333330,0.333332,0.333333,0.333335,0.333338,0.333339,0.333340,0.333342,0.333343,0.333344,0.333347,0.333377,0.333702,0.333800,0.774482,0.774899,0.775078,0.777002,0.777166,
0.237478,0.238743,0.275151,0.276327,0.276728,0.284542,0.298808,0.303950,0.305221,0.308791,0.310164,0.323861,0.325525,0.327107,0.327985,0.330091,0.330094,0.330760,0.332710,0.333320,0.333324,0.333325,0.333328,0.333332,0.333333,0.333334,0.333336,0.333336,0.333337,0.333337,0.333348,0.333352,0.333354,0.333355,0.333355,0.333359,0.333372,0.333376,0.775196,0.776987,
0.235760,0.248830,0.256906,0.260170,0.265201,0.265203,0.286049,0.294767,0.296136,0.300170,0.315349,0.316387,0.321202,0.321217,0.323847,0.325521,0.332082,0.333311,0.333314,0.333314,0.333317,0.333320,0.333332,0.333334,0.333334,0.333337,0.333338,0.333338,0.333339,0.333340,0.333342,0.333347,0.333357,0.333361,0.333361,0.333362,0.333401,0.333459,0.775748,0.775793,
0.244378,0.250386,0.256817,0.258564,0.261788,0.275118,0.284593,0.296128,0.297520,0.300163,0.302795,0.306420,0.314306,0.315376,0.322990,0.322997,0.324685,0.324689,0.325534,0.328091,0.329364,0.332089,0.333306,0.333310,0.333310,0.333325,0.333334,0.333335,0.333336,0.333338,0.333339,0.333342,0.333343,0.333343,0.333347,0.333350,0.333357,0.333368,0.333374,0.775519,
0.235999,0.237514,0.243032,0.261863,0.266869,0.275099,0.276754,0.293384,0.305193,0.305243,0.306432,0.307608,0.308775,0.322983,0.325533,0.326322,0.327878,0.328642,0.330068,0.330762,0.333306,0.333307,0.333325,0.333333,0.333336,0.333339,0.333339,0.333340,0.333347,0.333350,0.333352,0.333353,0.333355,0.333357,0.333363,0.333373,0.333374,0.333379,0.333386,0.775449,
0.244418,0.258272,0.275111,0.281495,0.291936,0.301464,0.305225,0.316397,0.317445,0.322977,0.328631,0.329362,0.329377,0.332076,0.333307,0.333307,0.333309,0.333311,0.333312,0.333316,0.333322,0.333327,0.333327,0.333334,0.333335,0.333336,0.333336,0.333338,0.333339,0.333340,0.333347,0.333347,0.333349,0.333358,0.333361,0.333362,0.333367,0.333389,0.333430,0.776337,
0.255157,0.256826,0.265259,0.270212,0.270214,0.287559,0.289047,0.297478,0.298824,0.312167,0.316385,0.316402,0.319336,0.321236,0.330068,0.330072,0.331423,0.333308,0.333320,0.333328,0.333332,0.333334,0.333336,0.333336,0.333336,0.333337,0.333337,0.333338,0.333343,0.333345,0.333348,0.333350,0.333352,0.333354,0.333358,0.333361,0.333361,0.333386,0.333611,0.776233,
0.238726,0.239389,0.245732,0.253493,0.255223,0.270198,0.271894,0.290526,0.316377,0.317411,0.323851,0.326332,0.332082,0.333306,0.333310,0.333324,0.333330,0.333331,0.333331,0.333332,0.333332,0.333332,0.333334,0.333335,0.333336,0.333336,0.333337,0.333339,0.333339,0.333342,0.333343,0.333343,0.333351,0.333352,0.333361,0.333365,0.333367,0.333374,0.333374,0.777011,
0.236020,0.241695,0.242312,0.273533,0.276714,0.276718,0.276730,0.279898,0.284545,0.286089,0.300185,0.303986,0.306401,0.306423,0.306463,0.316383,0.317390,0.318362,0.319339,0.322995,0.327163,0.327871,0.327883,0.327916,0.329356,0.330081,0.333307,0.333307,0.333308,0.333309,0.333316,0.333327,0.333334,0.333335,0.333337,0.333341,0.333352,0.333363,0.333458,0.776791,
0.241784,0.243016,0.253507,0.253554,0.256842,0.261065,0.275153,0.289147,0.293338,0.297496,0.302761,0.305204,0.308826,0.313258,0.313258,0.319331,0.320271,0.320279,0.322990,0.327141,0.327880,0.327897,0.330086,0.332084,0.333326,0.333336,0.333337,0.333337,0.333337,0.333340,0.333342,0.333343,0.333343,0.333348,0.333348,0.333352,0.333357,0.333361,0.333362,0.776686,
0.261826,0.266907,0.279898,0.279899,0.289018,0.290500,0.293336,0.293376,0.302741,0.304306,0.305212,0.305228,0.312147,0.312157,0.312199,0.317398,0.318377,0.320282,0.330062,0.332085,0.333310,0.333324,0.333325,0.333328,0.333331,0.333336,0.333337,0.333340,0.333341,0.333345,0.333347,0.333348,0.333349,0.333351,0.333353,0.333356,0.333363,0.333376,0.333390,0.776198,
0.236587,0.238758,0.244413,0.248807,0.253583,0.270195,0.287576,0.294751,0.297489,0.306426,0.313267,0.322127,0.323854,0.326320,0.327883,0.330069,0.330756,0.330763,0.331440,0.333308,0.333310,0.333313,0.333318,0.333319,0.333320,0.333331,0.333334,0.333337,0.333338,0.333341,0.333342,0.333345,0.333348,0.333350,0.333353,0.333355,0.333359,0.333361,0.333366,0.775587,
0.235943,0.236207,0.257693,0.265198,0.278324,0.291941,0.297503,0.298824,0.298832,0.303949,0.313374,0.315370,0.315378,0.315397,0.316403,0.317391,0.318425,0.319347,0.325532,0.329348,0.332084,0.333308,0.333310,0.333311,0.333315,0.333319,0.333326,0.333335,0.333335,0.333336,0.333337,0.333337,0.333340,0.333344,0.333345,0.333348,0.333352,0.333356,0.333381,0.775557,
0.235555,0.240541,0.241708,0.244714,0.253563,0.265228,0.286097,0.296132,0.296155,0.297488,0.298820,0.302696,0.303977,0.305241,0.312157,0.315360,0.322996,0.325527,0.327207,0.329356,0.330071,0.332077,0.332352,0.332714,0.333314,0.333322,0.333327,0.333331,0.333335,0.333338,0.333342,0.333343,0.333343,0.333345,0.333349,0.333351,0.333355,0.333360,0.333429,0.776717,
0.236728,0.251919,0.251932,0.260178,0.270333,0.275073,0.281484,0.281491,0.283049,0.284581,0.290515,0.305219,0.306423,0.313254,0.315374,0.316402,0.320328,0.321197,0.322102,0.326432,0.328613,0.329419,0.331427,0.331435,0.333318,0.333324,0.333326,0.333331,0.333334,0.333336,0.333337,0.333338,0.333338,0.333344,0.333348,0.333348,0.333350,0.333351,0.333352,0.775854,
0.239429,0.243046,0.247307,0.250792,0.260207,0.265186,0.268515,0.275122,0.283016,0.287576,0.305222,0.306404,0.307610,0.311064,0.320297,0.324722,0.325526,0.326394,0.331431,0.333308,0.333317,0.333320,0.333331,0.333333,0.333335,0.333336,0.333338,0.333338,0.333340,0.333341,0.333341,0.333343,0.333344,0.333344,0.333348,0.333354,0.333371,0.333377,0.333378,0.776319,
0.235578,0.235666,0.256872,0.270244,0.273483,0.279915,0.287563,0.289038,0.299062,0.300140,0.317385,0.324685,0.327112,0.327882,0.327893,0.328628,0.333306,0.333314,0.333314,0.333320,0.333323,0.333324,0.333326,0.333334,0.333335,0.333336,0.333337,0.333339,0.333341,0.333343,0.333345,0.333348,0.333348,0.333355,0.333362,0.333365,0.333368,0.333370,0.333383,0.775573,
0.236706,0.238387,0.260177,0.286136,0.296201,0.300149,0.309913,0.309928,0.309943,0.316389,0.317400,0.319338,0.322115,0.329345,0.329348,0.332104,0.332713,0.333306,0.333307,0.333308,0.333320,0.333328,0.333334,0.333336,0.333337,0.333338,0.333338,0.333340,0.333342,0.333342,0.333347,0.333348,0.333350,0.333351,0.333354,0.333357,0.333359,0.333360,0.333363,0.775704,
0.247767,0.253531,0.266869,0.270194,0.271842,0.273535,0.294742,0.297505,0.298817,0.300177,0.307603,0.307614,0.323000,0.324776,0.327127,0.331421,0.333308,0.333309,0.333311,0.333317,0.333317,0.333325,0.333331,0.333334,0.333335,0.333336,0.333337,0.333338,0.333338,0.333339,0.333340,0.333342,0.333343,0.333346,0.333346,0.333350,0.333352,0.333370,0.333405,0.776215,
0.239397,0.268545,0.287572,0.287612,0.289071,0.290532,0.297480,0.301456,0.302743,0.302745,0.302746,0.306418,0.309933,0.311079,0.319359,0.319363,0.324701,0.330753,0.330756,0.331423,0.331440,0.332078,0.333307,0.333313,0.333318,0.333321,0.333322,0.333328,0.333334,0.333335,0.333339,0.333339,0.333345,0.333347,0.333348,0.333350,0.333352,0.333365,0.333510,0.775803,
0.236081,0.256852,0.258492,0.260196,0.261274,0.263501,0.271816,0.282971,0.283045,0.287622,0.296146,0.297508,0.298825,0.308777,0.308797,0.313262,0.319322,0.320294,0.321208,0.323011,0.323025,0.327127,0.327887,0.328628,0.332081,0.332087,0.332717,0.333318,0.333334,0.333334,0.333336,0.333342,0.333344,0.333346,0.333349,0.333349,0.333356,0.333356,0.333395,0.775974,
0.236486,0.240523,0.241741,0.242432,0.244383,0.247218,0.253596,0.263159,0.268549,0.279975,0.291938,0.300125,0.300153,0.305217,0.305220,0.320301,0.321209,0.322107,0.324707,0.325539,0.331456,0.333313,0.333314,0.333319,0.333319,0.333334,0.333337,0.333337,0.333340,0.333342,0.333346,0.333351,0.333351,0.333357,0.333358,0.333363,0.333370,0.333374,0.333639,0.774182,
0.248782,0.265220,0.270228,0.284637,0.297488,0.301449,0.307621,0.308786,0.315412,0.316384,0.326311,0.326335,0.326336,0.327926,0.333306,0.333307,0.333309,0.333313,0.333317,0.333321,0.333326,0.333332,0.333335,0.333339,0.333340,0.333341,0.333341,0.333344,0.333348,0.333348,0.333350,0.333353,0.333359,0.333367,0.333375,0.333388,0.333393,0.333478,0.333715,0.776178,
0.256887,0.268569,0.271832,0.279874,0.283009,0.287582,0.289045,0.289048,0.298813,0.301439,0.303968,0.307613,0.307633,0.317401,0.318378,0.321208,0.321216,0.327115,0.328637,0.330754,0.331480,0.332727,0.333309,0.333311,0.333315,0.333318,0.333320,0.333327,0.333328,0.333332,0.333338,0.333339,0.333342,0.333343,0.333343,0.333356,0.333358,0.333364,0.333368,0.777468,
0.238583,0.247224,0.256823,0.265208,0.270193,0.296144,0.306424,0.313247,0.323017,0.323864,0.328634,0.330799,0.331445,0.333306,0.333309,0.333324,0.333325,0.333329,0.333334,0.333335,0.333336,0.333336,0.333336,0.333337,0.333337,0.333337,0.333337,0.333340,0.333341,0.333342,0.333345,0.333347,0.333351,0.333354,0.333355,0.333355,0.333360,0.333362,0.333364,0.776969,
0.237432,0.241709,0.251956,0.258256,0.258497,0.261837,0.261887,0.286054,0.294759,0.297488,0.301454,0.309912,0.309924,0.312196,0.314304,0.320286,0.322107,0.323113,0.327880,0.329355,0.331428,0.333309,0.333314,0.333314,0.333321,0.333325,0.333327,0.333329,0.333332,0.333336,0.333337,0.333337,0.333339,0.333343,0.333347,0.333353,0.333355,0.333366,0.333381,0.776813,
0.235585,0.241764,0.243827,0.244945,0.273501,0.278327,0.287595,0.291945,0.294741,0.305209,0.311117,0.316397,0.319354,0.322113,0.323869,0.323882,0.329354,0.331431,0.332719,0.333306,0.333330,0.333334,0.333335,0.333336,0.333336,0.333337,0.333341,0.333342,0.333345,0.333347,0.333348,0.333348,0.333350,0.333353,0.333353,0.333357,0.333377,0.333446,0.333609,0.776430,
0.235574,0.253516,0.283046,0.283073,0.286080,0.286097,0.289055,0.290490,0.293367,0.301446,0.303979,0.306404,0.308837,0.312167,0.316094,0.322117,0.327880,0.329354,0.330748,0.330765,0.333315,0.333318,0.333321,0.333322,0.333331,0.333331,0.333334,0.333334,0.333337,0.333338,0.333339,0.333339,0.333340,0.333348,0.333353,0.333354,0.333363,0.333392,0.333500,0.776956,
0.235794,0.250311,0.266887,0.271845,0.276715,0.289028,0.312159,0.313242,0.315361,0.320280,0.321204,0.327097,0.330061,0.332730,0.333309,0.333309,0.333315,0.333321,0.333328,0.333329,0.333332,0.333335,0.333336,0.333340,0.333341,0.333341,0.333345,0.333346,0.333347,0.333349,0.333350,0.333353,0.333354,0.333356,0.333356,0.333357,0.333358,0.333376,0.333418,0.774936,
0.265225,0.275098,0.281479,0.287580,0.289061,0.291980,0.297496,0.301453,0.302702,0.314330,0.316392,0.318364,0.318373,0.320307,0.322096,0.322117,0.322990,0.325537,0.330770,0.333306,0.333313,0.333315,0.333318,0.333322,0.333327,0.333332,0.333334,0.333335,0.333337,0.333338,0.333341,0.333343,0.333345,0.333345,0.333352,0.333362,0.333362,0.333364,0.333379,0.775957,
0.247277,0.260156,0.263526,0.265209,0.266871,0.271816,0.275107,0.284567,0.302696,0.302709,0.305231,0.309948,0.318377,0.319339,0.320295,0.321216,0.327123,0.327888,0.328635,0.330079,0.330766,0.332713,0.333307,0.333322,0.333324,0.333329,0.333331,0.333335,0.333338,0.333338,0.333340,0.333340,0.333341,0.333341,0.333349,0.333352,0.333354,0.333356,0.333358,0.775885,
0.235953,0.239362,0.244380,0.266874,0.270189,0.294781,0.298837,0.306413,0.309932,0.311078,0.315357,0.316419,0.317400,0.325538,0.331422,0.331459,0.332724,0.333309,0.333312,0.333314,0.333317,0.333325,0.333327,0.333328,0.333334,0.333335,0.333335,0.333336,0.333336,0.333336,0.333341,0.333343,0.333346,0.333357,0.333359,0.333363,0.333367,0.333369,0.333382,0.776690,
0.236234,0.240238,0.253529,0.260173,0.261843,0.293400,0.308784,0.315371,0.318419,0.319334,0.329462,0.330759,0.330771,0.332734,0.333306,0.333306,0.333307,0.333309,0.333312,0.333321,0.333327,0.333330,0.333331,0.333331,0.333332,0.333334,0.333335,0.333335,0.333337,0.333338,0.333338,0.333343,0.333346,0.333346,0.333346,0.333348,0.333353,0.333362,0.333395,0.776972,
0.273496,0.275097,0.278272,0.281470,0.281487,0.289048,0.293365,0.307590,0.311094,0.316369,0.318370,0.319350,0.325505,0.327115,0.328619,0.330756,0.330762,0.331423,0.331580,0.333310,0.333329,0.333332,0.333334,0.333335,0.333335,0.333335,0.333337,0.333338,0.333338,0.333342,0.333343,0.333347,0.333353,0.333353,0.333355,0.333358,0.333361,0.333370,0.333409,0.776367,
0.265237,0.266855,0.266864,0.273462,0.273463,0.275098,0.279917,0.281483,0.293398,0.297458,0.306428,0.307598,0.307635,0.313229,0.318373,0.322113,0.322992,0.327101,0.327128,0.329355,0.329358,0.332081,0.333313,0.333321,0.333326,0.333332,0.333333,0.333334,0.333335,0.333336,0.333336,0.333337,0.333338,0.333341,0.333342,0.333346,0.333359,0.333360,0.333362,0.775658,
0.222957,0.235854,0.254553,0.273512,0.287598,0.291919,0.298856,0.301447,0.302691,0.308772,0.314339,0.315363,0.319332,0.324692,0.325555,0.326342,0.327895,0.332723,0.333306,0.333307,0.333309,0.333310,0.333311,0.333321,0.333326,0.333334,0.333334,0.333335,0.333335,0.333337,0.333338,0.333340,0.333340,0.333343,0.333345,0.333347,0.333354,0.333362,0.333368,0.777044,
0.236005,0.236469,0.237534,0.268498,0.268523,0.276757,0.281479,0.286058,0.293588,0.300134,0.305198,0.307615,0.311051,0.311065,0.319326,0.319331,0.322131,0.327136,0.330057,0.331431,0.333307,0.333315,0.333328,0.333332,0.333332,0.333334,0.333338,0.333338,0.333342,0.333342,0.333344,0.333347,0.333349,0.333351,0.333351,0.333355,0.333356,0.333414,0.334477,0.775863,
0.240464,0.250979,0.271953,0.290499,0.296125,0.297506,0.300146,0.309948,0.309949,0.309953,0.311042,0.311054,0.311068,0.314310,0.315343,0.316380,0.321192,0.322117,0.326321,0.326338,0.327136,0.330073,0.331446,0.333313,0.333317,0.333319,0.333326,0.333332,0.333334,0.333334,0.333336,0.333337,0.333337,0.333342,0.333346,0.333365,0.333366,0.333402,0.333430,0.775969,
0.251983,0.256829,0.265236,0.273501,0.281481,0.283013,0.283050,0.293369,0.302729,0.303977,0.303979,0.309945,0.313262,0.317385,0.317390,0.321197,0.323009,0.325532,0.327884,0.330750,0.333308,0.333312,0.333330,0.333332,0.333332,0.333334,0.333338,0.333338,0.333339,0.333344,0.333344,0.333344,0.333345,0.333351,0.333352,0.333354,0.333364,0.333393,0.333532,0.775470,
0.235985,0.243047,0.244388,0.248842,0.266900,0.268547,0.268552,0.281447,0.284540,0.284566,0.289069,0.297486,0.301455,0.306408,0.314307,0.318375,0.320288,0.322086,0.323849,0.327107,0.327928,0.331431,0.333323,0.333327,0.333331,0.333334,0.333334,0.333336,0.333337,0.333340,0.333341,0.333342,0.333344,0.333346,0.333348,0.333354,0.333358,0.333363,0.333367,0.774059,
0.235776,0.251995,0.254472,0.273516,0.276699,0.278308,0.278309,0.284552,0.291927,0.296143,0.308850,0.312181,0.313269,0.321213,0.327102,0.327106,0.327111,0.330084,0.332075,0.332712,0.333319,0.333321,0.333328,0.333334,0.333334,0.333338,0.333338,0.333338,0.333340,0.333341,0.333342,0.333349,0.333352,0.333359,0.333366,0.333366,0.333381,0.333385,0.333430,0.775197,
0.235775,0.245777,0.248843,0.250318,0.251891,0.258504,0.271887,0.275107,0.275114,0.289025,0.293353,0.294732,0.296122,0.296135,0.302718,0.303962,0.306412,0.309944,0.309945,0.318380,0.326581,0.330759,0.331449,0.333306,0.333308,0.333319,0.333332,0.333335,0.333337,0.333337,0.333337,0.333338,0.333338,0.333346,0.333352,0.333358,0.333361,0.333378,0.333412,0.775010,
0.260170,0.265205,0.266894,0.268571,0.270205,0.281472,0.287542,0.294787,0.312191,0.313259,0.316383,0.320289,0.321199,0.321234,0.322992,0.324734,0.324738,0.327872,0.329357,0.332721,0.333316,0.333329,0.333330,0.333332,0.333335,0.333338,0.333342,0.333346,0.333348,0.333348,0.333351,0.333354,0.333354,0.333355,0.333361,0.333361,0.333362,0.333382,0.333416,0.775671,
0.235666,0.238371,0.244773,0.245777,0.265199,0.265232,0.266863,0.268503,0.268539,0.270205,0.283025,0.290495,0.290525,0.306421,0.309958,0.311064,0.312173,0.314307,0.315388,0.318373,0.320280,0.323851,0.324701,0.326313,0.331422,0.333306,0.333309,0.333319,0.333334,0.333336,0.333336,0.333338,0.333338,0.333340,0.333342,0.333345,0.333346,0.333366,0.333371,0.775754,
0.237495,0.256831,0.273633,0.293395,0.301457,0.306409,0.312174,0.315364,0.316408,0.317388,0.318371,0.321226,0.322111,0.323012,0.324709,0.325537,0.330770,0.331422,0.333306,0.333323,0.333325,0.333328,0.333333,0.333335,0.333337,0.333339,0.333339,0.333344,0.333344,0.333345,0.333348,0.333352,0.333354,0.333354,0.333366,0.333367,0.333367,0.333395,0.333421,0.776952,
0.235820,0.235860,0.237459,0.238364,0.240464,0.256869,0.283009,0.294745,0.296138,0.301433,0.303945,0.305216,0.307627,0.312184,0.317410,0.320282,0.326323,0.326328,0.327112,0.328616,0.328619,0.328636,0.333307,0.333308,0.333328,0.333329,0.333335,0.333337,0.333339,0.333340,0.333340,0.333342,0.333342,0.333343,0.333343,0.333348,0.333350,0.333356,0.333401,0.776361,
0.244379,0.251941,0.280008,0.293354,0.294737,0.301470,0.309947,0.316411,0.318359,0.318380,0.319346,0.320264,0.321309,0.322098,0.332074,0.333312,0.333320,0.333324,0.333325,0.333327,0.333328,0.333331,0.333336,0.333337,0.333338,0.333338,0.333341,0.333343,0.333345,0.333346,0.333349,0.333351,0.333352,0.333354,0.333355,0.333357,0.333394,0.333398,0.333415,0.775143,
0.236130,0.241715,0.247244,0.258537,0.260180,0.284564,0.290514,0.291935,0.294758,0.297533,0.300126,0.302714,0.314303,0.318381,0.319327,0.321228,0.322092,0.329359,0.331431,0.332130,0.333306,0.333309,0.333310,0.333316,0.333321,0.333322,0.333325,0.333329,0.333334,0.333338,0.333339,0.333341,0.333342,0.333342,0.333344,0.333350,0.333352,0.333352,0.333360,0.776407,
0.235595,0.236761,0.238454,0.261884,0.263532,0.266863,0.270190,0.275084,0.284529,0.287538,0.291956,0.296236,0.301448,0.306430,0.315363,0.316383,0.324685,0.333311,0.333316,0.333326,0.333333,0.333336,0.333337,0.333340,0.333340,0.333341,0.333342,0.333342,0.333345,0.333349,0.333350,0.333352,0.333354,0.333354,0.333356,0.333357,0.333362,0.333373,0.333390,0.776959,
0.242515,0.248819,0.251053,0.266895,0.279908,0.284560,0.300165,0.301439,0.301469,0.305191,0.307633,0.311080,0.312160,0.319405,0.320294,0.325525,0.327877,0.330066,0.331502,0.332714,0.333306,0.333308,0.333313,0.333315,0.333315,0.333318,0.333334,0.333335,0.333337,0.333338,0.333339,0.333344,0.333346,0.333350,0.333358,0.333364,0.333367,0.333369,0.333418,0.777031,
0.262796,0.263548,0.270217,0.278370,0.286081,0.289041,0.302715,0.315353,0.315367,0.323014,0.323863,0.326324,0.326326,0.326337,0.327109,0.327874,0.330058,0.333306,0.333308,0.333312,0.333316,0.333317,0.333321,0.333324,0.333333,0.333333,0.333335,0.333340,0.333346,0.333347,0.333348,0.333349,0.333350,0.333351,0.333357,0.333359,0.333381,0.333474,0.333546,0.775316,
0.235671,0.240629,0.247683,0.260153,0.263508,0.284560,0.287592,0.291939,0.296155,0.297516,0.298860,0.301421,0.302756,0.305587,0.306442,0.311084,0.314307,0.322995,0.332102,0.333307,0.333312,0.333318,0.333320,0.333322,0.333327,0.333332,0.333333,0.333333,0.333337,0.333337,0.333338,0.333339,0.333340,0.333343,0.333345,0.333349,0.333356,0.333360,0.333369,0.776216,
0.235901,0.250427,0.283016,0.286073,0.293380,0.298843,0.307601,0.308774,0.313252,0.323854,0.324693,0.325520,0.330774,0.331417,0.332088,0.333308,0.333310,0.333315,0.333324,0.333330,0.333334,0.333334,0.333336,0.333337,0.333339,0.333343,0.333345,0.333347,0.333350,0.333350,0.333351,0.333354,0.333357,0.333360,0.333369,0.333370,0.333393,0.333419,0.333509,0.776504,
0.238831,0.239364,0.245892,0.247717,0.261905,0.265194,0.293345,0.293355,0.293374,0.302711,0.303984,0.308795,0.311052,0.315357,0.327105,0.327868,0.328628,0.330762,0.331420,0.333309,0.333315,0.333316,0.333317,0.333317,0.333322,0.333330,0.333333,0.333333,0.333333,0.333335,0.333336,0.333338,0.333339,0.333339,0.333340,0.333347,0.333356,0.333357,0.333378,0.774594,
0.235836,0.244761,0.245803,0.250344,0.300153,0.302707,0.305241,0.306420,0.308780,0.311048,0.320282,0.320284,0.322087,0.323892,0.328636,0.330082,0.330755,0.330757,0.330766,0.330766,0.333314,0.333320,0.333328,0.333328,0.333335,0.333335,0.333335,0.333336,0.333337,0.333344,0.333345,0.333346,0.333346,0.333347,0.333353,0.333370,0.333385,0.333455,0.333521,0.775181,
0.237498,0.239365,0.245807,0.251919,0.258493,0.260207,0.263511,0.263540,0.263544,0.266999,0.273457,0.283015,0.296143,0.300183,0.302750,0.305207,0.325520,0.327874,0.329438,0.330755,0.331426,0.333307,0.333315,0.333321,0.333324,0.333330,0.333335,0.333335,0.333335,0.333337,0.333337,0.333339,0.333340,0.333341,0.333346,0.333348,0.333349,0.333351,0.333380,0.776222,
0.247269,0.248780,0.251937,0.265235,0.268533,0.268539,0.273464,0.279906,0.279936,0.284552,0.284558,0.289056,0.294778,0.296114,0.306413,0.306446,0.309981,0.313296,0.318365,0.322969,0.332747,0.333319,0.333319,0.333322,0.333327,0.333330,0.333331,0.333332,0.333336,0.333337,0.333339,0.333347,0.333349,0.333352,0.333358,0.333360,0.333368,0.333371,0.333404,0.774235,
0.258532,0.279899,0.279900,0.294746,0.296159,0.298807,0.300147,0.302741,0.303984,0.311061,0.314300,0.314306,0.314316,0.322116,0.327128,0.330746,0.333316,0.333319,0.333331,0.333335,0.333342,0.333343,0.333344,0.333345,0.333345,0.333347,0.333348,0.333352,0.333353,0.333356,0.333357,0.333357,0.333360,0.333365,0.333365,0.333367,0.333377,0.333381,0.333383,0.777072,
0.235673,0.256872,0.268552,0.270158,0.290521,0.293355,0.294757,0.298815,0.309901,0.312185,0.320276,0.322099,0.325520,0.325528,0.327871,0.330763,0.330765,0.331426,0.332713,0.333306,0.333306,0.333308,0.333308,0.333311,0.333313,0.333325,0.333335,0.333335,0.333338,0.333338,0.333343,0.333344,0.333348,0.333351,0.333352,0.333352,0.333359,0.333360,0.333373,0.774886,
0.239463,0.250353,0.256862,0.265203,0.279886,0.289056,0.301440,0.304002,0.305238,0.306421,0.309896,0.309934,0.312186,0.313246,0.314304,0.317381,0.317400,0.318393,0.326339,0.327912,0.328621,0.333306,0.333316,0.333316,0.333317,0.333319,0.333319,0.333330,0.333334,0.333334,0.333335,0.333337,0.333338,0.333348,0.333353,0.333360,0.333365,0.333366,0.333425,0.775472,
0.243005,0.251968,0.253568,0.263530,0.273461,0.279920,0.289028,0.291936,0.294768,0.296123,0.306406,0.306409,0.306433,0.309912,0.314328,0.314355,0.330056,0.330761,0.333309,0.333316,0.333331,0.333332,0.333334,0.333337,0.333338,0.333340,0.333343,0.333343,0.333343,0.333344,0.333345,0.333347,0.333348,0.333350,0.333359,0.333368,0.333373,0.333377,0.333395,0.775357,
0.235899,0.245826,0.256855,0.265204,0.278315,0.294776,0.296154,0.296160,0.307606,0.309935,0.311052,0.314332,0.318411,0.322104,0.322115,0.322988,0.325528,0.326325,0.328635,0.330056,0.330754,0.331481,0.333306,0.333322,0.333324,0.333329,0.333334,0.333335,0.333335,0.333336,0.333338,0.333344,0.333346,0.333348,0.333352,0.333353,0.333363,0.333368,0.333377,0.776159,
0.235566,0.235789,0.251924,0.263548,0.271876,0.279901,0.294769,0.301436,0.308816,0.309927,0.314308,0.324706,0.327873,0.330063,0.332080,0.333306,0.333307,0.333308,0.333316,0.333319,0.333323,0.333332,0.333334,0.333334,0.333334,0.333338,0.333338,0.333338,0.333339,0.333340,0.333342,0.333342,0.333346,0.333352,0.333360,0.333361,0.333368,0.333374,0.333411,0.776575,
0.242441,0.243109,0.247206,0.247281,0.250329,0.260202,0.276748,0.279874,0.281462,0.293397,0.300141,0.306416,0.312168,0.313240,0.316384,0.318350,0.325516,0.329439,0.330767,0.331440,0.333307,0.333307,0.333310,0.333325,0.333330,0.333332,0.333332,0.333334,0.333334,0.333335,0.333344,0.333344,0.333346,0.333350,0.333353,0.333360,0.333365,0.333377,0.333423,0.775570,
0.239367,0.250391,0.256831,0.306426,0.312161,0.314310,0.316382,0.318371,0.318377,0.319385,0.323025,0.323858,0.324016,0.325517,0.326331,0.326373,0.327114,0.328641,0.330069,0.332075,0.333305,0.333306,0.333308,0.333310,0.333323,0.333334,0.333338,0.333339,0.333339,0.333339,0.333344,0.333345,0.333351,0.333359,0.333360,0.333361,0.333370,0.333379,0.333389,0.776627,
0.273488,0.283024,0.290506,0.294749,0.294772,0.296179,0.302722,0.302740,0.315357,0.319338,0.323906,0.324720,0.325514,0.325536,0.327093,0.327114,0.327864,0.330065,0.330760,0.333306,0.333308,0.333308,0.333310,0.333311,0.333311,0.333316,0.333333,0.333335,0.333336,0.333336,0.333337,0.333337,0.333339,0.333341,0.333343,0.333347,0.333359,0.333360,0.333374,0.775305,
0.240540,0.244908,0.273455,0.290496,0.297497,0.300152,0.301454,0.302691,0.308784,0.313251,0.314335,0.314340,0.321205,0.321208,0.323861,0.324735,0.327885,0.328627,0.331429,0.332075,0.332081,0.333307,0.333328,0.333330,0.333332,0.333333,0.333334,0.333335,0.333336,0.333337,0.333339,0.333343,0.333349,0.333351,0.333351,0.333352,0.333352,0.333353,0.333354,0.775756,
0.253586,0.256828,0.268507,0.291910,0.296138,0.298816,0.302714,0.302730,0.302736,0.305222,0.307594,0.307640,0.312153,0.312157,0.312193,0.315362,0.328625,0.329535,0.330747,0.330757,0.332718,0.333306,0.333314,0.333324,0.333331,0.333334,0.333335,0.333336,0.333337,0.333338,0.333338,0.333340,0.333340,0.333343,0.333344,0.333354,0.333358,0.333363,0.333394,0.774549,
0.240484,0.260192,0.271869,0.281479,0.287567,0.311056,0.316392,0.318371,0.320278,0.325514,0.325529,0.326324,0.327116,0.330069,0.331450,0.333309,0.333310,0.333311,0.333314,0.333323,0.333327,0.333329,0.333333,0.333334,0.333335,0.333335,0.333336,0.333340,0.333344,0.333347,0.333347,0.333348,0.333349,0.333349,0.333350,0.333352,0.333360,0.333374,0.333376,0.775937,
0.237527,0.251937,0.256809,0.276723,0.293313,0.296284,0.303950,0.307612,0.314312,0.314334,0.316396,0.317386,0.324687,0.324716,0.325547,0.327866,0.328636,0.328647,0.330048,0.330060,0.332078,0.333307,0.333316,0.333319,0.333319,0.333334,0.333334,0.333334,0.333335,0.333336,0.333337,0.333338,0.333338,0.333338,0.333340,0.333341,0.333359,0.333362,0.333372,0.777718,
0.235530,0.235958,0.242955,0.244373,0.245792,0.251930,0.255269,0.256830,0.263536,0.266862,0.276695,0.278348,0.298839,0.304011,0.311077,0.314336,0.315368,0.316377,0.320317,0.322146,0.326318,0.327122,0.332080,0.333311,0.333324,0.333329,0.333329,0.333331,0.333333,0.333334,0.333336,0.333336,0.333337,0.333338,0.333339,0.333343,0.333345,0.333349,0.333361,0.775174,
0.235556,0.245784,0.251938,0.281474,0.284527,0.284572,0.301517,0.302736,0.307619,0.312180,0.316393,0.317397,0.318428,0.321315,0.323904,0.330765,0.330799,0.331452,0.332734,0.333310,0.333310,0.333319,0.333323,0.333323,0.333324,0.333329,0.333331,0.333333,0.333333,0.333334,0.333335,0.333337,0.333338,0.333340,0.333340,0.333344,0.333345,0.333366,0.333375,0.775791,
0.237484,0.239365,0.276740,0.278324,0.282992,0.294771,0.302723,0.302728,0.306420,0.308772,0.314327,0.319341,0.320269,0.322104,0.322998,0.323849,0.325523,0.329452,0.332089,0.332759,0.333306,0.333323,0.333323,0.333328,0.333329,0.333330,0.333333,0.333335,0.333336,0.333336,0.333340,0.333341,0.333341,0.333342,0.333349,0.333352,0.333358,0.333362,0.333383,0.776161,
0.258522,0.296181,0.300164,0.303971,0.308772,0.308784,0.322115,0.322988,0.325521,0.327106,0.327878,0.327895,0.330062,0.330759,0.332712,0.332717,0.333306,0.333318,0.333326,0.333327,0.333332,0.333333,0.333334,0.333335,0.333336,0.333337,0.333338,0.333339,0.333340,0.333340,0.333341,0.333344,0.333347,0.333348,0.333354,0.333358,0.333358,0.333360,0.333401,0.776794,
0.237436,0.266898,0.271845,0.278322,0.279935,0.281448,0.291951,0.293380,0.301464,0.302739,0.313248,0.314292,0.314318,0.316385,0.318380,0.326313,0.326332,0.327882,0.330759,0.331462,0.333312,0.333315,0.333319,0.333323,0.333331,0.333332,0.333334,0.333334,0.333334,0.333336,0.333336,0.333337,0.333337,0.333337,0.333339,0.333346,0.333350,0.333352,0.333361,0.776677,
0.237373,0.237559,0.242214,0.247634,0.253537,0.266901,0.275133,0.278329,0.287552,0.301448,0.306374,0.306419,0.315357,0.319363,0.323852,0.326332,0.330064,0.331433,0.333316,0.333321,0.333323,0.333323,0.333330,0.333333,0.333334,0.333334,0.333334,0.333335,0.333336,0.333338,0.333340,0.333343,0.333344,0.333344,0.333349,0.333359,0.333360,0.333367,0.333452,0.776287,
0.244350,0.244403,0.244430,0.261828,0.261864,0.289047,0.289063,0.294742,0.306400,0.309923,0.309926,0.311051,0.319364,0.322124,0.323189,0.325590,0.326357,0.330073,0.332102,0.332723,0.333311,0.333311,0.333324,0.333326,0.333329,0.333332,0.333332,0.333334,0.333335,0.333336,0.333337,0.333338,0.333339,0.333341,0.333344,0.333348,0.333349,0.333447,0.333481,0.775821,
0.235638,0.253553,0.263516,0.271850,0.275114,0.283000,0.287598,0.289047,0.291941,0.296130,0.297500,0.307612,0.307619,0.308800,0.311043,0.317439,0.321224,0.322979,0.323865,0.330062,0.330066,0.330754,0.333319,0.333323,0.333328,0.333329,0.333334,0.333334,0.333335,0.333335,0.333340,0.333345,0.333346,0.333348,0.333350,0.333350,0.333354,0.333369,0.333386,0.775555,
0.235813,0.241697,0.244370,0.244371,0.253582,0.256863,0.258030,0.261861,0.286084,0.287560,0.300148,0.300152,0.302789,0.305202,0.308791,0.309951,0.312149,0.315361,0.315400,0.317386,0.319348,0.324698,0.326316,0.330745,0.333332,0.333332,0.333336,0.333336,0.333339,0.333339,0.333341,0.333344,0.333346,0.333353,0.333354,0.333355,0.333356,0.333363,0.333369,0.774767,
0.235916,0.236033,0.243003,0.250873,0.251932,0.294770,0.297472,0.300165,0.306422,0.312166,0.314323,0.317374,0.320282,0.330075,0.330755,0.330792,0.331040,0.331424,0.333313,0.333314,0.333315,0.333316,0.333326,0.333328,0.333334,0.333334,0.333335,0.333342,0.333343,0.333345,0.333349,0.333350,0.333351,0.333355,0.333369,0.333376,0.333385,0.333391,0.333414,0.776997,
0.240503,0.241739,0.261215,0.290499,0.298804,0.298827,0.298827,0.314313,0.319344,0.320304,0.322139,0.324696,0.324713,0.326329,0.328629,0.328630,0.330059,0.332083,0.332193,0.332719,0.333306,0.333307,0.333307,0.333313,0.333317,0.333318,0.333322,0.333326,0.333335,0.333335,0.333336,0.333341,0.333342,0.333345,0.333345,0.333347,0.333353,0.333430,0.333542,0.774449,
0.244375,0.245866,0.247270,0.266977,0.270222,0.306421,0.313259,0.314321,0.316396,0.320290,0.322099,0.326326,0.326328,0.326331,0.326337,0.327112,0.329353,0.333316,0.333323,0.333326,0.333331,0.333332,0.333333,0.333334,0.333335,0.333335,0.333336,0.333337,0.333337,0.333338,0.333339,0.333340,0.333341,0.333344,0.333345,0.333351,0.333356,0.333390,0.333646,0.777207,
0.236783,0.241692,0.241706,0.266875,0.268559,0.270211,0.273497,0.281465,0.290466,0.294752,0.297530,0.298838,0.307597,0.316440,0.317383,0.318382,0.322105,0.323869,0.324749,0.326330,0.326337,0.329361,0.330061,0.330765,0.332715,0.333309,0.333326,0.333328,0.333329,0.333330,0.333332,0.333335,0.333336,0.333337,0.333338,0.333339,0.333344,0.333345,0.333366,0.774960,
0.271838,0.283015,0.284547,0.286071,0.301450,0.301505,0.302721,0.311041,0.313235,0.314327,0.316372,0.316390,0.321216,0.326328,0.326331,0.329347,0.333317,0.333329,0.333334,0.333335,0.333335,0.333336,0.333337,0.333337,0.333338,0.333339,0.333340,0.333340,0.333342,0.333344,0.333347,0.333355,0.333359,0.333361,0.333363,0.333366,0.333366,0.333390,0.333405,0.776819,
0.235800,0.242421,0.245758,0.271854,0.276720,0.279899,0.287561,0.287571,0.296120,0.307594,0.313249,0.320284,0.322123,0.325523,0.327114,0.328632,0.329347,0.329356,0.329360,0.333308,0.333313,0.333314,0.333323,0.333325,0.333330,0.333332,0.333335,0.333335,0.333335,0.333336,0.333337,0.333341,0.333342,0.333344,0.333347,0.333348,0.333350,0.333357,0.333364,0.776083,
0.235590,0.261728,0.268580,0.270217,0.290493,0.294768,0.294779,0.305216,0.306413,0.308797,0.314330,0.315377,0.321201,0.323009,0.332100,0.332711,0.333309,0.333313,0.333318,0.333319,0.333322,0.333323,0.333325,0.333327,0.333328,0.333329,0.333330,0.333335,0.333337,0.333339,0.333340,0.333340,0.333347,0.333352,0.333361,0.333361,0.333383,0.333414,0.333476,0.776490,
0.244305,0.244922,0.247262,0.270146,0.296167,0.306426,0.316390,0.318386,0.321223,0.326332,0.331432,0.332717,0.333306,0.333311,0.333316,0.333326,0.333327,0.333327,0.333328,0.333330,0.333331,0.333334,0.333336,0.333339,0.333339,0.333340,0.333341,0.333341,0.333345,0.333347,0.333348,0.333348,0.333348,0.333353,0.333361,0.333364,0.333366,0.333417,0.333804,0.774609,
0.235783,0.235965,0.238407,0.240406,0.263492,0.263497,0.300188,0.301479,0.306446,0.309922,0.315339,0.316408,0.319332,0.319333,0.321197,0.323859,0.328629,0.330115,0.332712,0.333309,0.333313,0.333316,0.333317,0.333320,0.333328,0.333330,0.333333,0.333333,0.333335,0.333336,0.333338,0.333338,0.333341,0.333344,0.333350,0.333352,0.333360,0.333382,0.333491,0.775447,
0.235686,0.238876,0.243008,0.243053,0.251965,0.270200,0.271910,0.273506,0.283021,0.296145,0.298847,0.301466,0.303979,0.313273,0.317395,0.318369,0.321191,0.321200,0.323069,0.330066,0.332718,0.332788,0.333309,0.333322,0.333324,0.333324,0.333329,0.333335,0.333335,0.333338,0.333341,0.333343,0.333343,0.333347,0.333350,0.333360,0.333361,0.333369,0.333467,0.774591,
0.235470,0.236754,0.247982,0.266897,0.268514,0.270198,0.270232,0.291966,0.293369,0.293420,0.301419,0.305217,0.305246,0.308795,0.309922,0.313247,0.314326,0.319337,0.319474,0.332079,0.332742,0.333306,0.333311,0.333317,0.333330,0.333334,0.333339,0.333340,0.333341,0.333342,0.333343,0.333345,0.333347,0.333350,0.333352,0.333358,0.333362,0.333363,0.333388,0.775360,
0.250381,0.255188,0.294761,0.298837,0.298850,0.301469,0.305226,0.309933,0.312153,0.314346,0.322092,0.325523,0.328623,0.329353,0.333310,0.333311,0.333322,0.333324,0.333325,0.333333,0.333336,0.333336,0.333341,0.333344,0.333344,0.333345,0.333346,0.333347,0.333348,0.333349,0.333352,0.333353,0.333354,0.333354,0.333356,0.333365,0.333406,0.333420,0.333521,0.775328,
0.265184,0.265209,0.275110,0.279874,0.279938,0.289074,0.290512,0.293341,0.293365,0.294758,0.294795,0.306416,0.313272,0.315369,0.316373,0.318389,0.322098,0.324698,0.325512,0.327862,0.327895,0.329361,0.330081,0.332079,0.333315,0.333318,0.333321,0.333321,0.333335,0.333338,0.333338,0.333344,0.333346,0.333350,0.333350,0.333351,0.333352,0.333376,0.333380,0.775671,
0.251927,0.273482,0.290494,0.293350,0.306458,0.308799,0.311062,0.318396,0.321210,0.324698,0.328618,0.330059,0.330779,0.333306,0.333306,0.333322,0.333323,0.333334,0.333335,0.333338,0.333338,0.333338,0.333339,0.333339,0.333340,0.333342,0.333342,0.333343,0.333343,0.333347,0.333352,0.333354,0.333354,0.333355,0.333359,0.333359,0.333361,0.333367,0.333368,0.776069,
0.235694,0.235814,0.235861,0.239292,0.255165,0.256851,0.266875,0.266916,0.268508,0.270197,0.271855,0.281468,0.281481,0.287569,0.290492,0.303988,0.313224,0.313247,0.317382,0.319328,0.320275,0.323870,0.326343,0.329377,0.331425,0.333307,0.333310,0.333310,0.333314,0.333320,0.333324,0.333325,0.333327,0.333336,0.333336,0.333337,0.333346,0.333346,0.333348,0.775908,
0.247240,0.276705,0.276718,0.279933,0.293346,0.293413,0.307621,0.308777,0.311039,0.311047,0.313245,0.314352,0.320308,0.321211,0.321240,0.322116,0.323002,0.325511,0.326413,0.328617,0.330125,0.330770,0.333321,0.333331,0.333338,0.333339,0.333339,0.333339,0.333342,0.333342,0.333343,0.333345,0.333348,0.333352,0.333356,0.333356,0.333365,0.333367,0.333417,0.775955,
0.236150,0.250342,0.256832,0.258307,0.261837,0.275131,0.284534,0.297453,0.303975,0.313241,0.319334,0.319343,0.324702,0.327875,0.328632,0.329347,0.330056,0.330747,0.333308,0.333317,0.333325,0.333325,0.333327,0.333335,0.333336,0.333337,0.333338,0.333339,0.333340,0.333342,0.333343,0.333344,0.333346,0.333347,0.333347,0.333353,0.333361,0.333362,0.333381,0.774830,
0.235526,0.235810,0.253583,0.255171,0.255242,0.265198,0.266859,0.278557,0.281470,0.297482,0.305196,0.306437,0.308765,0.313267,0.314332,0.322990,0.326322,0.329350,0.333310,0.333321,0.333322,0.333324,0.333327,0.333330,0.333334,0.333335,0.333336,0.333337,0.333337,0.333338,0.333344,0.333349,0.333351,0.333354,0.333357,0.333360,0.333362,0.333373,0.333411,0.776031,
