0.000000,0.000000,0.000000,0.000000,0.000000,0.000000,0.000000,0.000000,0.000000,0.000000,0.000000,0.000000,0.000000,0.000000,0.000000,0.000000,0.000000,0.000000,0.000000,0.000000,0.000000,0.000000,0.000000,0.000000,0.000000,0.000000,0.000000,0.000000,0.000000,0.000000,0.000000,0.000000,0.000000,0.000000,0.000000,0.000000,0.000000,0.000000,0.000000,0.000000,
0.000000,0.242811,0.264741,0.271441,0.271470,0.274846,0.278120,0.288939,0.289016,0.295004,0.305686,0.308191,0.314032,0.314087,0.327463,0.330951,0.331600,0.332358,0.333338,0.334703,0.336739,0.775178,0.775622,0.775684,0.775783,0.775789,0.775943,0.776123,0.776171,0.776220,0.776402,0.776452,0.776500,0.776506,0.776656,0.776942,0.777007,0.777061,0.777107,0.777147,
0.241676,0.244346,0.244408,0.249774,0.270149,0.271846,0.290499,0.297525,0.298869,0.304063,0.306403,0.309014,0.309023,0.310128,0.312362,0.316754,0.317383,0.318885,0.325532,0.328833,0.329941,0.330063,0.331428,0.333334,0.333334,0.333337,0.333345,0.333353,0.333357,0.333362,0.333369,0.334559,0.774646,0.774788,0.775038,0.775446,0.775917,0.776029,0.776616,0.776819,
0.235785,0.238443,0.239375,0.250313,0.260825,0.263500,0.263524,0.276693,0.281017,0.288726,0.291941,0.298843,0.302742,0.305262,0.317382,0.320276,0.323856,0.326330,0.329352,0.333307,0.333313,0.333322,0.333330,0.333332,0.333333,0.333335,0.333339,0.333347,0.333347,0.333348,0.333348,0.333350,0.333351,0.333354,0.333380,0.333390,0.775248,0.775615,0.776240,0.776678,
0.260150,0.260233,0.276699,0.278310,0.281764,0.305309,0.306445,0.310001,0.316383,0.316405,0.317391,0.318365,0.320285,0.322988,0.324685,0.324693,0.325529,0.327347,0.330746,0.330773,0.332080,0.333308,0.333317,0.333321,0.333321,0.333328,0.333332,0.333334,0.333336,0.333341,0.333343,0.333348,0.333351,0.333356,0.333356,0.333359,0.333395,0.333399,0.775625,0.775688,
0.235683,0.238662,0.238704,0.240473,0.255230,0.262811,0.263543,0.270193,0.278369,0.287575,0.301426,0.307658,0.308792,0.309952,0.319370,0.320269,0.321200,0.325519,0.326329,0.331432,0.331439,0.332080,0.333310,0.333311,0.333319,0.333333,0.333334,0.333337,0.333338,0.333338,0.333339,0.333342,0.333342,0.333342,0.333347,0.333359,0.333360,0.333371,0.774958,0.775991,
0.235834,0.269630,0.291945,0.291965,0.294749,0.307720,0.314299,0.315380,0.321197,0.321207,0.322993,0.325516,0.325622,0.327119,0.327873,0.328637,0.328762,0.332077,0.332082,0.333307,0.333312,0.333320,0.333325,0.333329,0.333334,0.333335,0.333337,0.333341,0.333343,0.333346,0.333347,0.333350,0.333357,0.333360,0.333362,0.333368,0.333375,0.333392,0.333720,0.775772,
0.258486,0.266873,0.275115,0.308787,0.311059,0.318366,0.322103,0.322131,0.325517,0.325548,0.327102,0.327869,0.327875,0.331427,0.331430,0.332077,0.333306,0.333309,0.333320,0.333321,0.333321,0.333332,0.333332,0.333334,0.333336,0.333336,0.333337,0.333337,0.333338,0.333338,0.333339,0.333339,0.333341,0.333344,0.333344,0.333353,0.333353,0.333365,0.333428,0.774217,
0.238379,0.258496,0.266839,0.271888,0.273508,0.278361,0.283023,0.296142,0.298861,0.300143,0.300153,0.300168,0.303969,0.307599,0.312142,0.315380,0.323877,0.329373,0.333315,0.333316,0.333319,0.333326,0.333329,0.333330,0.333331,0.333331,0.333334,0.333334,0.333335,0.333336,0.333337,0.333338,0.333340,0.333342,0.333342,0.333346,0.333348,0.333359,0.333362,0.776353,
0.235796,0.235861,0.240469,0.271839,0.279915,0.289044,0.289061,0.291947,0.300155,0.300169,0.307679,0.308769,0.312179,0.317404,0.319381,0.320291,0.322086,0.323866,0.325515,0.326340,0.326359,0.328615,0.329369,0.330753,0.331430,0.333310,0.333322,0.333325,0.333329,0.333330,0.333332,0.333336,0.333336,0.333337,0.333343,0.333343,0.333350,0.333351,0.333351,0.774096,
0.239417,0.270210,0.273456,0.286097,0.294779,0.307600,0.312187,0.313254,0.315383,0.316391,0.318376,0.320289,0.320364,0.323863,0.327103,0.327112,0.327119,0.333324,0.333330,0.333335,0.333335,0.333335,0.333336,0.333336,0.333337,0.333337,0.333339,0.333341,0.333341,0.333342,0.333342,0.333345,0.333346,0.333350,0.333350,0.333354,0.333355,0.333435,0.333468,0.776504,
0.236768,0.245833,0.248762,0.251324,0.254674,0.275076,0.275100,0.284539,0.284563,0.290495,0.300164,0.306445,0.314316,0.319326,0.320337,0.321193,0.321209,0.324700,0.325525,0.327873,0.327909,0.332097,0.332719,0.333314,0.333314,0.333318,0.333322,0.333326,0.333327,0.333328,0.333329,0.333329,0.333332,0.333335,0.333338,0.333339,0.333343,0.333344,0.333353,0.775992,
0.258523,0.258528,0.270182,0.271842,0.273520,0.276741,0.284551,0.286054,0.287561,0.290521,0.307629,0.309937,0.311070,0.312181,0.314316,0.316402,0.318368,0.322104,0.324686,0.330085,0.330761,0.331438,0.333323,0.333330,0.333334,0.333336,0.333338,0.333339,0.333341,0.333344,0.333344,0.333348,0.333354,0.333357,0.333358,0.333363,0.333384,0.333541,0.333566,0.776850,
0.236561,0.238761,0.244407,0.258524,0.261842,0.265187,0.266880,0.270175,0.275107,0.290525,0.297495,0.301424,0.306425,0.309934,0.311065,0.313256,0.313265,0.313274,0.316387,0.318381,0.323006,0.323850,0.327113,0.332712,0.333310,0.333324,0.333328,0.333331,0.333335,0.333335,0.333338,0.333338,0.333342,0.333345,0.333345,0.333354,0.333357,0.333372,0.333372,0.775477,
0.241720,0.247273,0.247597,0.255188,0.265166,0.265181,0.265190,0.281424,0.293354,0.294746,0.303960,0.305200,0.306438,0.312181,0.316372,0.322133,0.323849,0.324701,0.325577,0.330068,0.331421,0.333307,0.333318,0.333325,0.333332,0.333334,0.333336,0.333342,0.333344,0.333344,0.333345,0.333346,0.333347,0.333352,0.333355,0.333364,0.333367,0.333371,0.333454,0.776135,
0.242347,0.242961,0.251061,0.254650,0.271831,0.273521,0.279902,0.287542,0.296137,0.298866,0.300131,0.307610,0.308764,0.308794,0.311070,0.312166,0.317384,0.323847,0.323858,0.326331,0.327926,0.330078,0.330756,0.332910,0.333308,0.333321,0.333323,0.333325,0.333334,0.333338,0.333339,0.333339,0.333344,0.333348,0.333349,0.333357,0.333367,0.333368,0.333368,0.775305,
0.268520,0.284568,0.294770,0.296131,0.297515,0.303968,0.306414,0.312176,0.312377,0.313240,0.313260,0.314338,0.315371,0.317398,0.321208,0.327113,0.329371,0.329373,0.333308,0.333320,0.333328,0.333328,0.333329,0.333331,0.333333,0.333333,0.333335,0.333336,0.333337,0.333337,0.333342,0.333346,0.333346,0.333347,0.333354,0.333356,0.333388,0.333477,0.333561,0.775864,
0.251936,0.253565,0.255249,0.263610,0.281469,0.287558,0.294734,0.305208,0.311070,0.315366,0.315387,0.318364,0.322116,0.327879,0.328625,0.328628,0.330061,0.333307,0.333313,0.333321,0.333321,0.333322,0.333328,0.333330,0.333336,0.333336,0.333337,0.333337,0.333337,0.333340,0.333344,0.333345,0.333347,0.333349,0.333351,0.333352,0.333352,0.333355,0.333358,0.775688,
0.244786,0.244900,0.263508,0.287587,0.294740,0.312145,0.312166,0.314326,0.317385,0.319335,0.324713,0.328632,0.328665,0.332124,0.333312,0.333316,0.333317,0.333320,0.333321,0.333323,0.333323,0.333327,0.333331,0.333334,0.333335,0.333336,0.333337,0.333337,0.333340,0.333342,0.333342,0.333343,0.333344,0.333350,0.333352,0.333357,0.333360,0.333368,0.333377,0.776585,
0.238438,0.245791,0.247234,0.247249,0.256851,0.258521,0.275117,0.276697,0.284539,0.286061,0.287561,0.289056,0.297499,0.302703,0.311083,0.312180,0.313265,0.314480,0.316384,0.320283,0.323865,0.324678,0.326328,0.327872,0.330067,0.332085,0.333306,0.333307,0.333315,0.333325,0.333330,0.333330,0.333336,0.333337,0.333338,0.333342,0.333345,0.333369,0.333491,0.775460,
0.235759,0.237610,0.244381,0.268539,0.270208,0.271887,0.273484,0.289054,0.290573,0.293375,0.296117,0.300158,0.301464,0.307624,0.319336,0.321214,0.322118,0.323004,0.323862,0.326337,0.328636,0.329368,0.333307,0.333322,0.333323,0.333336,0.333337,0.333339,0.333344,0.333346,0.333346,0.333352,0.333355,0.333355,0.333357,0.333359,0.333361,0.333372,0.333374,0.776155,
0.238955,0.242316,0.266875,0.278316,0.286037,0.286090,0.287586,0.300190,0.311053,0.315369,0.317395,0.319315,0.320296,0.325522,0.327127,0.331423,0.331442,0.333310,0.333314,0.333317,0.333321,0.333328,0.333329,0.333332,0.333335,0.333336,0.333339,0.333339,0.333340,0.333341,0.333350,0.333350,0.333353,0.333356,0.333362,0.333364,0.333387,0.333411,0.333445,0.776229,
0.240476,0.261829,0.278418,0.287565,0.289064,0.290480,0.291936,0.298805,0.298829,0.306422,0.308773,0.309945,0.317406,0.318361,0.323864,0.333306,0.333308,0.333315,0.333318,0.333323,0.333327,0.333331,0.333334,0.333334,0.333335,0.333337,0.333337,0.333338,0.333338,0.333341,0.333346,0.333348,0.333351,0.333352,0.333356,0.333357,0.333360,0.333366,0.333457,0.776595,
0.238720,0.240466,0.265206,0.270250,0.290472,0.293353,0.296148,0.298966,0.301443,0.301485,0.307618,0.314323,0.319348,0.322102,0.325510,0.327889,0.329366,0.329379,0.330753,0.333307,0.333310,0.333313,0.333322,0.333325,0.333329,0.333332,0.333334,0.333335,0.333337,0.333337,0.333338,0.333340,0.333344,0.333346,0.333346,0.333351,0.333355,0.333356,0.333362,0.776024,
0.237574,0.243286,0.250333,0.275126,0.275131,0.279903,0.283023,0.306407,0.306409,0.306424,0.311044,0.317376,0.322995,0.326317,0.326358,0.327104,0.328658,0.331446,0.332078,0.332082,0.333314,0.333317,0.333321,0.333322,0.333331,0.333334,0.333335,0.333335,0.333336,0.333336,0.333337,0.333341,0.333347,0.333349,0.333350,0.333350,0.333352,0.333352,0.333458,0.776161,
0.254243,0.256076,0.260147,0.261903,0.266857,0.271846,0.278315,0.289022,0.300143,0.303516,0.303984,0.308770,0.320275,0.322123,0.322998,0.325527,0.329354,0.332788,0.333308,0.333316,0.333318,0.333319,0.333320,0.333322,0.333326,0.333327,0.333330,0.333331,0.333332,0.333334,0.333335,0.333335,0.333338,0.333341,0.333342,0.333345,0.333345,0.333347,0.333359,0.775546,
0.253533,0.261909,0.272094,0.279928,0.286090,0.292444,0.294742,0.301432,0.301478,0.302721,0.302724,0.308782,0.312154,0.314300,0.314308,0.314323,0.315359,0.316409,0.330788,0.332716,0.332720,0.333311,0.333321,0.333329,0.333332,0.333333,0.333334,0.333335,0.333336,0.333337,0.333338,0.333345,0.333346,0.333347,0.333349,0.333350,0.333352,0.333370,0.333370,0.774904,
0.236216,0.239387,0.239414,0.244377,0.247287,0.261133,0.273469,0.273471,0.284544,0.286031,0.290492,0.308801,0.309918,0.316377,0.324723,0.328610,0.332074,0.332100,0.333306,0.333318,0.333321,0.333322,0.333334,0.333334,0.333335,0.333336,0.333341,0.333343,0.333344,0.333344,0.333345,0.333346,0.333348,0.333350,0.333350,0.333350,0.333353,0.333369,0.333377,0.775410,
0.235939,0.258482,0.281464,0.290530,0.291946,0.294767,0.303976,0.308777,0.309932,0.312218,0.316360,0.318374,0.318375,0.322083,0.327872,0.328624,0.330070,0.330753,0.332717,0.333306,0.333307,0.333316,0.333318,0.333318,0.333319,0.333322,0.333323,0.333333,0.333335,0.333342,0.333342,0.333344,0.333346,0.333356,0.333356,0.333362,0.333394,0.333409,0.333649,0.774148,
0.271828,0.273511,0.276722,0.278282,0.287564,0.293361,0.293369,0.298827,0.300194,0.303991,0.305218,0.306426,0.306440,0.307592,0.312164,0.315341,0.316387,0.322111,0.325541,0.327882,0.328627,0.330075,0.332087,0.333309,0.333332,0.333332,0.333333,0.333334,0.333335,0.333340,0.333342,0.333344,0.333346,0.333346,0.333348,0.333352,0.333355,0.333359,0.333429,0.775079,
0.240403,0.250793,0.260181,0.262837,0.265192,0.289069,0.293375,0.294751,0.312157,0.319338,0.321223,0.322093,0.323000,0.323884,0.324695,0.327129,0.327896,0.328624,0.329343,0.329348,0.329353,0.330054,0.330057,0.333325,0.333333,0.333335,0.333337,0.333339,0.333344,0.333345,0.333348,0.333348,0.333348,0.333348,0.333351,0.333353,0.333360,0.333363,0.333364,0.776889,
0.238825,0.240338,0.244348,0.255135,0.255169,0.276733,0.278330,0.287582,0.289031,0.291988,0.318370,0.319324,0.323009,0.326371,0.327482,0.328625,0.328627,0.329504,0.330064,0.330756,0.331438,0.332097,0.332719,0.333317,0.333319,0.333319,0.333319,0.333322,0.333324,0.333329,0.333331,0.333333,0.333335,0.333336,0.333337,0.333339,0.333340,0.333344,0.333548,0.776294,
0.251959,0.253580,0.270211,0.271944,0.273473,0.281511,0.287577,0.300166,0.301449,0.303976,0.306407,0.306537,0.311062,0.323855,0.324695,0.326332,0.330772,0.331443,0.332090,0.333323,0.333327,0.333331,0.333331,0.333332,0.333334,0.333335,0.333336,0.333337,0.333338,0.333339,0.333340,0.333342,0.333342,0.333343,0.333344,0.333344,0.333362,0.333375,0.333386,0.775217,
0.237582,0.279884,0.294764,0.300154,0.302743,0.305224,0.311064,0.312176,0.313263,0.314343,0.324697,0.324698,0.328623,0.328625,0.330071,0.332714,0.333306,0.333325,0.333328,0.333328,0.333329,0.333331,0.333332,0.333333,0.333334,0.333335,0.333335,0.333337,0.333338,0.333338,0.333338,0.333339,0.333339,0.333339,0.333346,0.333350,0.333359,0.333364,0.333378,0.776418,
0.235608,0.250342,0.273501,0.278305,0.296134,0.307600,0.315365,0.317387,0.318374,0.322969,0.326316,0.329368,0.330070,0.331452,0.332079,0.332080,0.333309,0.333311,0.333318,0.333319,0.333321,0.333329,0.333334,0.333334,0.333334,0.333336,0.333336,0.333336,0.333336,0.333336,0.333337,0.333339,0.333344,0.333345,0.333345,0.333348,0.333349,0.333353,0.333399,0.776181,
0.235575,0.238373,0.240129,0.247278,0.251955,0.255167,0.260203,0.273460,0.293380,0.294761,0.297495,0.297519,0.305211,0.311042,0.316381,0.316415,0.317383,0.317388,0.317393,0.318359,0.321236,0.327882,0.329359,0.332079,0.333311,0.333315,0.333319,0.333323,0.333331,0.333333,0.333334,0.333334,0.333335,0.333336,0.333336,0.333342,0.333346,0.333351,0.333381,0.775581,
0.245798,0.251288,0.258508,0.261790,0.273498,0.286061,0.287586,0.291947,0.293340,0.315425,0.324704,0.330159,0.330779,0.333306,0.333321,0.333325,0.333325,0.333333,0.333334,0.333334,0.333337,0.333338,0.333342,0.333342,0.333343,0.333343,0.333343,0.333343,0.333346,0.333346,0.333348,0.333352,0.333353,0.333371,0.333374,0.333376,0.333381,0.333399,0.333465,0.775623,
0.242458,0.263510,0.270229,0.275124,0.276710,0.281497,0.284584,0.287580,0.301459,0.304175,0.305211,0.308801,0.312168,0.314335,0.316372,0.324705,0.325511,0.326314,0.326318,0.328633,0.329363,0.330073,0.332086,0.332086,0.333307,0.333307,0.333311,0.333316,0.333321,0.333324,0.333324,0.333330,0.333339,0.333339,0.333356,0.333360,0.333363,0.333371,0.333383,0.775987,
0.251868,0.261892,0.270191,0.303962,0.303988,0.305238,0.306433,0.314327,0.319333,0.319351,0.323865,0.327125,0.329359,0.331426,0.332738,0.332744,0.333306,0.333307,0.333309,0.333313,0.333315,0.333334,0.333335,0.333336,0.333337,0.333338,0.333338,0.333338,0.333340,0.333340,0.333343,0.333343,0.333350,0.333356,0.333357,0.333360,0.333361,0.333365,0.333480,0.776575,
0.244395,0.247305,0.284547,0.287562,0.293377,0.296139,0.301455,0.301461,0.306444,0.308799,0.318356,0.320289,0.331423,0.331426,0.333306,0.333308,0.333310,0.333318,0.333324,0.333329,0.333330,0.333332,0.333334,0.333334,0.333336,0.333336,0.333337,0.333339,0.333341,0.333342,0.333344,0.333348,0.333348,0.333353,0.333357,0.333361,0.333365,0.333369,0.333377,0.774326,
0.236249,0.247275,0.251366,0.256867,0.258496,0.265219,0.268583,0.276716,0.287583,0.291954,0.291957,0.300154,0.302757,0.305271,0.313249,0.316384,0.323861,0.327123,0.329356,0.332713,0.333306,0.333307,0.333320,0.333324,0.333325,0.333331,0.333332,0.333333,0.333335,0.333335,0.333336,0.333336,0.333339,0.333341,0.333348,0.333350,0.333352,0.333353,0.333357,0.776642,
0.237574,0.241700,0.251136,0.256830,0.275156,0.276713,0.279921,0.281454,0.302720,0.309907,0.309942,0.309981,0.311050,0.318593,0.322105,0.326339,0.330792,0.332750,0.333307,0.333320,0.333326,0.333332,0.333334,0.333335,0.333336,0.333338,0.333339,0.333339,0.333343,0.333348,0.333349,0.333350,0.333354,0.333354,0.333356,0.333361,0.333367,0.333367,0.333410,0.775948,
0.242277,0.253537,0.253579,0.270238,0.273478,0.279883,0.284541,0.287608,0.291951,0.294750,0.301451,0.305201,0.305208,0.306429,0.311062,0.320260,0.320268,0.320309,0.327880,0.330132,0.331417,0.331421,0.333308,0.333314,0.333317,0.333318,0.333331,0.333334,0.333338,0.333339,0.333340,0.333342,0.333342,0.333346,0.333346,0.333358,0.333360,0.333361,0.333548,0.776186,
0.235545,0.263516,0.265192,0.278311,0.279930,0.290521,0.298837,0.305206,0.306436,0.308817,0.314310,0.316407,0.317409,0.323000,0.324687,0.330759,0.332240,0.332731,0.333310,0.333311,0.333312,0.333321,0.333329,0.333332,0.333333,0.333335,0.333336,0.333336,0.333338,0.333340,0.333342,0.333344,0.333348,0.333348,0.333348,0.333350,0.333359,0.333365,0.333377,0.776524,
0.239432,0.276698,0.286063,0.286072,0.290482,0.290505,0.291934,0.304056,0.308775,0.309922,0.311095,0.314296,0.314342,0.316409,0.322982,0.323855,0.326331,0.326336,0.327119,0.327903,0.332717,0.333308,0.333311,0.333318,0.333320,0.333320,0.333333,0.333334,0.333334,0.333336,0.333338,0.333340,0.333342,0.333343,0.333350,0.333351,0.333354,0.333360,0.333361,0.775956,
0.236065,0.244888,0.248799,0.261812,0.279904,0.291910,0.297474,0.300123,0.303975,0.309920,0.322114,0.326329,0.327117,0.327872,0.327883,0.330059,0.330758,0.332732,0.333311,0.333314,0.333326,0.333328,0.333333,0.333334,0.333337,0.333338,0.333338,0.333344,0.333345,0.333346,0.333346,0.333348,0.333351,0.333353,0.333354,0.333354,0.333357,0.333361,0.333394,0.774112,
0.236618,0.240566,0.265188,0.276714,0.284559,0.290499,0.291952,0.291969,0.294751,0.306425,0.307599,0.307615,0.309934,0.320283,0.323008,0.327881,0.327883,0.328618,0.328619,0.333310,0.333310,0.333314,0.333315,0.333321,0.333322,0.333334,0.333336,0.333337,0.333337,0.333338,0.333338,0.333339,0.333349,0.333350,0.333350,0.333360,0.333381,0.333409,0.333493,0.775714,
0.247286,0.248766,0.258492,0.268566,0.275085,0.278329,0.287561,0.300141,0.302704,0.302753,0.303974,0.313272,0.323853,0.323868,0.325521,0.327885,0.328627,0.330778,0.333308,0.333311,0.333315,0.333318,0.333319,0.333331,0.333336,0.333337,0.333339,0.333341,0.333341,0.333346,0.333346,0.333347,0.333353,0.333355,0.333357,0.333360,0.333362,0.333392,0.333439,0.775089,
0.240379,0.255156,0.263575,0.276706,0.276751,0.278314,0.290504,0.293360,0.315368,0.322980,0.322984,0.323007,0.325517,0.328623,0.328660,0.332077,0.333308,0.333312,0.333314,0.333314,0.333321,0.333321,0.333322,0.333327,0.333337,0.333337,0.333339,0.333339,0.333342,0.333344,0.333345,0.333349,0.333351,0.333353,0.333357,0.333360,0.333361,0.333381,0.333381,0.776468,
0.238356,0.251983,0.253560,0.261812,0.265190,0.284537,0.286049,0.286092,0.290492,0.293373,0.298859,0.313274,0.319361,0.321209,0.324683,0.324690,0.324713,0.325532,0.327873,0.330062,0.330762,0.332080,0.332080,0.332715,0.332718,0.332746,0.333307,0.333311,0.333313,0.333337,0.333338,0.333338,0.333339,0.333343,0.333344,0.333356,0.333361,0.333362,0.333462,0.776340,
0.236784,0.240527,0.244340,0.244728,0.247327,0.258521,0.271861,0.275113,0.276704,0.284557,0.287562,0.290495,0.308791,0.311054,0.312164,0.312170,0.314360,0.315367,0.318408,0.320273,0.325533,0.330744,0.330754,0.332083,0.332093,0.332784,0.333310,0.333318,0.333319,0.333322,0.333330,0.333333,0.333334,0.333335,0.333335,0.333339,0.333341,0.333351,0.333354,0.776688,
0.235797,0.244338,0.244953,0.248736,0.254502,0.255232,0.266864,0.275108,0.287581,0.291969,0.301442,0.301464,0.305215,0.314328,0.320284,0.322135,0.325530,0.326328,0.327890,0.331427,0.332078,0.332738,0.333322,0.333328,0.333331,0.333334,0.333336,0.333338,0.333341,0.333342,0.333343,0.333346,0.333351,0.333355,0.333361,0.333362,0.333385,0.333406,0.333492,0.776176,
0.235638,0.236249,0.245790,0.247258,0.258521,0.265234,0.266857,0.273523,0.306415,0.311082,0.314308,0.316388,0.317410,0.318382,0.322114,0.326368,0.328626,0.330061,0.330075,0.332720,0.333307,0.333314,0.333326,0.333329,0.333334,0.333334,0.333335,0.333339,0.333340,0.333341,0.333348,0.333354,0.333363,0.333367,0.333380,0.333385,0.333415,0.333500,0.333558,0.775887,
0.238781,0.240527,0.253578,0.258214,0.273547,0.284581,0.287608,0.291975,0.294757,0.300150,0.300170,0.311047,0.313346,0.314302,0.315356,0.315376,0.315379,0.319359,0.325526,0.327889,0.331421,0.332744,0.333307,0.333310,0.333333,0.333335,0.333335,0.333336,0.333336,0.333338,0.333339,0.333340,0.333342,0.333344,0.333347,0.333361,0.333363,0.333382,0.333411,0.776035,
0.244388,0.247288,0.253995,0.270238,0.279892,0.287591,0.294735,0.318397,0.318429,0.320330,0.321188,0.321216,0.323020,0.323855,0.323866,0.324723,0.328629,0.330782,0.333306,0.333309,0.333320,0.333324,0.333325,0.333328,0.333330,0.333331,0.333332,0.333333,0.333334,0.333335,0.333336,0.333337,0.333344,0.333346,0.333350,0.333350,0.333353,0.333354,0.333593,0.775809,
0.235682,0.251897,0.253575,0.263539,0.265185,0.271831,0.298856,0.301683,0.312165,0.314305,0.314327,0.319340,0.326347,0.327874,0.327876,0.327886,0.328616,0.330762,0.332071,0.332717,0.333318,0.333322,0.333323,0.333330,0.333335,0.333336,0.333337,0.333337,0.333339,0.333339,0.333339,0.333340,0.333340,0.333340,0.333341,0.333342,0.333352,0.333361,0.333387,0.775736,
0.242468,0.242492,0.248800,0.257907,0.258552,0.273532,0.289006,0.289050,0.296134,0.301441,0.301449,0.307611,0.311091,0.317493,0.319343,0.320274,0.321193,0.324683,0.325522,0.327909,0.333308,0.333310,0.333325,0.333328,0.333330,0.333335,0.333335,0.333336,0.333336,0.333337,0.333337,0.333338,0.333340,0.333343,0.333344,0.333350,0.333364,0.333368,0.333375,0.775839,
0.240455,0.244395,0.286062,0.286062,0.290503,0.291958,0.294718,0.294758,0.301477,0.302706,0.311060,0.313257,0.315374,0.315397,0.317386,0.321224,0.324716,0.327107,0.330058,0.330762,0.330916,0.332081,0.333307,0.333307,0.333318,0.333330,0.333330,0.333338,0.333339,0.333341,0.333341,0.333342,0.333342,0.333345,0.333347,0.333349,0.333352,0.333476,0.333601,0.776572,
0.235673,0.241680,0.278298,0.284571,0.301459,0.305206,0.307603,0.312179,0.312188,0.314338,0.316371,0.316398,0.318379,0.319348,0.319357,0.321201,0.327120,0.330745,0.331421,0.333318,0.333325,0.333328,0.333332,0.333335,0.333336,0.333336,0.333337,0.333343,0.333343,0.333344,0.333344,0.333345,0.333350,0.333352,0.333352,0.333355,0.333357,0.333385,0.333392,0.776557,
0.235807,0.235846,0.237406,0.256810,0.268584,0.286066,0.289036,0.290484,0.311057,0.312153,0.317412,0.327116,0.329362,0.330068,0.330760,0.332098,0.332728,0.333307,0.333309,0.333318,0.333322,0.333324,0.333324,0.333324,0.333331,0.333335,0.333336,0.333336,0.333337,0.333338,0.333339,0.333341,0.333341,0.333342,0.333347,0.333348,0.333360,0.333391,0.333417,0.775684,
0.235817,0.236825,0.245735,0.265200,0.270206,0.276723,0.284554,0.287578,0.298854,0.300153,0.307596,0.309941,0.311130,0.322106,0.323868,0.326336,0.327874,0.330065,0.330072,0.332081,0.333320,0.333321,0.333326,0.333329,0.333332,0.333334,0.333334,0.333335,0.333335,0.333339,0.333340,0.333354,0.333355,0.333357,0.333361,0.333365,0.333374,0.333427,0.333445,0.774939,
0.236210,0.236781,0.237385,0.261785,0.261846,0.273482,0.275129,0.284543,0.284561,0.307639,0.309954,0.314326,0.316402,0.317365,0.320278,0.322997,0.324690,0.330056,0.330065,0.330828,0.331427,0.333308,0.333313,0.333324,0.333331,0.333332,0.333332,0.333334,0.333336,0.333336,0.333336,0.333338,0.333342,0.333345,0.333356,0.333357,0.333366,0.333367,0.333414,0.776556,
0.235519,0.268577,0.271849,0.278315,0.281499,0.286076,0.298833,0.301441,0.302715,0.303977,0.303981,0.304007,0.307599,0.310024,0.319338,0.320277,0.321209,0.323853,0.326323,0.332710,0.333322,0.333324,0.333335,0.333335,0.333335,0.333336,0.333336,0.333337,0.333339,0.333342,0.333344,0.333344,0.333348,0.333354,0.333362,0.333363,0.333405,0.333445,0.333754,0.776228,
0.244939,0.260148,0.268487,0.273517,0.279930,0.294765,0.300145,0.300149,0.309939,0.312178,0.315360,0.318401,0.320290,0.321209,0.322977,0.323859,0.331420,0.333323,0.333325,0.333325,0.333332,0.333333,0.333333,0.333333,0.333334,0.333338,0.333338,0.333339,0.333339,0.333340,0.333341,0.333341,0.333347,0.333348,0.333349,0.333361,0.333364,0.333365,0.333416,0.775985,
0.241680,0.250345,0.273479,0.275132,0.276685,0.276744,0.286040,0.293357,0.296121,0.301426,0.301457,0.302735,0.305197,0.312156,0.321221,0.322967,0.327885,0.332716,0.333308,0.333308,0.333308,0.333313,0.333316,0.333326,0.333328,0.333332,0.333336,0.333338,0.333339,0.333339,0.333341,0.333342,0.333343,0.333344,0.333350,0.333359,0.333363,0.333371,0.333490,0.776249,
0.256840,0.281465,0.281497,0.296157,0.298861,0.301447,0.306395,0.306418,0.306436,0.308786,0.314331,0.315399,0.318363,0.323848,0.325541,0.330084,0.333306,0.333324,0.333325,0.333326,0.333329,0.333335,0.333336,0.333337,0.333339,0.333340,0.333345,0.333348,0.333348,0.333349,0.333349,0.333352,0.333353,0.333354,0.333355,0.333360,0.333361,0.333363,0.333389,0.774558,
0.235804,0.247266,0.281450,0.290497,0.293353,0.301448,0.302728,0.309934,0.315369,0.316394,0.319343,0.322132,0.330079,0.330754,0.331432,0.332078,0.332721,0.333313,0.333316,0.333319,0.333326,0.333328,0.333331,0.333335,0.333336,0.333339,0.333339,0.333339,0.333339,0.333342,0.333342,0.333344,0.333347,0.333347,0.333348,0.333348,0.333357,0.333359,0.333375,0.776099,
0.236007,0.242500,0.261869,0.265203,0.282988,0.290487,0.291944,0.293352,0.300176,0.302707,0.324697,0.324703,0.327126,0.329350,0.330063,0.330761,0.332084,0.333307,0.333320,0.333320,0.333323,0.333323,0.333328,0.333331,0.333334,0.333334,0.333336,0.333336,0.333336,0.333337,0.333338,0.333340,0.333343,0.333346,0.333346,0.333348,0.333358,0.333382,0.333430,0.773938,
0.235593,0.236817,0.237498,0.276728,0.281465,0.289066,0.293356,0.294728,0.308772,0.309913,0.316386,0.318364,0.320295,0.321196,0.321235,0.323011,0.327111,0.327883,0.327887,0.330069,0.330070,0.330771,0.332108,0.333312,0.333320,0.333331,0.333332,0.333333,0.333334,0.333336,0.333336,0.333339,0.333342,0.333349,0.333353,0.333354,0.333358,0.333430,0.333483,0.776716,
0.241745,0.247794,0.260182,0.271830,0.290489,0.297474,0.303973,0.304050,0.313266,0.313304,0.315373,0.315379,0.316392,0.323842,0.323844,0.327886,0.328629,0.328637,0.330767,0.332095,0.333312,0.333314,0.333328,0.333330,0.333334,0.333334,0.333337,0.333337,0.333338,0.333339,0.333341,0.333343,0.333346,0.333350,0.333352,0.333358,0.333359,0.333361,0.333405,0.776403,
0.238694,0.241769,0.263508,0.265186,0.270203,0.273515,0.275086,0.278306,0.286079,0.297487,0.302758,0.303985,0.317387,0.317388,0.322989,0.323001,0.324692,0.329349,0.331436,0.331444,0.332716,0.332720,0.333314,0.333316,0.333321,0.333324,0.333326,0.333330,0.333330,0.333333,0.333334,0.333339,0.333339,0.333344,0.333347,0.333349,0.333371,0.333390,0.333520,0.776108,
0.243022,0.247263,0.265239,0.265244,0.271863,0.273465,0.276746,0.281468,0.284564,0.296135,0.297523,0.305222,0.307624,0.313248,0.320305,0.321196,0.323114,0.324700,0.325539,0.325540,0.329346,0.330756,0.330764,0.333307,0.333308,0.333312,0.333324,0.333333,0.333334,0.333336,0.333336,0.333338,0.333339,0.333339,0.333341,0.333362,0.333363,0.333368,0.333392,0.775592,
0.236236,0.248760,0.255171,0.256855,0.260169,0.301487,0.303988,0.308783,0.309975,0.311070,0.322099,0.325520,0.326342,0.327135,0.327889,0.328641,0.333309,0.333314,0.333330,0.333333,0.333334,0.333334,0.333336,0.333338,0.333338,0.333340,0.333340,0.333340,0.333345,0.333347,0.333348,0.333350,0.333351,0.333357,0.333359,0.333363,0.333367,0.333369,0.333383,0.776436,
0.248791,0.260220,0.261091,0.281456,0.286075,0.290518,0.291941,0.294773,0.300143,0.301472,0.305198,0.311053,0.313319,0.315406,0.319317,0.323850,0.323853,0.326335,0.326336,0.332087,0.333307,0.333307,0.333308,0.333317,0.333321,0.333327,0.333328,0.333329,0.333331,0.333332,0.333335,0.333336,0.333340,0.333345,0.333346,0.333347,0.333349,0.333370,0.333380,0.776833,
0.248731,0.250337,0.263517,0.273510,0.279919,0.281465,0.281495,0.286072,0.290511,0.298856,0.302744,0.306435,0.311051,0.312176,0.313245,0.314355,0.327102,0.327877,0.328628,0.328634,0.328640,0.333319,0.333321,0.333322,0.333326,0.333331,0.333334,0.333335,0.333335,0.333337,0.333339,0.333340,0.333341,0.333343,0.333344,0.333350,0.333354,0.333355,0.333650,0.776024,
0.237475,0.239334,0.247298,0.253561,0.275116,0.278333,0.282990,0.284514,0.291936,0.303993,0.306387,0.311055,0.311061,0.314333,0.321206,0.324692,0.328641,0.330774,0.333324,0.333326,0.333327,0.333332,0.333332,0.333334,0.333335,0.333336,0.333337,0.333343,0.333344,0.333345,0.333345,0.333348,0.333349,0.333355,0.333356,0.333359,0.333359,0.333369,0.333380,0.776023,
0.235793,0.243517,0.247263,0.247306,0.253574,0.278327,0.291955,0.296125,0.296135,0.297491,0.317461,0.319336,0.323846,0.325526,0.329349,0.329356,0.332715,0.332718,0.333307,0.333313,0.333314,0.333319,0.333323,0.333323,0.333330,0.333330,0.333334,0.333334,0.333338,0.333338,0.333339,0.333340,0.333341,0.333343,0.333354,0.333357,0.333361,0.333362,0.333376,0.776592,
0.239398,0.240248,0.282991,0.298824,0.302748,0.305195,0.322099,0.322114,0.322979,0.322982,0.322985,0.324680,0.329365,0.330755,0.330766,0.333307,0.333310,0.333315,0.333319,0.333327,0.333329,0.333329,0.333331,0.333333,0.333334,0.333336,0.333336,0.333337,0.333340,0.333340,0.333341,0.333348,0.333351,0.333353,0.333356,0.333361,0.333383,0.333415,0.334074,0.775931,
0.236056,0.268567,0.283009,0.287558,0.293389,0.296120,0.297492,0.297492,0.298973,0.303974,0.306431,0.314317,0.317399,0.319405,0.320281,0.327893,0.330754,0.330757,0.333306,0.333310,0.333316,0.333329,0.333331,0.333332,0.333333,0.333334,0.333334,0.333335,0.333335,0.333336,0.333338,0.333339,0.333340,0.333340,0.333347,0.333347,0.333352,0.333358,0.333358,0.775071,
0.236507,0.237524,0.244325,0.263509,0.276716,0.283001,0.286046,0.289049,0.296128,0.296152,0.297495,0.303968,0.305196,0.307609,0.307614,0.308770,0.312177,0.312177,0.313259,0.325515,0.325631,0.328616,0.328652,0.329363,0.333330,0.333332,0.333335,0.333337,0.333337,0.333338,0.333339,0.333345,0.333346,0.333350,0.333352,0.333353,0.333356,0.333358,0.333361,0.774710,
0.248828,0.255188,0.260178,0.268556,0.281485,0.300155,0.302707,0.310061,0.311064,0.315367,0.321200,0.322135,0.323840,0.326331,0.329376,0.330064,0.333307,0.333312,0.333315,0.333317,0.333320,0.333329,0.333336,0.333336,0.333338,0.333338,0.333339,0.333345,0.333345,0.333346,0.333347,0.333348,0.333351,0.333352,0.333352,0.333358,0.333361,0.333387,0.333438,0.776606,
0.241780,0.248794,0.251931,0.261735,0.286046,0.293334,0.293357,0.297512,0.307638,0.308798,0.313241,0.319343,0.322984,0.322994,0.324705,0.324723,0.327103,0.327884,0.329358,0.330060,0.331466,0.332090,0.333312,0.333316,0.333316,0.333321,0.333321,0.333322,0.333323,0.333329,0.333332,0.333336,0.333340,0.333343,0.333347,0.333350,0.333358,0.333367,0.333375,0.775323,
0.235572,0.240483,0.253514,0.256839,0.261823,0.273501,0.279921,0.283026,0.287603,0.300152,0.303989,0.315351,0.315374,0.316383,0.317386,0.320290,0.323019,0.324710,0.326335,0.332761,0.333327,0.333334,0.333335,0.333335,0.333336,0.333336,0.333336,0.333337,0.333337,0.333339,0.333340,0.333340,0.333341,0.333342,0.333342,0.333342,0.333346,0.333346,0.333795,0.777044,
0.236230,0.236235,0.239343,0.254647,0.258556,0.265194,0.271839,0.283016,0.290507,0.294762,0.294783,0.298856,0.305245,0.307594,0.307604,0.308790,0.311084,0.314320,0.315385,0.320274,0.325563,0.332102,0.333320,0.333321,0.333327,0.333328,0.333330,0.333331,0.333332,0.333332,0.333335,0.333337,0.333337,0.333337,0.333338,0.333339,0.333340,0.333342,0.333343,0.775805,
0.242998,0.250378,0.255175,0.270158,0.279890,0.301451,0.302719,0.306431,0.307626,0.308791,0.311083,0.312141,0.312156,0.319336,0.326333,0.327114,0.328625,0.329601,0.330133,0.333321,0.333321,0.333322,0.333328,0.333334,0.333334,0.333335,0.333335,0.333337,0.333338,0.333341,0.333344,0.333346,0.333347,0.333353,0.333358,0.333368,0.333372,0.333409,0.333409,0.775953,
0.235652,0.275116,0.278319,0.279926,0.283033,0.284548,0.287524,0.296143,0.300162,0.313253,0.315393,0.321191,0.322109,0.322978,0.326344,0.328632,0.332094,0.333307,0.333312,0.333314,0.333315,0.333316,0.333320,0.333323,0.333326,0.333327,0.333335,0.333335,0.333336,0.333337,0.333337,0.333337,0.333342,0.333342,0.333345,0.333345,0.333345,0.333360,0.333388,0.775849,
0.250389,0.258534,0.260198,0.270217,0.270217,0.278293,0.283047,0.287573,0.290522,0.293375,0.296162,0.297523,0.303952,0.303958,0.303969,0.308764,0.310025,0.313260,0.313271,0.314320,0.321218,0.322113,0.323003,0.324679,0.325521,0.328631,0.329352,0.331433,0.332080,0.333311,0.333322,0.333323,0.333337,0.333341,0.333343,0.333350,0.333355,0.333359,0.333360,0.776056,
0.242451,0.258511,0.258543,0.275064,0.282985,0.284530,0.297494,0.300161,0.305206,0.312163,0.316380,0.316423,0.317417,0.321204,0.322105,0.323858,0.327131,0.327889,0.330075,0.330750,0.333334,0.333336,0.333338,0.333338,0.333339,0.333339,0.333341,0.333341,0.333341,0.333343,0.333345,0.333347,0.333348,0.333351,0.333354,0.333355,0.333360,0.333364,0.333379,0.776895,
0.235691,0.236690,0.240498,0.240522,0.241770,0.254900,0.258511,0.258524,0.283020,0.289071,0.290494,0.301447,0.305209,0.306438,0.308782,0.311064,0.314318,0.318362,0.318366,0.319340,0.322990,0.327867,0.332716,0.333309,0.333313,0.333315,0.333319,0.333327,0.333328,0.333329,0.333331,0.333337,0.333337,0.333342,0.333344,0.333351,0.333362,0.333372,0.333481,0.775462,
0.240391,0.240497,0.241706,0.250363,0.261343,0.263480,0.273535,0.284546,0.293360,0.305228,0.307629,0.312188,0.313246,0.314305,0.316388,0.317397,0.324117,0.325596,0.328621,0.329356,0.331460,0.331490,0.332101,0.333306,0.333322,0.333323,0.333328,0.333337,0.333337,0.333337,0.333341,0.333342,0.333343,0.333347,0.333348,0.333349,0.333355,0.333391,0.333415,0.777334,
0.266826,0.273452,0.293379,0.293385,0.301438,0.308771,0.311044,0.312178,0.314311,0.317398,0.321182,0.322125,0.329412,0.333308,0.333314,0.333319,0.333326,0.333330,0.333335,0.333335,0.333336,0.333336,0.333337,0.333338,0.333338,0.333338,0.333339,0.333343,0.333344,0.333348,0.333349,0.333353,0.333357,0.333357,0.333362,0.333379,0.333391,0.333473,0.333647,0.776358,
0.243013,0.248763,0.250827,0.271870,0.273489,0.286071,0.297490,0.298831,0.303955,0.305197,0.315352,0.315370,0.320301,0.323855,0.325516,0.327115,0.330750,0.330767,0.333306,0.333315,0.333315,0.333319,0.333323,0.333325,0.333327,0.333328,0.333328,0.333328,0.333331,0.333332,0.333332,0.333336,0.333338,0.333342,0.333342,0.333344,0.333348,0.333354,0.333362,0.776909,
0.236774,0.243628,0.255410,0.261217,0.290511,0.294756,0.294768,0.303996,0.308808,0.316395,0.317411,0.321205,0.321216,0.321226,0.323873,0.325513,0.325521,0.326332,0.327110,0.328618,0.328622,0.328622,0.332773,0.333324,0.333325,0.333335,0.333335,0.333336,0.333337,0.333338,0.333339,0.333340,0.333341,0.333347,0.333350,0.333351,0.333357,0.333360,0.333380,0.776506,
0.250835,0.251983,0.253801,0.281503,0.284558,0.291951,0.294773,0.300161,0.315357,0.320302,0.321201,0.321204,0.322101,0.322110,0.322111,0.322979,0.322988,0.323858,0.325524,0.325525,0.326261,0.329350,0.330761,0.333317,0.333317,0.333319,0.333332,0.333334,0.333337,0.333337,0.333338,0.333339,0.333339,0.333340,0.333340,0.333341,0.333343,0.333353,0.333405,0.775981,
0.235990,0.263540,0.266869,0.279916,0.284602,0.287562,0.291925,0.291971,0.293352,0.293365,0.301458,0.306423,0.312154,0.314308,0.315350,0.321198,0.326327,0.327871,0.328620,0.329366,0.331429,0.332089,0.333333,0.333334,0.333335,0.333336,0.333338,0.333339,0.333340,0.333340,0.333341,0.333341,0.333342,0.333353,0.333356,0.333358,0.333377,0.333377,0.333546,0.775478,
0.245747,0.263540,0.268543,0.276692,0.289051,0.290545,0.301533,0.305219,0.309944,0.318386,0.319338,0.322986,0.324689,0.326327,0.328640,0.332088,0.333306,0.333306,0.333313,0.333324,0.333326,0.333327,0.333327,0.333327,0.333328,0.333330,0.333332,0.333334,0.333335,0.333336,0.333336,0.333337,0.333338,0.333343,0.333344,0.333353,0.333354,0.333358,0.333367,0.775730,
0.247274,0.248837,0.278326,0.290517,0.297469,0.301455,0.301482,0.307631,0.308769,0.311072,0.312173,0.314335,0.316391,0.317385,0.320333,0.322137,0.324688,0.325506,0.325520,0.326316,0.330769,0.330787,0.333312,0.333315,0.333315,0.333324,0.333330,0.333331,0.333335,0.333338,0.333339,0.333340,0.333340,0.333342,0.333349,0.333350,0.333350,0.333359,0.333366,0.774362,
0.235748,0.248778,0.251925,0.254583,0.276768,0.283055,0.284582,0.291945,0.293380,0.305210,0.308791,0.324717,0.325529,0.325534,0.326322,0.327105,0.329344,0.330760,0.331439,0.332716,0.333318,0.333325,0.333329,0.333334,0.333335,0.333335,0.333336,0.333336,0.333337,0.333338,0.333338,0.333340,0.333341,0.333342,0.333349,0.333351,0.333355,0.333381,0.333383,0.775916,
0.235608,0.235704,0.238395,0.245843,0.248780,0.248821,0.250294,0.251937,0.263546,0.278316,0.289064,0.300133,0.308767,0.308783,0.309903,0.312150,0.312177,0.313246,0.313515,0.325564,0.326317,0.333306,0.333307,0.333325,0.333326,0.333327,0.333329,0.333329,0.333334,0.333336,0.333338,0.333338,0.333339,0.333339,0.333349,0.333353,0.333357,0.333362,0.333381,0.776479,
0.237485,0.248813,0.255544,0.263547,0.266855,0.268537,0.268548,0.287571,0.294753,0.296132,0.305217,0.306526,0.319339,0.321211,0.322118,0.324740,0.330781,0.331428,0.333306,0.333310,0.333315,0.333328,0.333330,0.333330,0.333336,0.333337,0.333338,0.333344,0.333345,0.333346,0.333347,0.333355,0.333361,0.333377,0.333379,0.333382,0.333384,0.333398,0.333417,0.774871,
