0.000000,0.000000,0.000000,0.000000,0.000000,0.000000,0.000000,0.000000,0.000000,0.000000,0.000000,0.000000,0.000000,0.000000,0.000000,0.000000,0.000000,0.000000,0.000000,0.000000,0.000000,0.000000,0.000000,0.000000,0.000000,0.000000,0.000000,0.000000,0.000000,0.000000,0.000000,0.000000,0.000000,0.000000,0.000000,0.000000,0.000000,0.000000,0.000000,0.000000,
0.000000,0.248274,0.261776,0.264801,0.269788,0.278089,0.278194,0.283021,0.285853,0.296392,0.300445,0.306942,0.307002,0.314038,0.315295,0.317454,0.325258,0.327045,0.330479,0.330742,0.330853,0.332768,0.333207,0.333926,0.335675,0.336788,0.775475,0.775661,0.775711,0.775852,0.775884,0.775971,0.776182,0.776198,0.776282,0.776288,0.776412,0.776509,0.776561,0.776707,
0.235667,0.237548,0.278283,0.281464,0.300177,0.301449,0.303984,0.304048,0.307604,0.307719,0.312351,0.313257,0.314327,0.314729,0.320283,0.320290,0.321192,0.332718,0.332724,0.333334,0.333335,0.333336,0.333337,0.333339,0.333344,0.333345,0.333361,0.333365,0.333523,0.333540,0.333737,0.333815,0.775220,0.775589,0.775618,0.775643,0.775729,0.775799,0.776223,0.776785,
0.236704,0.242483,0.260159,0.276706,0.278341,0.286048,0.297331,0.298839,0.308786,0.309939,0.314320,0.315329,0.318379,0.322663,0.322985,0.324698,0.325539,0.327891,0.329351,0.331426,0.333308,0.333309,0.333332,0.333333,0.333334,0.333334,0.333335,0.333335,0.333344,0.333348,0.333350,0.333360,0.333418,0.333435,0.774767,0.774792,0.775705,0.776132,0.776674,0.776964,
0.235609,0.248793,0.263603,0.273473,0.273474,0.281442,0.282998,0.284153,0.285716,0.289060,0.290192,0.301433,0.305276,0.306422,0.307608,0.314323,0.314341,0.316396,0.321221,0.322979,0.323853,0.325528,0.329376,0.333317,0.333318,0.333321,0.333333,0.333333,0.333336,0.333337,0.333339,0.333341,0.333351,0.333351,0.333354,0.333361,0.333371,0.775273,0.776094,0.776667,
0.235889,0.236020,0.241711,0.245811,0.260172,0.261843,0.282995,0.293351,0.297391,0.314280,0.317487,0.320294,0.321199,0.321218,0.322990,0.323861,0.325537,0.328629,0.330785,0.331437,0.332075,0.332081,0.333307,0.333317,0.333326,0.333330,0.333331,0.333333,0.333339,0.333341,0.333344,0.333347,0.333356,0.333358,0.333359,0.333362,0.333368,0.333381,0.776052,0.776649,
0.238400,0.244025,0.245854,0.261863,0.279985,0.286062,0.291943,0.300153,0.305199,0.307619,0.307623,0.317390,0.322119,0.323849,0.325550,0.326348,0.327875,0.327883,0.328617,0.330752,0.332721,0.333310,0.333326,0.333334,0.333334,0.333335,0.333335,0.333338,0.333339,0.333339,0.333342,0.333343,0.333344,0.333350,0.333358,0.333371,0.333385,0.333389,0.333433,0.775767,
0.251936,0.258044,0.266856,0.271837,0.289036,0.300121,0.300158,0.301458,0.305196,0.306458,0.316393,0.318377,0.320281,0.323866,0.324697,0.324743,0.330060,0.330074,0.330081,0.330749,0.333312,0.333317,0.333318,0.333324,0.333328,0.333333,0.333334,0.333336,0.333337,0.333337,0.333338,0.333338,0.333339,0.333347,0.333347,0.333354,0.333359,0.333384,0.333398,0.775235,
0.243013,0.247829,0.251923,0.265238,0.268522,0.268538,0.270170,0.276748,0.283036,0.300159,0.302698,0.302705,0.305203,0.308780,0.308797,0.319362,0.320266,0.323843,0.325524,0.327123,0.330063,0.333310,0.333311,0.333328,0.333330,0.333333,0.333334,0.333335,0.333338,0.333341,0.333342,0.333343,0.333349,0.333350,0.333350,0.333355,0.333364,0.333367,0.333600,0.775941,
0.235739,0.235746,0.235779,0.240312,0.240558,0.244397,0.273442,0.273488,0.275088,0.279921,0.284552,0.298836,0.301448,0.306441,0.313426,0.320283,0.321223,0.322123,0.323009,0.325523,0.327873,0.330765,0.332081,0.333308,0.333324,0.333329,0.333331,0.333336,0.333337,0.333338,0.333339,0.333341,0.333341,0.333349,0.333362,0.333362,0.333366,0.333366,0.333367,0.775153,
0.237423,0.255122,0.265169,0.298856,0.302709,0.308778,0.311054,0.312160,0.313251,0.315385,0.324687,0.325520,0.327962,0.333307,0.333308,0.333309,0.333326,0.333326,0.333328,0.333329,0.333331,0.333335,0.333335,0.333337,0.333340,0.333340,0.333341,0.333347,0.333349,0.333351,0.333357,0.333363,0.333364,0.333364,0.333386,0.333392,0.333411,0.333426,0.333474,0.774229,
0.237395,0.238367,0.239391,0.239421,0.255235,0.275120,0.279886,0.281510,0.283021,0.286050,0.287554,0.287598,0.289050,0.290503,0.294770,0.304041,0.305248,0.311069,0.312182,0.315351,0.316383,0.318390,0.322981,0.325532,0.330756,0.332088,0.333309,0.333309,0.333318,0.333320,0.333326,0.333337,0.333338,0.333344,0.333344,0.333345,0.333349,0.333354,0.333355,0.774716,
0.222933,0.235661,0.243067,0.253528,0.263528,0.278352,0.281477,0.283045,0.286066,0.286076,0.286105,0.290517,0.291974,0.301442,0.301444,0.302737,0.305217,0.309934,0.314374,0.319328,0.319343,0.320280,0.330749,0.332098,0.333318,0.333335,0.333337,0.333339,0.333342,0.333348,0.333354,0.333356,0.333357,0.333359,0.333359,0.333362,0.333375,0.333394,0.333401,0.776780,
0.236167,0.237537,0.244764,0.260231,0.275076,0.276781,0.278292,0.283043,0.286060,0.302730,0.307289,0.314320,0.316388,0.320293,0.323880,0.327105,0.329368,0.332717,0.333307,0.333310,0.333311,0.333311,0.333311,0.333311,0.333315,0.333319,0.333325,0.333328,0.333332,0.333335,0.333343,0.333343,0.333348,0.333350,0.333356,0.333357,0.333357,0.333358,0.333375,0.775250,
0.240401,0.251946,0.276718,0.296114,0.301444,0.304046,0.305207,0.307635,0.307674,0.313255,0.314331,0.314350,0.316377,0.316420,0.317419,0.319369,0.320294,0.322126,0.322997,0.325534,0.327111,0.330788,0.331437,0.333306,0.333312,0.333312,0.333318,0.333334,0.333335,0.333337,0.333341,0.333344,0.333347,0.333348,0.333350,0.333357,0.333359,0.333370,0.333497,0.774789,
0.261838,0.270174,0.283014,0.293362,0.296143,0.306419,0.309914,0.309954,0.313249,0.313277,0.314319,0.315354,0.318424,0.324716,0.327885,0.327889,0.333311,0.333326,0.333329,0.333334,0.333335,0.333335,0.333337,0.333337,0.333338,0.333338,0.333339,0.333340,0.333341,0.333344,0.333344,0.333344,0.333347,0.333348,0.333349,0.333349,0.333349,0.333352,0.333471,0.775072,
0.247317,0.251971,0.260156,0.265216,0.266881,0.281468,0.283032,0.284537,0.293336,0.297485,0.300163,0.312159,0.319334,0.323848,0.325522,0.327109,0.329354,0.330753,0.331426,0.332071,0.333315,0.333319,0.333321,0.333323,0.333327,0.333329,0.333330,0.333332,0.333339,0.333342,0.333344,0.333345,0.333346,0.333347,0.333348,0.333352,0.333358,0.333366,0.333370,0.773830,
0.244342,0.253576,0.260210,0.270212,0.289043,0.289081,0.291930,0.291952,0.298834,0.300156,0.301409,0.303985,0.307658,0.311055,0.315383,0.319377,0.322126,0.329357,0.330082,0.332079,0.332112,0.332713,0.333307,0.333311,0.333312,0.333316,0.333321,0.333323,0.333336,0.333336,0.333336,0.333336,0.333337,0.333339,0.333344,0.333352,0.333354,0.333357,0.333358,0.775108,
0.281472,0.290510,0.301470,0.301472,0.306394,0.309909,0.311102,0.323008,0.323868,0.325515,0.328618,0.331431,0.333312,0.333317,0.333322,0.333329,0.333331,0.333331,0.333334,0.333334,0.333334,0.333335,0.333335,0.333336,0.333340,0.333343,0.333345,0.333346,0.333346,0.333349,0.333349,0.333350,0.333351,0.333353,0.333355,0.333355,0.333356,0.333376,0.333386,0.775954,
0.236762,0.241717,0.250383,0.279909,0.286077,0.286093,0.286122,0.289035,0.296121,0.297493,0.298817,0.322114,0.329346,0.330053,0.330060,0.332082,0.333314,0.333315,0.333317,0.333318,0.333321,0.333324,0.333327,0.333331,0.333333,0.333333,0.333335,0.333336,0.333337,0.333338,0.333339,0.333339,0.333339,0.333341,0.333345,0.333345,0.333348,0.333349,0.333355,0.775782,
0.236193,0.237513,0.242993,0.258531,0.266898,0.268487,0.271870,0.281477,0.283055,0.297509,0.301477,0.308809,0.315361,0.319335,0.320289,0.321188,0.327873,0.329362,0.333316,0.333318,0.333320,0.333328,0.333330,0.333334,0.333334,0.333335,0.333335,0.333337,0.333338,0.333340,0.333344,0.333347,0.333348,0.333351,0.333355,0.333356,0.333357,0.333389,0.333405,0.775623,
0.239459,0.250389,0.284580,0.286064,0.305215,0.313262,0.316372,0.316417,0.317389,0.325518,0.325598,0.326353,0.331427,0.331441,0.332721,0.332722,0.333312,0.333312,0.333313,0.333317,0.333333,0.333336,0.333336,0.333336,0.333338,0.333338,0.333338,0.333339,0.333339,0.333344,0.333346,0.333350,0.333358,0.333359,0.333365,0.333367,0.333372,0.333389,0.333410,0.775785,
0.251946,0.273450,0.279903,0.281497,0.291927,0.291953,0.293379,0.296170,0.301446,0.305196,0.307614,0.311049,0.311056,0.313249,0.317402,0.321197,0.325543,0.327122,0.330748,0.332725,0.333306,0.333308,0.333312,0.333314,0.333315,0.333318,0.333324,0.333327,0.333333,0.333334,0.333335,0.333339,0.333343,0.333343,0.333345,0.333349,0.333357,0.333378,0.333396,0.777099,
0.238772,0.250352,0.253580,0.254634,0.256866,0.290558,0.293341,0.300179,0.311054,0.314300,0.319342,0.323872,0.324690,0.325523,0.325530,0.327879,0.332729,0.333307,0.333310,0.333313,0.333325,0.333332,0.333333,0.333334,0.333338,0.333338,0.333338,0.333339,0.333340,0.333345,0.333345,0.333346,0.333347,0.333347,0.333349,0.333352,0.333354,0.333357,0.333359,0.776023,
0.235636,0.250355,0.250361,0.271875,0.283008,0.287595,0.291951,0.293356,0.301458,0.309936,0.318375,0.318382,0.319329,0.320268,0.324697,0.325776,0.326332,0.330756,0.330796,0.332714,0.332718,0.333311,0.333314,0.333320,0.333321,0.333322,0.333323,0.333329,0.333333,0.333334,0.333334,0.333335,0.333336,0.333338,0.333339,0.333342,0.333345,0.333360,0.333361,0.774815,
0.242530,0.256835,0.256868,0.263538,0.279901,0.307606,0.312176,0.313251,0.314307,0.314345,0.321254,0.323002,0.323003,0.323025,0.327887,0.330754,0.330770,0.333306,0.333328,0.333329,0.333333,0.333333,0.333333,0.333334,0.333335,0.333335,0.333336,0.333338,0.333340,0.333341,0.333341,0.333342,0.333342,0.333342,0.333343,0.333346,0.333350,0.333354,0.333364,0.775166,
0.237426,0.238579,0.261829,0.261854,0.265201,0.273474,0.273485,0.278343,0.284559,0.286076,0.289030,0.294781,0.301460,0.302699,0.305210,0.312178,0.318364,0.319319,0.320270,0.321205,0.333315,0.333321,0.333325,0.333332,0.333333,0.333333,0.333335,0.333337,0.333337,0.333337,0.333337,0.333337,0.333340,0.333341,0.333344,0.333344,0.333357,0.333367,0.333478,0.777176,
0.237512,0.240561,0.244351,0.250405,0.271845,0.278318,0.284549,0.290527,0.303981,0.306446,0.309945,0.311062,0.315357,0.317393,0.320298,0.327105,0.328620,0.332077,0.333308,0.333321,0.333323,0.333327,0.333330,0.333333,0.333334,0.333338,0.333341,0.333341,0.333342,0.333345,0.333350,0.333353,0.333355,0.333358,0.333362,0.333368,0.333370,0.333448,0.333453,0.774502,
0.235753,0.242520,0.247282,0.248745,0.250299,0.261830,0.270220,0.276700,0.287553,0.293349,0.307600,0.309920,0.312194,0.314307,0.317384,0.319324,0.321248,0.325522,0.327889,0.330058,0.331428,0.333306,0.333308,0.333314,0.333323,0.333326,0.333334,0.333335,0.333335,0.333337,0.333337,0.333340,0.333342,0.333343,0.333347,0.333355,0.333360,0.333392,0.333403,0.775584,
0.258468,0.260261,0.260844,0.265172,0.268598,0.271883,0.273495,0.301460,0.304105,0.319327,0.320294,0.321223,0.323858,0.326367,0.330067,0.332719,0.333310,0.333313,0.333324,0.333332,0.333333,0.333334,0.333334,0.333337,0.333337,0.333338,0.333341,0.333341,0.333342,0.333344,0.333346,0.333346,0.333348,0.333356,0.333361,0.333363,0.333378,0.333381,0.333383,0.774504,
0.235645,0.236121,0.236474,0.251978,0.255208,0.258524,0.260203,0.260980,0.281491,0.283029,0.283054,0.296121,0.302749,0.306420,0.306427,0.306436,0.312163,0.321219,0.325505,0.328631,0.330063,0.331426,0.333306,0.333323,0.333326,0.333326,0.333328,0.333330,0.333332,0.333334,0.333337,0.333337,0.333338,0.333339,0.333341,0.333350,0.333361,0.333364,0.333367,0.775560,
0.237469,0.240262,0.255225,0.266862,0.273471,0.275110,0.279904,0.283336,0.287567,0.290544,0.293372,0.305219,0.306406,0.312178,0.315368,0.317375,0.317423,0.321217,0.321221,0.323846,0.323930,0.327896,0.333306,0.333309,0.333323,0.333326,0.333328,0.333334,0.333334,0.333335,0.333336,0.333336,0.333337,0.333340,0.333347,0.333347,0.333350,0.333372,0.333424,0.775719,
0.243011,0.255202,0.265248,0.275106,0.283039,0.300156,0.301438,0.301470,0.303992,0.305222,0.307630,0.313248,0.313259,0.317395,0.322095,0.323009,0.325523,0.325523,0.327109,0.332081,0.333321,0.333327,0.333332,0.333333,0.333337,0.333339,0.333341,0.333342,0.333343,0.333345,0.333347,0.333353,0.333355,0.333356,0.333359,0.333362,0.333375,0.333444,0.333461,0.776122,
0.236218,0.236719,0.241725,0.242452,0.286071,0.303975,0.306430,0.306459,0.313248,0.318367,0.327121,0.331445,0.332086,0.333307,0.333311,0.333313,0.333313,0.333315,0.333320,0.333323,0.333323,0.333325,0.333327,0.333327,0.333332,0.333334,0.333335,0.333338,0.333338,0.333338,0.333338,0.333339,0.333344,0.333349,0.333349,0.333350,0.333362,0.333367,0.333374,0.776251,
0.236194,0.244826,0.266859,0.271856,0.282973,0.283024,0.289093,0.290498,0.290540,0.297499,0.298856,0.301434,0.306424,0.311059,0.312155,0.316365,0.318452,0.328639,0.332712,0.333309,0.333318,0.333324,0.333328,0.333329,0.333329,0.333334,0.333338,0.333339,0.333344,0.333346,0.333347,0.333348,0.333348,0.333348,0.333349,0.333352,0.333355,0.333355,0.333408,0.776308,
0.238388,0.247284,0.251937,0.251941,0.255190,0.266897,0.278277,0.290507,0.293343,0.294765,0.294786,0.296152,0.298858,0.300151,0.301453,0.317382,0.318387,0.322994,0.324708,0.327112,0.327894,0.333321,0.333322,0.333323,0.333336,0.333337,0.333337,0.333339,0.333343,0.333345,0.333345,0.333348,0.333350,0.333355,0.333358,0.333358,0.333367,0.333409,0.333507,0.776831,
0.255190,0.260961,0.276679,0.298853,0.306441,0.316407,0.321206,0.321215,0.322096,0.323848,0.323862,0.325517,0.329416,0.330773,0.331423,0.333312,0.333313,0.333313,0.333318,0.333323,0.333323,0.333325,0.333327,0.333327,0.333330,0.333336,0.333338,0.333339,0.333339,0.333343,0.333351,0.333354,0.333354,0.333361,0.333366,0.333375,0.333377,0.333377,0.333383,0.775108,
0.236222,0.244937,0.245020,0.265489,0.266885,0.268574,0.279941,0.281488,0.286110,0.296113,0.296164,0.303972,0.315343,0.315375,0.317392,0.318377,0.320281,0.323016,0.323859,0.326337,0.330062,0.330102,0.332085,0.333306,0.333307,0.333315,0.333315,0.333317,0.333327,0.333330,0.333336,0.333338,0.333339,0.333340,0.333348,0.333348,0.333351,0.333352,0.333361,0.774850,
0.235639,0.238705,0.240476,0.241677,0.256860,0.273505,0.276784,0.287583,0.294762,0.301412,0.321196,0.330058,0.330063,0.330076,0.330097,0.330757,0.333320,0.333321,0.333335,0.333336,0.333337,0.333337,0.333342,0.333342,0.333344,0.333344,0.333345,0.333346,0.333347,0.333352,0.333355,0.333357,0.333359,0.333359,0.333360,0.333366,0.333369,0.333491,0.333501,0.775065,
0.236731,0.241686,0.251966,0.254363,0.263536,0.273468,0.276715,0.289043,0.296168,0.298827,0.300140,0.302741,0.307619,0.308798,0.308799,0.311042,0.315356,0.317382,0.317384,0.319334,0.321192,0.327881,0.329349,0.330753,0.331490,0.333307,0.333310,0.333316,0.333323,0.333327,0.333329,0.333332,0.333332,0.333335,0.333336,0.333338,0.333349,0.333391,0.333452,0.775729,
0.235526,0.236153,0.237290,0.237469,0.237554,0.245031,0.250375,0.276692,0.293348,0.293352,0.296129,0.306437,0.307632,0.307635,0.313265,0.314329,0.314331,0.315392,0.320297,0.326334,0.327121,0.329346,0.330761,0.333307,0.333331,0.333335,0.333337,0.333340,0.333342,0.333342,0.333344,0.333346,0.333347,0.333350,0.333352,0.333356,0.333369,0.333405,0.333563,0.776553,
0.250949,0.251995,0.260178,0.276708,0.286149,0.293340,0.294776,0.296120,0.298810,0.300177,0.308780,0.311063,0.314308,0.316386,0.322126,0.323010,0.330104,0.331425,0.333307,0.333314,0.333318,0.333320,0.333322,0.333325,0.333326,0.333331,0.333335,0.333337,0.333341,0.333343,0.333344,0.333347,0.333347,0.333355,0.333362,0.333423,0.333445,0.333446,0.333495,0.776270,
0.239430,0.239479,0.245792,0.279924,0.284566,0.293340,0.304006,0.308776,0.312169,0.315365,0.317397,0.317398,0.317403,0.317606,0.323012,0.323851,0.324697,0.326319,0.327100,0.327127,0.327914,0.333318,0.333323,0.333326,0.333329,0.333332,0.333334,0.333338,0.333339,0.333340,0.333342,0.333344,0.333347,0.333351,0.333351,0.333353,0.333353,0.333361,0.333376,0.776430,
0.237515,0.240457,0.242404,0.256816,0.262871,0.268561,0.273439,0.275104,0.283040,0.300160,0.315368,0.321214,0.322096,0.322110,0.327866,0.327874,0.327877,0.328651,0.329363,0.331428,0.332719,0.333307,0.333315,0.333316,0.333326,0.333328,0.333334,0.333338,0.333339,0.333339,0.333339,0.333342,0.333343,0.333344,0.333347,0.333357,0.333359,0.333385,0.333397,0.776131,
0.235637,0.240400,0.240442,0.244365,0.248793,0.255134,0.266861,0.296152,0.305211,0.305216,0.305235,0.314324,0.319339,0.323873,0.327904,0.328619,0.330061,0.330755,0.333307,0.333310,0.333313,0.333314,0.333321,0.333322,0.333322,0.333325,0.333331,0.333334,0.333336,0.333336,0.333337,0.333338,0.333341,0.333346,0.333355,0.333361,0.333443,0.333484,0.333693,0.774309,
0.236288,0.243449,0.276742,0.290525,0.291940,0.291956,0.298879,0.300126,0.313265,0.314326,0.315371,0.321188,0.321198,0.324698,0.324714,0.326333,0.326335,0.326344,0.327111,0.328626,0.333318,0.333331,0.333332,0.333335,0.333336,0.333337,0.333338,0.333338,0.333339,0.333341,0.333344,0.333348,0.333348,0.333349,0.333361,0.333367,0.333374,0.333382,0.333417,0.776229,
0.235619,0.235638,0.244396,0.263079,0.265156,0.265219,0.266845,0.270218,0.276746,0.297505,0.301547,0.308775,0.315350,0.320285,0.321208,0.325515,0.327889,0.328613,0.330073,0.331434,0.332078,0.333306,0.333307,0.333316,0.333319,0.333332,0.333335,0.333336,0.333337,0.333337,0.333337,0.333338,0.333339,0.333340,0.333343,0.333344,0.333359,0.333361,0.333997,0.776274,
0.235929,0.236198,0.248795,0.261882,0.276718,0.276732,0.281465,0.287573,0.305230,0.312155,0.314321,0.316397,0.316768,0.325519,0.331428,0.333307,0.333310,0.333322,0.333323,0.333324,0.333327,0.333328,0.333329,0.333329,0.333330,0.333334,0.333335,0.333344,0.333347,0.333351,0.333358,0.333360,0.333362,0.333365,0.333366,0.333366,0.333387,0.333418,0.333427,0.776074,
0.236496,0.236757,0.237440,0.260168,0.263510,0.271836,0.276756,0.294764,0.298838,0.301486,0.303967,0.303980,0.306421,0.312196,0.315378,0.315391,0.319335,0.319371,0.320296,0.320364,0.321194,0.322122,0.324701,0.330062,0.332080,0.332716,0.333307,0.333321,0.333324,0.333332,0.333337,0.333338,0.333343,0.333345,0.333348,0.333357,0.333361,0.333382,0.333430,0.776762,
0.237527,0.241763,0.253548,0.281449,0.286108,0.293362,0.301428,0.302732,0.305218,0.305250,0.306417,0.308782,0.320258,0.322220,0.322993,0.324692,0.328643,0.330778,0.333306,0.333323,0.333324,0.333332,0.333335,0.333335,0.333340,0.333340,0.333341,0.333341,0.333341,0.333342,0.333344,0.333348,0.333349,0.333350,0.333355,0.333361,0.333371,0.333398,0.333406,0.775796,
0.237470,0.242976,0.244390,0.253546,0.268518,0.273469,0.284539,0.284571,0.305205,0.306416,0.309941,0.317439,0.318395,0.321201,0.322994,0.323852,0.324691,0.326334,0.329350,0.332092,0.332729,0.332733,0.333307,0.333310,0.333326,0.333326,0.333327,0.333332,0.333335,0.333337,0.333338,0.333338,0.333339,0.333340,0.333349,0.333356,0.333360,0.333390,0.333447,0.776751,
0.236242,0.260194,0.276719,0.278358,0.284533,0.287566,0.291944,0.294767,0.298818,0.300163,0.302715,0.307625,0.315363,0.320260,0.320347,0.326329,0.327109,0.328624,0.328637,0.331432,0.333307,0.333313,0.333321,0.333328,0.333332,0.333334,0.333334,0.333336,0.333338,0.333339,0.333340,0.333342,0.333348,0.333348,0.333357,0.333361,0.333376,0.333385,0.333388,0.776179,
0.243032,0.245725,0.265212,0.275103,0.291952,0.291986,0.298844,0.305208,0.312201,0.316398,0.322101,0.322995,0.322998,0.323025,0.324712,0.327125,0.327899,0.330768,0.331433,0.333308,0.333308,0.333312,0.333320,0.333325,0.333328,0.333331,0.333332,0.333332,0.333335,0.333336,0.333337,0.333337,0.333338,0.333342,0.333349,0.333351,0.333353,0.333356,0.333361,0.775128,
0.236865,0.247324,0.250354,0.255208,0.260919,0.261854,0.266914,0.270170,0.276722,0.284591,0.286058,0.289031,0.305185,0.305188,0.306441,0.313258,0.320298,0.324699,0.330747,0.332715,0.333317,0.333318,0.333326,0.333330,0.333331,0.333335,0.333335,0.333337,0.333338,0.333338,0.333339,0.333339,0.333340,0.333340,0.333348,0.333351,0.333361,0.333362,0.333362,0.777018,
0.244395,0.255809,0.258525,0.284547,0.286090,0.301428,0.302695,0.302708,0.309955,0.313250,0.314338,0.323007,0.324704,0.325518,0.328650,0.329347,0.331420,0.333309,0.333317,0.333327,0.333330,0.333331,0.333336,0.333336,0.333338,0.333339,0.333341,0.333344,0.333344,0.333348,0.333348,0.333356,0.333356,0.333364,0.333375,0.333379,0.333384,0.333404,0.333646,0.776718,
0.240467,0.260134,0.260178,0.261853,0.270199,0.279930,0.281425,0.284568,0.291945,0.291953,0.301471,0.301476,0.303273,0.305182,0.307617,0.313254,0.324680,0.327872,0.328623,0.333306,0.333306,0.333313,0.333320,0.333334,0.333335,0.333336,0.333336,0.333337,0.333338,0.333339,0.333339,0.333344,0.333348,0.333350,0.333352,0.333357,0.333357,0.333373,0.333386,0.775586,
0.236822,0.242989,0.248796,0.261845,0.266896,0.271878,0.276726,0.281462,0.281480,0.289089,0.311054,0.313255,0.315370,0.315402,0.318356,0.318369,0.319348,0.320291,0.326331,0.327118,0.328613,0.332080,0.333324,0.333328,0.333328,0.333330,0.333330,0.333335,0.333337,0.333337,0.333339,0.333347,0.333348,0.333359,0.333360,0.333365,0.333371,0.333372,0.333762,0.774925,
0.258447,0.263485,0.263543,0.281459,0.289074,0.294810,0.297497,0.305205,0.305226,0.305257,0.311060,0.320281,0.321234,0.324698,0.327136,0.327139,0.327877,0.329347,0.330758,0.333306,0.333307,0.333308,0.333311,0.333311,0.333320,0.333328,0.333330,0.333332,0.333335,0.333336,0.333337,0.333337,0.333338,0.333342,0.333343,0.333344,0.333356,0.333359,0.333364,0.774711,
0.237543,0.238669,0.238815,0.240459,0.248767,0.262746,0.281489,0.291936,0.294769,0.296137,0.305193,0.308781,0.312162,0.318372,0.322980,0.327121,0.333309,0.333311,0.333324,0.333329,0.333330,0.333335,0.333335,0.333336,0.333337,0.333337,0.333338,0.333341,0.333345,0.333348,0.333348,0.333350,0.333351,0.333353,0.333355,0.333357,0.333357,0.333360,0.333368,0.775920,
0.235973,0.245748,0.253545,0.255238,0.258496,0.261853,0.283001,0.284538,0.286087,0.289029,0.296489,0.314315,0.315356,0.316395,0.317441,0.319324,0.320322,0.321209,0.322995,0.323841,0.327112,0.330750,0.333307,0.333310,0.333314,0.333317,0.333329,0.333332,0.333336,0.333337,0.333340,0.333342,0.333345,0.333346,0.333350,0.333355,0.333455,0.333459,0.333467,0.775669,
0.235797,0.237538,0.261846,0.266883,0.289032,0.289129,0.290515,0.301460,0.305197,0.305219,0.306412,0.308784,0.308798,0.309942,0.313256,0.313272,0.315376,0.320294,0.321214,0.324706,0.325519,0.330755,0.331432,0.332094,0.333323,0.333327,0.333334,0.333339,0.333340,0.333343,0.333352,0.333355,0.333356,0.333358,0.333369,0.333372,0.333374,0.333376,0.333385,0.776216,
0.244325,0.247307,0.260184,0.261828,0.287574,0.287575,0.300177,0.308787,0.322110,0.324700,0.325521,0.327866,0.333306,0.333306,0.333306,0.333313,0.333327,0.333334,0.333334,0.333334,0.333336,0.333337,0.333337,0.333339,0.333340,0.333342,0.333343,0.333344,0.333345,0.333346,0.333346,0.333346,0.333347,0.333349,0.333355,0.333366,0.333371,0.333412,0.333446,0.776771,
0.223012,0.239365,0.255204,0.255239,0.266883,0.270211,0.271878,0.284596,0.286071,0.297495,0.305226,0.306410,0.316405,0.317396,0.322975,0.323042,0.324695,0.324695,0.326357,0.332710,0.333313,0.333319,0.333319,0.333321,0.333323,0.333323,0.333324,0.333326,0.333328,0.333332,0.333337,0.333339,0.333339,0.333350,0.333355,0.333357,0.333359,0.333371,0.333382,0.776121,
0.238602,0.255231,0.258519,0.286044,0.291915,0.294787,0.296130,0.296152,0.298849,0.301452,0.303988,0.308784,0.312159,0.313276,0.316428,0.318370,0.320288,0.322999,0.326325,0.330077,0.330103,0.330749,0.332715,0.333307,0.333318,0.333334,0.333338,0.333338,0.333338,0.333340,0.333340,0.333340,0.333343,0.333348,0.333356,0.333358,0.333364,0.333396,0.333723,0.775947,
0.235958,0.236182,0.238369,0.255225,0.279881,0.281452,0.300175,0.302688,0.307612,0.312183,0.322093,0.322132,0.324705,0.330071,0.333306,0.333309,0.333312,0.333313,0.333320,0.333327,0.333328,0.333328,0.333333,0.333334,0.333334,0.333335,0.333336,0.333341,0.333341,0.333344,0.333345,0.333350,0.333352,0.333352,0.333354,0.333357,0.333372,0.333374,0.333458,0.776894,
0.276750,0.289033,0.290483,0.294752,0.303973,0.309958,0.311056,0.314326,0.314329,0.317458,0.318377,0.322091,0.323844,0.327892,0.327912,0.327985,0.328630,0.329355,0.330059,0.330767,0.331431,0.333307,0.333312,0.333319,0.333326,0.333326,0.333332,0.333335,0.333338,0.333340,0.333345,0.333346,0.333349,0.333349,0.333359,0.333360,0.333362,0.333374,0.333410,0.775618,
0.235839,0.236025,0.275065,0.275074,0.276727,0.276753,0.303976,0.305212,0.305215,0.309924,0.316382,0.317403,0.317413,0.319365,0.321211,0.321222,0.323877,0.326324,0.329353,0.330074,0.333310,0.333314,0.333318,0.333329,0.333329,0.333335,0.333336,0.333337,0.333337,0.333338,0.333338,0.333339,0.333340,0.333343,0.333344,0.333345,0.333355,0.333355,0.333361,0.774780,
0.276718,0.278316,0.286081,0.286091,0.291945,0.306418,0.312210,0.320283,0.321307,0.323842,0.324719,0.325554,0.326344,0.327107,0.332723,0.333313,0.333313,0.333315,0.333322,0.333325,0.333327,0.333328,0.333333,0.333335,0.333336,0.333336,0.333337,0.333337,0.333340,0.333342,0.333343,0.333346,0.333348,0.333348,0.333349,0.333361,0.333361,0.333363,0.333416,0.775037,
0.242985,0.247315,0.260946,0.275091,0.284549,0.291966,0.296130,0.309959,0.315361,0.316415,0.318378,0.318379,0.318387,0.319349,0.320284,0.323854,0.325525,0.330066,0.332092,0.333309,0.333310,0.333310,0.333319,0.333320,0.333324,0.333326,0.333330,0.333331,0.333332,0.333338,0.333338,0.333339,0.333341,0.333341,0.333348,0.333355,0.333357,0.333357,0.333359,0.775035,
0.235800,0.237622,0.244380,0.258563,0.261420,0.266892,0.273501,0.283024,0.284542,0.286359,0.290472,0.291966,0.308817,0.315371,0.317390,0.319345,0.321246,0.323866,0.324714,0.327880,0.330067,0.330773,0.331433,0.332717,0.333311,0.333312,0.333313,0.333314,0.333329,0.333335,0.333335,0.333336,0.333336,0.333340,0.333341,0.333343,0.333343,0.333343,0.333355,0.774148,
0.236184,0.263524,0.263570,0.268848,0.278298,0.286065,0.293358,0.294764,0.305217,0.307579,0.307660,0.323858,0.324692,0.324764,0.327190,0.329340,0.332099,0.332769,0.333314,0.333326,0.333332,0.333333,0.333334,0.333335,0.333336,0.333336,0.333338,0.333338,0.333341,0.333341,0.333342,0.333347,0.333347,0.333348,0.333348,0.333352,0.333354,0.333356,0.333358,0.776732,
0.254671,0.261102,0.261517,0.284563,0.286062,0.294781,0.298836,0.313233,0.318369,0.319331,0.320267,0.322117,0.322139,0.323004,0.324683,0.324708,0.326342,0.327122,0.327140,0.329343,0.330765,0.333320,0.333321,0.333324,0.333325,0.333331,0.333332,0.333333,0.333334,0.333334,0.333336,0.333337,0.333339,0.333339,0.333339,0.333347,0.333348,0.333352,0.333408,0.777096,
0.247265,0.247846,0.253582,0.263489,0.268571,0.278295,0.296142,0.300158,0.303979,0.315380,0.317360,0.321204,0.322101,0.322109,0.322116,0.326002,0.326345,0.327109,0.331427,0.332078,0.333312,0.333313,0.333319,0.333333,0.333334,0.333335,0.333335,0.333336,0.333338,0.333339,0.333339,0.333340,0.333340,0.333340,0.333341,0.333351,0.333353,0.333566,0.333651,0.776419,
0.258088,0.273479,0.283001,0.291923,0.291937,0.301444,0.307615,0.307795,0.308799,0.311043,0.314315,0.314319,0.315380,0.322109,0.328630,0.331433,0.332731,0.333315,0.333317,0.333328,0.333329,0.333331,0.333332,0.333332,0.333332,0.333333,0.333334,0.333336,0.333337,0.333339,0.333340,0.333342,0.333344,0.333348,0.333348,0.333348,0.333366,0.333369,0.333376,0.775935,
0.222978,0.241707,0.244380,0.253571,0.255596,0.266828,0.273493,0.281489,0.284538,0.292190,0.305216,0.306425,0.308776,0.311042,0.314346,0.317390,0.327110,0.327885,0.330067,0.330755,0.332718,0.332723,0.332729,0.333307,0.333325,0.333328,0.333328,0.333332,0.333334,0.333334,0.333334,0.333336,0.333339,0.333344,0.333345,0.333346,0.333347,0.333347,0.333353,0.776009,
0.236534,0.248080,0.250304,0.253539,0.263490,0.270184,0.270190,0.271858,0.271872,0.279924,0.302737,0.306426,0.306438,0.307636,0.324694,0.324703,0.328663,0.329176,0.331424,0.333333,0.333334,0.333334,0.333335,0.333336,0.333337,0.333337,0.333338,0.333339,0.333342,0.333345,0.333348,0.333348,0.333357,0.333360,0.333363,0.333367,0.333386,0.333391,0.334316,0.774195,
0.235726,0.242958,0.248808,0.260178,0.263536,0.265195,0.271879,0.297477,0.297525,0.300136,0.309931,0.316443,0.317386,0.322099,0.323862,0.326335,0.327887,0.329361,0.329395,0.333308,0.333309,0.333310,0.333315,0.333317,0.333322,0.333325,0.333329,0.333332,0.333333,0.333335,0.333337,0.333339,0.333339,0.333346,0.333347,0.333364,0.333365,0.333438,0.333517,0.776281,
0.238392,0.248859,0.256866,0.260178,0.263531,0.270166,0.281456,0.281480,0.281505,0.284558,0.297497,0.298876,0.301468,0.302713,0.307655,0.308790,0.309957,0.312184,0.316438,0.317396,0.318393,0.320272,0.321233,0.323865,0.325539,0.330062,0.333308,0.333321,0.333332,0.333336,0.333336,0.333337,0.333338,0.333343,0.333345,0.333351,0.333364,0.333369,0.333413,0.775902,
0.235868,0.236566,0.244372,0.244418,0.251955,0.266859,0.266924,0.268521,0.286067,0.290483,0.297503,0.298820,0.305216,0.305260,0.306413,0.307596,0.308772,0.312203,0.314319,0.327865,0.327869,0.333315,0.333325,0.333331,0.333338,0.333339,0.333340,0.333341,0.333343,0.333343,0.333345,0.333346,0.333347,0.333354,0.333358,0.333359,0.333365,0.333371,0.333381,0.776103,
0.236193,0.238312,0.245843,0.247790,0.268487,0.270220,0.275085,0.275162,0.289043,0.297510,0.301431,0.302729,0.309922,0.309958,0.318379,0.324699,0.327880,0.330060,0.330765,0.331443,0.333306,0.333311,0.333321,0.333325,0.333326,0.333336,0.333337,0.333337,0.333339,0.333344,0.333345,0.333347,0.333348,0.333351,0.333357,0.333361,0.333366,0.333378,0.333385,0.775831,
0.245927,0.251931,0.255235,0.270194,0.278299,0.283012,0.303983,0.304045,0.311085,0.313260,0.314319,0.318391,0.321255,0.323002,0.323835,0.326393,0.327105,0.327885,0.329346,0.330089,0.333307,0.333313,0.333320,0.333321,0.333321,0.333324,0.333324,0.333330,0.333335,0.333335,0.333336,0.333336,0.333338,0.333350,0.333351,0.333355,0.333362,0.333365,0.333384,0.776644,
0.236768,0.245816,0.258519,0.263507,0.275080,0.281462,0.301441,0.305175,0.307609,0.308796,0.308837,0.309933,0.316404,0.317400,0.319338,0.320274,0.321219,0.322998,0.325509,0.328624,0.331434,0.332085,0.332092,0.333307,0.333315,0.333330,0.333331,0.333331,0.333335,0.333338,0.333340,0.333342,0.333342,0.333343,0.333343,0.333344,0.333349,0.333359,0.333374,0.776156,
0.236200,0.239446,0.240542,0.255183,0.258573,0.265224,0.275104,0.281486,0.283045,0.296165,0.301455,0.301459,0.302703,0.309936,0.315376,0.317377,0.321201,0.322096,0.327110,0.327867,0.328672,0.329362,0.333307,0.333326,0.333327,0.333334,0.333334,0.333336,0.333336,0.333340,0.333341,0.333346,0.333347,0.333350,0.333361,0.333362,0.333369,0.333371,0.333406,0.775399,
0.236102,0.240256,0.240350,0.250370,0.251210,0.276738,0.283011,0.287569,0.297473,0.301422,0.305214,0.308780,0.311035,0.314326,0.316402,0.318356,0.318368,0.319361,0.321192,0.321207,0.321209,0.321285,0.324752,0.325529,0.328632,0.330767,0.331417,0.332710,0.333318,0.333328,0.333332,0.333334,0.333340,0.333350,0.333352,0.333359,0.333362,0.333375,0.333409,0.775422,
0.240479,0.258505,0.263570,0.273502,0.281448,0.287526,0.287568,0.291960,0.296366,0.297496,0.300134,0.303992,0.314287,0.316403,0.319331,0.319345,0.324691,0.325520,0.325534,0.325541,0.325622,0.327109,0.328042,0.328632,0.331577,0.333307,0.333309,0.333327,0.333334,0.333335,0.333335,0.333338,0.333341,0.333345,0.333345,0.333351,0.333359,0.333362,0.333378,0.774641,
0.236213,0.270200,0.270230,0.281467,0.286070,0.291911,0.300165,0.301456,0.308796,0.309943,0.315366,0.318379,0.324704,0.332081,0.333306,0.333310,0.333318,0.333332,0.333332,0.333335,0.333336,0.333337,0.333337,0.333338,0.333338,0.333338,0.333338,0.333339,0.333342,0.333342,0.333344,0.333351,0.333352,0.333353,0.333355,0.333359,0.333362,0.333369,0.333392,0.776295,
0.237493,0.240433,0.243062,0.243062,0.243077,0.253536,0.260210,0.270193,0.270204,0.287576,0.308781,0.309945,0.309946,0.312166,0.316363,0.316400,0.316412,0.318376,0.322093,0.322101,0.327135,0.327893,0.328618,0.329374,0.332718,0.333309,0.333311,0.333318,0.333325,0.333329,0.333329,0.333334,0.333334,0.333339,0.333360,0.333360,0.333365,0.333365,0.333411,0.776661,
0.238350,0.250378,0.258516,0.261887,0.290503,0.293484,0.297492,0.297503,0.300154,0.314333,0.314346,0.319326,0.321208,0.322973,0.323837,0.330119,0.331468,0.332721,0.333308,0.333308,0.333309,0.333310,0.333332,0.333333,0.333334,0.333336,0.333336,0.333337,0.333340,0.333342,0.333343,0.333343,0.333345,0.333346,0.333347,0.333353,0.333365,0.333365,0.333388,0.776641,
0.239352,0.255202,0.256793,0.256850,0.282996,0.298819,0.298831,0.301456,0.302728,0.308788,0.309970,0.311071,0.312172,0.322114,0.325550,0.326331,0.326346,0.327906,0.329346,0.332713,0.333308,0.333321,0.333322,0.333324,0.333330,0.333332,0.333334,0.333334,0.333335,0.333339,0.333339,0.333342,0.333343,0.333344,0.333351,0.333354,0.333371,0.333377,0.333401,0.776988,
0.222964,0.235771,0.235826,0.250325,0.250360,0.260194,0.266900,0.271846,0.276780,0.278325,0.281483,0.294787,0.311050,0.316395,0.322094,0.326317,0.326321,0.327104,0.330069,0.330759,0.332720,0.333307,0.333317,0.333324,0.333326,0.333328,0.333328,0.333332,0.333334,0.333336,0.333336,0.333337,0.333339,0.333341,0.333345,0.333349,0.333350,0.333353,0.333396,0.775161,
0.235636,0.238738,0.242319,0.258514,0.271856,0.287607,0.294759,0.302734,0.308778,0.308804,0.313247,0.315361,0.316400,0.320293,0.320300,0.321194,0.322990,0.323851,0.324696,0.328626,0.328858,0.329353,0.330066,0.333322,0.333335,0.333336,0.333336,0.333338,0.333338,0.333345,0.333354,0.333359,0.333360,0.333363,0.333370,0.333379,0.333379,0.333411,0.333413,0.776092,
0.247320,0.250373,0.260209,0.263534,0.268523,0.273458,0.275104,0.279899,0.281514,0.283018,0.291909,0.298846,0.302730,0.305205,0.307602,0.307631,0.312252,0.324711,0.327114,0.333306,0.333306,0.333309,0.333309,0.333315,0.333316,0.333321,0.333324,0.333331,0.333332,0.333339,0.333339,0.333339,0.333341,0.333347,0.333350,0.333353,0.333372,0.333452,0.333478,0.775163,
0.239271,0.250367,0.251946,0.258523,0.276714,0.301434,0.302733,0.304019,0.306450,0.317396,0.320286,0.320311,0.321236,0.323856,0.323859,0.324693,0.326340,0.327141,0.328646,0.329349,0.329366,0.330748,0.332084,0.333318,0.333327,0.333327,0.333328,0.333334,0.333338,0.333345,0.333347,0.333347,0.333353,0.333359,0.333360,0.333361,0.333366,0.333369,0.333371,0.775876,
0.244342,0.281453,0.286035,0.291967,0.293335,0.308780,0.313254,0.317401,0.320290,0.322980,0.323030,0.323847,0.324704,0.325516,0.328642,0.330753,0.332139,0.332713,0.332732,0.333307,0.333321,0.333323,0.333324,0.333333,0.333334,0.333334,0.333336,0.333337,0.333337,0.333338,0.333340,0.333340,0.333340,0.333341,0.333348,0.333349,0.333360,0.333378,0.333379,0.775756,
0.244355,0.251946,0.258495,0.260154,0.260200,0.263562,0.266885,0.276728,0.301473,0.302723,0.314329,0.315375,0.321209,0.322104,0.324692,0.329362,0.329369,0.330751,0.330761,0.333310,0.333327,0.333328,0.333329,0.333329,0.333332,0.333333,0.333333,0.333334,0.333334,0.333337,0.333338,0.333339,0.333340,0.333341,0.333345,0.333346,0.333354,0.333356,0.333356,0.775913,
0.236745,0.251907,0.286046,0.293368,0.294748,0.294768,0.298854,0.305187,0.306410,0.321206,0.322106,0.322132,0.327874,0.330060,0.332080,0.333321,0.333327,0.333329,0.333329,0.333330,0.333333,0.333334,0.333334,0.333335,0.333335,0.333336,0.333336,0.333337,0.333337,0.333338,0.333340,0.333342,0.333344,0.333361,0.333369,0.333372,0.333373,0.333379,0.333386,0.775836,
0.251907,0.258506,0.270174,0.279895,0.287565,0.291929,0.300154,0.302723,0.306403,0.306419,0.306427,0.307607,0.308778,0.311041,0.316403,0.321195,0.321208,0.322982,0.322997,0.327887,0.329367,0.330055,0.331440,0.333306,0.333307,0.333307,0.333307,0.333307,0.333323,0.333324,0.333327,0.333332,0.333335,0.333336,0.333348,0.333348,0.333353,0.333357,0.333406,0.775458,
0.237406,0.255171,0.260244,0.266893,0.270184,0.273487,0.279901,0.290533,0.294743,0.308803,0.309917,0.309948,0.311094,0.312156,0.319331,0.328627,0.329371,0.332084,0.333313,0.333316,0.333320,0.333320,0.333328,0.333331,0.333335,0.333336,0.333337,0.333337,0.333339,0.333339,0.333345,0.333347,0.333347,0.333349,0.333350,0.333354,0.333356,0.333361,0.333378,0.776303,
0.242163,0.255205,0.263497,0.268527,0.271837,0.275109,0.276690,0.287575,0.296122,0.303967,0.312172,0.315353,0.318349,0.320276,0.326323,0.333307,0.333314,0.333319,0.333320,0.333330,0.333331,0.333332,0.333332,0.333335,0.333336,0.333336,0.333337,0.333337,0.333343,0.333343,0.333345,0.333346,0.333346,0.333346,0.333352,0.333362,0.333366,0.333375,0.333441,0.775208,
0.240574,0.241721,0.263506,0.271837,0.275108,0.279909,0.290494,0.291951,0.294760,0.306473,0.317392,0.319363,0.323854,0.329348,0.329377,0.330091,0.331431,0.332080,0.332083,0.332717,0.333307,0.333307,0.333321,0.333323,0.333331,0.333334,0.333337,0.333338,0.333341,0.333342,0.333343,0.333343,0.333344,0.333347,0.333348,0.333353,0.333361,0.333365,0.333369,0.775590,
