0.000000,0.000000,0.000000,0.000000,0.000000,0.000000,0.000000,0.000000,0.000000,0.000000,0.000000,0.000000,0.000000,0.000000,0.000000,0.000000,0.000000,0.000000,0.000000,0.000000,0.000000,0.000000,0.000000,0.000000,0.000000,0.000000,0.000000,0.000000,0.000000,0.000000,0.000000,0.000000,0.000000,0.000000,0.000000,0.000000,0.000000,0.000000,0.000000,0.000000,
0.000000,0.266440,0.289012,0.289137,0.292009,0.294792,0.318502,0.322589,0.322603,0.324345,0.326462,0.327209,0.328309,0.333760,0.334991,0.335030,0.335657,0.336584,0.775130,0.775488,0.775726,0.775828,0.775844,0.775871,0.775877,0.775919,0.775965,0.776057,0.776062,0.776263,0.776322,0.776437,0.776442,0.776537,0.776568,0.776625,0.776810,0.777158,0.777348,0.778131,
0.248289,0.255229,0.256834,0.261747,0.265197,0.281062,0.285706,0.294586,0.310156,0.311153,0.318378,0.318382,0.319773,0.322994,0.323670,0.326331,0.326339,0.327877,0.328114,0.331435,0.333334,0.333335,0.333339,0.333339,0.333342,0.333355,0.333356,0.333367,0.774638,0.774711,0.775093,0.775377,0.775691,0.775732,0.775937,0.776324,0.776457,0.776498,0.776986,0.777199,
0.247243,0.248761,0.250401,0.253028,0.256799,0.271340,0.276309,0.284573,0.287552,0.296038,0.301443,0.311152,0.312158,0.316793,0.326345,0.328633,0.329353,0.331427,0.331430,0.332154,0.332886,0.333313,0.333328,0.333337,0.333337,0.333338,0.333339,0.333340,0.333341,0.333342,0.333342,0.333354,0.333360,0.333374,0.333511,0.333762,0.774391,0.775648,0.775780,0.776069,
0.258533,0.271831,0.275069,0.281459,0.281478,0.286088,0.287547,0.287577,0.293385,0.302621,0.318389,0.321189,0.323863,0.326367,0.333314,0.333326,0.333327,0.333328,0.333329,0.333330,0.333330,0.333330,0.333335,0.333335,0.333335,0.333336,0.333336,0.333336,0.333348,0.333349,0.333353,0.333357,0.333363,0.333364,0.333374,0.333379,0.333382,0.775613,0.776332,0.776748,
0.261933,0.268520,0.268543,0.273466,0.274574,0.314333,0.316392,0.317398,0.318387,0.322994,0.322997,0.324682,0.324709,0.325522,0.327902,0.329374,0.333306,0.333306,0.333306,0.333309,0.333312,0.333318,0.333331,0.333331,0.333332,0.333332,0.333336,0.333336,0.333337,0.333338,0.333339,0.333342,0.333345,0.333347,0.333349,0.333356,0.333358,0.333361,0.775504,0.776200,
0.236145,0.261820,0.261881,0.261895,0.275113,0.291956,0.301435,0.301464,0.313254,0.317399,0.318371,0.319358,0.321180,0.323864,0.326315,0.326352,0.330064,0.332083,0.332111,0.333310,0.333312,0.333314,0.333318,0.333334,0.333334,0.333335,0.333336,0.333337,0.333338,0.333338,0.333339,0.333343,0.333343,0.333344,0.333344,0.333363,0.333366,0.333370,0.776027,0.776657,
0.235896,0.248773,0.265236,0.271830,0.273516,0.276759,0.289076,0.298800,0.307621,0.319339,0.320275,0.321191,0.323005,0.323845,0.324695,0.324715,0.327111,0.327872,0.330754,0.332078,0.332082,0.332098,0.333306,0.333308,0.333324,0.333329,0.333330,0.333334,0.333335,0.333338,0.333338,0.333342,0.333342,0.333349,0.333350,0.333362,0.333369,0.333370,0.775577,0.775601,
0.245797,0.255196,0.256853,0.279881,0.281442,0.286111,0.294747,0.300145,0.302710,0.302731,0.314358,0.316403,0.322196,0.324696,0.326336,0.327120,0.328626,0.329367,0.329612,0.332102,0.333310,0.333318,0.333325,0.333328,0.333332,0.333334,0.333334,0.333335,0.333335,0.333335,0.333339,0.333339,0.333339,0.333340,0.333350,0.333354,0.333356,0.333361,0.333363,0.775716,
0.236606,0.258517,0.266872,0.279904,0.284590,0.289048,0.293352,0.298854,0.300161,0.300181,0.314328,0.315358,0.315362,0.317386,0.322115,0.324695,0.328662,0.333310,0.333312,0.333317,0.333329,0.333333,0.333335,0.333335,0.333336,0.333336,0.333336,0.333337,0.333338,0.333338,0.333339,0.333344,0.333349,0.333352,0.333353,0.333355,0.333360,0.333373,0.333385,0.775165,
0.237526,0.239371,0.260210,0.261856,0.276732,0.284574,0.290491,0.294786,0.296157,0.300151,0.308796,0.309930,0.312162,0.314322,0.322116,0.322991,0.323852,0.323859,0.326324,0.327875,0.330090,0.330748,0.331432,0.333308,0.333311,0.333316,0.333329,0.333334,0.333336,0.333340,0.333343,0.333344,0.333344,0.333351,0.333355,0.333357,0.333359,0.333371,0.333437,0.776237,
0.235610,0.254208,0.255155,0.273470,0.276707,0.276713,0.281467,0.286089,0.290499,0.290519,0.294738,0.309971,0.314305,0.314342,0.315366,0.315371,0.321192,0.322983,0.322991,0.322993,0.323847,0.329344,0.330055,0.333306,0.333314,0.333322,0.333327,0.333333,0.333336,0.333336,0.333338,0.333341,0.333345,0.333346,0.333354,0.333355,0.333361,0.333371,0.333447,0.776216,
0.237615,0.258487,0.279917,0.281472,0.286077,0.294744,0.300159,0.302750,0.303976,0.308777,0.311082,0.312194,0.314340,0.319332,0.320376,0.333306,0.333314,0.333327,0.333333,0.333335,0.333338,0.333338,0.333339,0.333339,0.333341,0.333341,0.333343,0.333344,0.333344,0.333344,0.333346,0.333354,0.333355,0.333356,0.333357,0.333359,0.333361,0.333364,0.333572,0.775499,
0.235756,0.242975,0.243001,0.256847,0.261885,0.291939,0.294794,0.297498,0.307600,0.308771,0.308792,0.311069,0.317389,0.326330,0.330056,0.330061,0.330065,0.331562,0.333308,0.333309,0.333310,0.333311,0.333314,0.333321,0.333322,0.333324,0.333327,0.333328,0.333329,0.333335,0.333341,0.333341,0.333347,0.333349,0.333351,0.333356,0.333360,0.333360,0.333373,0.775359,
0.247216,0.258501,0.275139,0.291921,0.296151,0.297536,0.305212,0.306402,0.307629,0.312149,0.315342,0.317395,0.319331,0.320288,0.321228,0.323861,0.326320,0.331424,0.332724,0.332732,0.333306,0.333317,0.333319,0.333320,0.333322,0.333326,0.333326,0.333327,0.333335,0.333341,0.333346,0.333347,0.333351,0.333351,0.333353,0.333354,0.333355,0.333374,0.333418,0.776488,
0.240536,0.242942,0.245813,0.256829,0.286043,0.294758,0.300211,0.301465,0.308776,0.308784,0.313260,0.322092,0.323859,0.323874,0.328626,0.330067,0.330749,0.333306,0.333314,0.333317,0.333317,0.333334,0.333334,0.333338,0.333338,0.333341,0.333342,0.333343,0.333343,0.333344,0.333344,0.333346,0.333346,0.333348,0.333351,0.333352,0.333354,0.333357,0.333372,0.775588,
0.235690,0.270188,0.279940,0.291950,0.293353,0.294788,0.301455,0.305196,0.307631,0.315384,0.324700,0.325521,0.326330,0.327111,0.327880,0.330075,0.333306,0.333314,0.333317,0.333320,0.333322,0.333324,0.333325,0.333327,0.333334,0.333334,0.333336,0.333337,0.333337,0.333339,0.333339,0.333339,0.333345,0.333346,0.333346,0.333358,0.333360,0.333387,0.333392,0.775933,
0.236189,0.239403,0.241719,0.268535,0.278337,0.281542,0.319328,0.322990,0.323007,0.326335,0.330055,0.330065,0.330747,0.330757,0.330758,0.332094,0.333308,0.333310,0.333320,0.333321,0.333321,0.333323,0.333328,0.333328,0.333333,0.333337,0.333337,0.333337,0.333338,0.333338,0.333338,0.333339,0.333343,0.333344,0.333348,0.333353,0.333354,0.333357,0.333425,0.776128,
0.245811,0.245857,0.247307,0.255186,0.265205,0.286061,0.291934,0.296135,0.297506,0.303948,0.306413,0.308799,0.309971,0.315368,0.316385,0.316389,0.319327,0.319334,0.324711,0.325611,0.332085,0.332089,0.333315,0.333317,0.333319,0.333329,0.333330,0.333335,0.333335,0.333336,0.333336,0.333337,0.333340,0.333342,0.333361,0.333362,0.333362,0.333365,0.333396,0.776096,
0.236510,0.244294,0.253586,0.256845,0.260178,0.261805,0.276727,0.294768,0.305178,0.306407,0.311084,0.312170,0.313254,0.313266,0.318369,0.321214,0.325512,0.333310,0.333325,0.333325,0.333330,0.333334,0.333334,0.333336,0.333341,0.333343,0.333343,0.333343,0.333344,0.333346,0.333347,0.333348,0.333352,0.333354,0.333360,0.333368,0.333373,0.333384,0.333385,0.776383,
0.236045,0.238401,0.248799,0.253576,0.261858,0.263551,0.286070,0.290480,0.301445,0.306416,0.318395,0.322101,0.326336,0.327143,0.328621,0.329384,0.330746,0.333306,0.333306,0.333307,0.333308,0.333323,0.333324,0.333325,0.333335,0.333338,0.333339,0.333340,0.333342,0.333345,0.333345,0.333347,0.333348,0.333352,0.333362,0.333368,0.333376,0.333386,0.333437,0.775495,
0.240559,0.250385,0.265226,0.266884,0.268489,0.279910,0.279932,0.281452,0.296186,0.300193,0.313253,0.313260,0.319334,0.324708,0.329358,0.330754,0.333306,0.333307,0.333316,0.333317,0.333322,0.333322,0.333327,0.333329,0.333330,0.333336,0.333336,0.333338,0.333338,0.333341,0.333347,0.333350,0.333354,0.333362,0.333362,0.333369,0.333370,0.333375,0.333399,0.775841,
0.239391,0.251941,0.261880,0.273509,0.275118,0.290550,0.291978,0.296132,0.296154,0.298851,0.317384,0.323024,0.325527,0.327129,0.329348,0.331442,0.332103,0.332109,0.333307,0.333318,0.333320,0.333330,0.333330,0.333330,0.333332,0.333335,0.333337,0.333338,0.333341,0.333341,0.333344,0.333344,0.333352,0.333358,0.333359,0.333360,0.333361,0.333365,0.333379,0.776332,
0.241658,0.256871,0.293388,0.300172,0.309924,0.312162,0.312180,0.313271,0.313297,0.313308,0.314318,0.314320,0.317399,0.321201,0.321202,0.322975,0.323848,0.324695,0.325540,0.327125,0.328633,0.332078,0.333306,0.333308,0.333311,0.333316,0.333323,0.333326,0.333332,0.333334,0.333335,0.333335,0.333337,0.333337,0.333343,0.333344,0.333352,0.333356,0.333369,0.776077,
0.236791,0.238722,0.244308,0.261868,0.265188,0.265210,0.266880,0.279911,0.282994,0.284555,0.300134,0.300152,0.302732,0.311084,0.314314,0.316378,0.322980,0.325510,0.327878,0.327879,0.329344,0.331438,0.333307,0.333325,0.333330,0.333335,0.333337,0.333338,0.333338,0.333339,0.333340,0.333341,0.333344,0.333344,0.333345,0.333350,0.333351,0.333362,0.333391,0.776715,
0.260155,0.261855,0.275099,0.279926,0.292039,0.302725,0.305217,0.309936,0.318363,0.324691,0.324696,0.324774,0.327112,0.328626,0.328647,0.330057,0.330744,0.330757,0.330776,0.332722,0.332738,0.333308,0.333318,0.333322,0.333329,0.333332,0.333336,0.333337,0.333337,0.333338,0.333339,0.333350,0.333351,0.333356,0.333359,0.333366,0.333367,0.333370,0.333386,0.775613,
0.265225,0.276726,0.284548,0.300147,0.303959,0.311055,0.311069,0.312167,0.317398,0.320274,0.320277,0.320279,0.320301,0.322100,0.327891,0.330063,0.332082,0.332109,0.332116,0.333307,0.333308,0.333311,0.333312,0.333318,0.333318,0.333330,0.333335,0.333335,0.333336,0.333336,0.333338,0.333339,0.333344,0.333347,0.333350,0.333354,0.333360,0.333362,0.333370,0.775585,
0.237581,0.242953,0.261847,0.261968,0.276734,0.284584,0.286075,0.287574,0.289040,0.291940,0.301416,0.307610,0.308768,0.308790,0.309938,0.311050,0.312161,0.322094,0.323017,0.325511,0.328621,0.328636,0.329354,0.330775,0.332097,0.332725,0.333306,0.333318,0.333325,0.333331,0.333332,0.333334,0.333335,0.333337,0.333341,0.333341,0.333344,0.333348,0.333355,0.775353,
0.242320,0.251109,0.263552,0.265249,0.278333,0.281454,0.281472,0.289043,0.290500,0.291929,0.300157,0.306436,0.308786,0.314343,0.316388,0.319342,0.322127,0.325538,0.326325,0.328343,0.329369,0.333319,0.333326,0.333326,0.333331,0.333334,0.333334,0.333337,0.333338,0.333340,0.333346,0.333348,0.333350,0.333355,0.333357,0.333357,0.333369,0.333386,0.333403,0.775345,
0.236210,0.236826,0.258507,0.266874,0.270173,0.275118,0.284556,0.300158,0.300368,0.301448,0.302724,0.311046,0.311063,0.313253,0.314331,0.315370,0.320270,0.320281,0.321218,0.325523,0.325525,0.326344,0.331429,0.331432,0.332711,0.333307,0.333312,0.333327,0.333330,0.333332,0.333335,0.333337,0.333338,0.333343,0.333346,0.333354,0.333354,0.333359,0.333369,0.775112,
0.238267,0.240514,0.289057,0.296144,0.302745,0.305197,0.305212,0.312156,0.312171,0.314325,0.318374,0.322989,0.323834,0.323861,0.325514,0.332070,0.332715,0.333308,0.333311,0.333315,0.333334,0.333334,0.333334,0.333335,0.333336,0.333337,0.333338,0.333344,0.333344,0.333346,0.333350,0.333351,0.333357,0.333361,0.333362,0.333363,0.333366,0.333405,0.333409,0.776238,
0.244327,0.273471,0.279922,0.283005,0.297509,0.306434,0.313255,0.316397,0.324689,0.326341,0.327887,0.328630,0.328640,0.329421,0.331437,0.332734,0.333308,0.333309,0.333314,0.333318,0.333318,0.333321,0.333326,0.333326,0.333329,0.333334,0.333334,0.333334,0.333338,0.333339,0.333339,0.333339,0.333343,0.333345,0.333345,0.333347,0.333349,0.333355,0.333391,0.775014,
0.242450,0.242999,0.265165,0.276744,0.278316,0.278368,0.281486,0.293373,0.293373,0.294778,0.298823,0.300165,0.315370,0.316402,0.324686,0.327122,0.327876,0.332774,0.333309,0.333312,0.333319,0.333323,0.333325,0.333328,0.333330,0.333332,0.333335,0.333336,0.333336,0.333336,0.333338,0.333339,0.333341,0.333344,0.333344,0.333352,0.333355,0.333359,0.333362,0.774783,
0.235676,0.235905,0.247265,0.250411,0.255196,0.261862,0.275113,0.276722,0.289032,0.293372,0.297498,0.298843,0.301438,0.303964,0.316395,0.316398,0.322109,0.322110,0.322984,0.323859,0.333309,0.333312,0.333315,0.333331,0.333334,0.333334,0.333336,0.333337,0.333337,0.333338,0.333340,0.333342,0.333344,0.333351,0.333354,0.333361,0.333362,0.333389,0.333480,0.775747,
0.255196,0.261920,0.266900,0.271816,0.279910,0.289034,0.300127,0.303998,0.307609,0.308801,0.309933,0.311172,0.314307,0.317368,0.327121,0.327889,0.329448,0.332096,0.333307,0.333315,0.333318,0.333329,0.333333,0.333334,0.333335,0.333335,0.333338,0.333338,0.333340,0.333343,0.333349,0.333350,0.333351,0.333353,0.333353,0.333356,0.333374,0.333379,0.333383,0.775534,
0.235506,0.240488,0.245794,0.247244,0.247286,0.250400,0.265228,0.273507,0.276725,0.287591,0.293347,0.296122,0.306426,0.309940,0.311056,0.312164,0.316401,0.318364,0.321214,0.326331,0.330544,0.330759,0.332755,0.333306,0.333315,0.333317,0.333329,0.333334,0.333337,0.333337,0.333338,0.333343,0.333344,0.333347,0.333347,0.333350,0.333362,0.333364,0.333367,0.776220,
0.245786,0.251930,0.256802,0.265252,0.270200,0.279899,0.279903,0.290536,0.291928,0.293364,0.297504,0.297529,0.301481,0.304069,0.305187,0.305195,0.308778,0.309918,0.316375,0.318371,0.321198,0.321243,0.324705,0.327119,0.329370,0.329386,0.330064,0.333309,0.333331,0.333331,0.333335,0.333335,0.333337,0.333337,0.333341,0.333345,0.333354,0.333361,0.333384,0.776223,
0.235576,0.250351,0.256839,0.261839,0.278316,0.287567,0.305198,0.308785,0.313236,0.314320,0.315367,0.319347,0.329376,0.330756,0.333306,0.333315,0.333329,0.333331,0.333335,0.333336,0.333336,0.333337,0.333339,0.333342,0.333343,0.333345,0.333347,0.333348,0.333349,0.333350,0.333351,0.333351,0.333354,0.333355,0.333358,0.333359,0.333364,0.333373,0.333385,0.776092,
0.241715,0.244857,0.247323,0.248821,0.251971,0.291969,0.294774,0.298843,0.305218,0.306434,0.317403,0.321199,0.327883,0.333307,0.333309,0.333311,0.333311,0.333314,0.333317,0.333318,0.333320,0.333320,0.333322,0.333324,0.333326,0.333329,0.333330,0.333331,0.333334,0.333336,0.333341,0.333344,0.333345,0.333347,0.333355,0.333362,0.333369,0.333374,0.333423,0.775453,
0.238391,0.247258,0.251939,0.271845,0.276750,0.279903,0.294764,0.297526,0.301485,0.302764,0.308784,0.312221,0.313284,0.314307,0.321208,0.323867,0.327882,0.327886,0.327891,0.328624,0.329361,0.332712,0.333319,0.333323,0.333325,0.333336,0.333337,0.333337,0.333339,0.333340,0.333343,0.333344,0.333345,0.333348,0.333351,0.333351,0.333381,0.333391,0.333495,0.776697,
0.235838,0.257958,0.261874,0.265216,0.276736,0.278319,0.287577,0.289101,0.298808,0.303988,0.313250,0.315383,0.322117,0.322159,0.322989,0.325519,0.326317,0.328617,0.329348,0.330061,0.330750,0.331433,0.333309,0.333324,0.333335,0.333336,0.333336,0.333337,0.333338,0.333338,0.333339,0.333341,0.333345,0.333349,0.333350,0.333359,0.333360,0.333362,0.333365,0.775406,
0.235592,0.235673,0.244326,0.265225,0.279902,0.284575,0.286076,0.294733,0.296162,0.301440,0.305213,0.305238,0.309948,0.314343,0.315368,0.316383,0.318377,0.330049,0.330751,0.331436,0.332076,0.332109,0.333310,0.333318,0.333323,0.333324,0.333328,0.333329,0.333330,0.333331,0.333336,0.333339,0.333340,0.333340,0.333341,0.333351,0.333367,0.333415,0.333596,0.775804,
0.241682,0.250335,0.256892,0.263545,0.286068,0.289022,0.301453,0.309947,0.311069,0.312165,0.314340,0.320277,0.322983,0.324697,0.324710,0.325538,0.326318,0.326341,0.329376,0.333307,0.333316,0.333317,0.333319,0.333327,0.333335,0.333335,0.333336,0.333337,0.333341,0.333348,0.333351,0.333352,0.333353,0.333357,0.333358,0.333366,0.333384,0.333419,0.333423,0.776607,
0.236530,0.239409,0.244958,0.263530,0.273509,0.279885,0.283032,0.286065,0.297498,0.301484,0.304001,0.316393,0.318388,0.320284,0.323018,0.323858,0.324699,0.325519,0.328633,0.328654,0.330070,0.330749,0.332100,0.333313,0.333315,0.333316,0.333318,0.333318,0.333320,0.333338,0.333338,0.333338,0.333342,0.333345,0.333345,0.333354,0.333355,0.333360,0.333379,0.776231,
0.235942,0.239299,0.242353,0.266895,0.287533,0.291944,0.308767,0.312255,0.315375,0.318366,0.322989,0.323866,0.324026,0.324715,0.325575,0.330070,0.331436,0.333313,0.333324,0.333326,0.333329,0.333329,0.333330,0.333335,0.333336,0.333336,0.333336,0.333338,0.333339,0.333340,0.333342,0.333346,0.333349,0.333349,0.333352,0.333357,0.333359,0.333359,0.333369,0.776923,
0.255166,0.261813,0.261821,0.297520,0.297533,0.301465,0.303980,0.306422,0.308797,0.313249,0.315352,0.318377,0.321199,0.323855,0.329355,0.329374,0.332084,0.333307,0.333313,0.333316,0.333317,0.333318,0.333322,0.333328,0.333330,0.333332,0.333335,0.333336,0.333336,0.333337,0.333338,0.333338,0.333339,0.333339,0.333341,0.333342,0.333366,0.333428,0.333480,0.776353,
0.256852,0.268533,0.278306,0.291927,0.294754,0.305217,0.307642,0.313251,0.314325,0.315358,0.319343,0.322098,0.325521,0.326323,0.327880,0.328616,0.332080,0.333308,0.333321,0.333327,0.333328,0.333332,0.333334,0.333335,0.333339,0.333343,0.333345,0.333345,0.333345,0.333346,0.333348,0.333349,0.333350,0.333351,0.333351,0.333360,0.333369,0.333370,0.333375,0.775478,
0.239338,0.244399,0.252007,0.255169,0.263514,0.270206,0.273444,0.273462,0.290490,0.294773,0.294786,0.298841,0.298865,0.309950,0.312143,0.322112,0.327109,0.333306,0.333307,0.333317,0.333321,0.333323,0.333324,0.333328,0.333330,0.333334,0.333337,0.333337,0.333337,0.333338,0.333341,0.333344,0.333346,0.333353,0.333354,0.333355,0.333360,0.333365,0.333373,0.774989,
0.245798,0.247252,0.250367,0.260158,0.260168,0.268565,0.287579,0.293344,0.302709,0.305185,0.306400,0.308786,0.309981,0.314333,0.322126,0.323839,0.333308,0.333311,0.333315,0.333315,0.333316,0.333326,0.333329,0.333330,0.333332,0.333336,0.333337,0.333340,0.333342,0.333344,0.333345,0.333350,0.333351,0.333356,0.333364,0.333364,0.333369,0.333375,0.333385,0.777667,
0.244337,0.247680,0.258504,0.263533,0.283025,0.291928,0.296169,0.297480,0.305245,0.307615,0.315369,0.318386,0.322122,0.323021,0.323851,0.324699,0.325511,0.325526,0.326339,0.327108,0.329350,0.331417,0.332084,0.332085,0.332727,0.333308,0.333323,0.333337,0.333339,0.333344,0.333346,0.333346,0.333350,0.333353,0.333354,0.333356,0.333365,0.333371,0.333382,0.776133,
0.253488,0.258036,0.265227,0.268530,0.271830,0.279908,0.294780,0.296145,0.305202,0.309927,0.312156,0.313257,0.314312,0.314320,0.314335,0.321229,0.332727,0.333306,0.333308,0.333315,0.333321,0.333324,0.333333,0.333334,0.333335,0.333337,0.333338,0.333339,0.333339,0.333340,0.333340,0.333341,0.333341,0.333346,0.333352,0.333354,0.333358,0.333385,0.333515,0.774901,
0.253561,0.255173,0.271858,0.271907,0.275126,0.284549,0.284567,0.290482,0.291949,0.298814,0.308782,0.314329,0.316400,0.318391,0.322096,0.322989,0.324693,0.328627,0.328901,0.331426,0.332077,0.332712,0.333307,0.333315,0.333326,0.333327,0.333330,0.333337,0.333340,0.333344,0.333344,0.333346,0.333347,0.333352,0.333353,0.333354,0.333357,0.333359,0.333375,0.776023,
0.242998,0.261846,0.275098,0.278333,0.281482,0.283038,0.297504,0.297530,0.306424,0.311043,0.312166,0.322112,0.322982,0.323038,0.327097,0.328626,0.328631,0.330085,0.330772,0.333306,0.333311,0.333323,0.333324,0.333334,0.333336,0.333336,0.333337,0.333337,0.333339,0.333339,0.333339,0.333340,0.333343,0.333346,0.333350,0.333354,0.333357,0.333364,0.333374,0.774546,
0.237441,0.240310,0.240513,0.241650,0.242407,0.242587,0.243066,0.245768,0.250356,0.253551,0.253557,0.260159,0.262909,0.266921,0.271797,0.275108,0.278337,0.290487,0.291938,0.318369,0.319348,0.323851,0.324701,0.327885,0.328619,0.333315,0.333324,0.333335,0.333336,0.333337,0.333338,0.333340,0.333340,0.333340,0.333351,0.333358,0.333358,0.333360,0.333362,0.776354,
0.235911,0.253593,0.263548,0.270210,0.273517,0.278322,0.297491,0.301456,0.302751,0.303962,0.303970,0.308803,0.308915,0.313269,0.319345,0.319388,0.321194,0.322142,0.323020,0.324698,0.326319,0.332240,0.333310,0.333310,0.333328,0.333336,0.333336,0.333336,0.333336,0.333339,0.333340,0.333354,0.333354,0.333364,0.333376,0.333379,0.333394,0.333401,0.333719,0.774837,
0.238371,0.240456,0.253575,0.263485,0.270220,0.281463,0.282998,0.286068,0.290509,0.291964,0.294792,0.301437,0.306500,0.312178,0.322105,0.322106,0.322117,0.323891,0.328631,0.329352,0.330776,0.332091,0.332713,0.333307,0.333307,0.333315,0.333324,0.333330,0.333331,0.333332,0.333336,0.333339,0.333341,0.333342,0.333344,0.333347,0.333349,0.333350,0.333360,0.776657,
0.238349,0.247831,0.271858,0.271865,0.283004,0.294766,0.301456,0.305224,0.306408,0.306423,0.311035,0.313249,0.314327,0.318373,0.318384,0.320282,0.322989,0.323842,0.326330,0.327883,0.328623,0.332081,0.333319,0.333321,0.333324,0.333328,0.333335,0.333339,0.333340,0.333345,0.333350,0.333354,0.333357,0.333357,0.333359,0.333360,0.333360,0.333369,0.333394,0.775061,
0.238634,0.243147,0.253580,0.262565,0.268537,0.275094,0.279891,0.284556,0.309922,0.311069,0.312183,0.317397,0.319345,0.319346,0.327897,0.328626,0.330063,0.330130,0.332084,0.332715,0.332716,0.333307,0.333312,0.333327,0.333329,0.333337,0.333337,0.333337,0.333339,0.333339,0.333342,0.333342,0.333343,0.333345,0.333346,0.333348,0.333350,0.333353,0.333364,0.775409,
0.235556,0.243028,0.261837,0.287567,0.290537,0.290611,0.293383,0.301436,0.303963,0.305197,0.307586,0.307611,0.313284,0.314319,0.323852,0.324681,0.324717,0.326325,0.328648,0.329357,0.329372,0.331431,0.332724,0.333318,0.333323,0.333326,0.333328,0.333328,0.333329,0.333334,0.333335,0.333337,0.333341,0.333341,0.333345,0.333346,0.333357,0.333389,0.333697,0.774842,
0.236187,0.250363,0.250806,0.266869,0.278309,0.297563,0.308778,0.312147,0.317381,0.320271,0.320286,0.322121,0.324696,0.329360,0.330064,0.331444,0.332088,0.332721,0.332725,0.333312,0.333326,0.333328,0.333333,0.333333,0.333335,0.333336,0.333336,0.333336,0.333336,0.333337,0.333338,0.333339,0.333346,0.333347,0.333348,0.333355,0.333357,0.333369,0.333388,0.775226,
0.235758,0.239347,0.244389,0.247756,0.248766,0.266909,0.271852,0.275114,0.278304,0.287584,0.289044,0.291946,0.297491,0.307615,0.314317,0.316471,0.321194,0.321218,0.327101,0.328628,0.331426,0.333306,0.333313,0.333314,0.333319,0.333331,0.333334,0.333334,0.333334,0.333335,0.333338,0.333341,0.333341,0.333342,0.333346,0.333351,0.333360,0.333367,0.333540,0.775131,
0.235672,0.240489,0.241718,0.256898,0.279904,0.284552,0.293338,0.304001,0.305207,0.305220,0.307621,0.311061,0.317390,0.321254,0.322106,0.323175,0.323867,0.325609,0.326324,0.330753,0.332712,0.333316,0.333321,0.333331,0.333331,0.333333,0.333333,0.333335,0.333337,0.333341,0.333343,0.333347,0.333351,0.333354,0.333356,0.333361,0.333366,0.333382,0.333396,0.774406,
0.238382,0.245853,0.265211,0.276722,0.278331,0.290478,0.290504,0.300158,0.305230,0.309937,0.313236,0.315367,0.322999,0.323853,0.327130,0.329366,0.330084,0.332085,0.332092,0.332093,0.332185,0.333309,0.333310,0.333315,0.333317,0.333326,0.333334,0.333334,0.333334,0.333339,0.333340,0.333340,0.333340,0.333343,0.333348,0.333353,0.333373,0.333390,0.333391,0.776316,
0.235884,0.235979,0.248819,0.255172,0.258047,0.258486,0.266881,0.273496,0.273498,0.275083,0.283033,0.305273,0.311060,0.311062,0.317408,0.318411,0.321209,0.328624,0.332081,0.332745,0.333306,0.333308,0.333315,0.333320,0.333325,0.333327,0.333327,0.333334,0.333336,0.333336,0.333341,0.333346,0.333347,0.333347,0.333348,0.333351,0.333355,0.333355,0.333383,0.776165,
0.239332,0.240251,0.248780,0.253584,0.268502,0.279918,0.284541,0.287567,0.293348,0.300190,0.312194,0.316380,0.316385,0.321195,0.321203,0.329369,0.330101,0.331454,0.332078,0.333307,0.333314,0.333314,0.333319,0.333327,0.333332,0.333334,0.333336,0.333337,0.333337,0.333339,0.333341,0.333342,0.333346,0.333359,0.333363,0.333364,0.333430,0.333430,0.333596,0.775633,
0.240509,0.247271,0.247905,0.250929,0.261878,0.263506,0.270222,0.276710,0.290509,0.294755,0.297502,0.302739,0.305207,0.315358,0.322978,0.325514,0.327116,0.330756,0.333309,0.333320,0.333320,0.333327,0.333331,0.333332,0.333333,0.333334,0.333339,0.333343,0.333345,0.333347,0.333347,0.333354,0.333355,0.333357,0.333360,0.333361,0.333365,0.333380,0.333395,0.776028,
0.235552,0.236758,0.245831,0.247226,0.247313,0.250401,0.253591,0.268565,0.284539,0.289041,0.309921,0.309954,0.312186,0.314320,0.318371,0.321197,0.329359,0.331452,0.332772,0.333312,0.333315,0.333315,0.333324,0.333332,0.333333,0.333335,0.333338,0.333341,0.333343,0.333349,0.333350,0.333351,0.333352,0.333353,0.333358,0.333364,0.333369,0.333513,0.333536,0.775700,
0.263527,0.263568,0.273496,0.283002,0.293383,0.296124,0.301438,0.302703,0.303952,0.315367,0.322126,0.324687,0.324699,0.327936,0.332088,0.332131,0.333307,0.333307,0.333309,0.333315,0.333317,0.333322,0.333327,0.333332,0.333334,0.333335,0.333336,0.333344,0.333346,0.333346,0.333346,0.333346,0.333356,0.333357,0.333366,0.333377,0.333381,0.333382,0.333403,0.776503,
0.237547,0.238346,0.240151,0.255269,0.278366,0.286064,0.296139,0.297545,0.300152,0.300177,0.302728,0.302734,0.306394,0.306414,0.312170,0.314316,0.318352,0.324722,0.326326,0.327126,0.328629,0.330759,0.331445,0.332716,0.332721,0.333308,0.333313,0.333313,0.333320,0.333334,0.333339,0.333339,0.333339,0.333346,0.333348,0.333349,0.333354,0.333361,0.333363,0.776525,
0.242988,0.253602,0.261407,0.261872,0.276715,0.278329,0.293464,0.297496,0.307634,0.308780,0.315342,0.321218,0.324702,0.327109,0.327113,0.327180,0.328622,0.329345,0.329355,0.333309,0.333315,0.333315,0.333332,0.333334,0.333334,0.333336,0.333337,0.333344,0.333348,0.333348,0.333348,0.333349,0.333351,0.333353,0.333354,0.333358,0.333362,0.333374,0.333399,0.777379,
0.244382,0.251081,0.261045,0.266862,0.273519,0.276716,0.281463,0.301463,0.303985,0.305219,0.305228,0.305232,0.307616,0.313245,0.315365,0.318831,0.322985,0.328632,0.332074,0.333306,0.333310,0.333315,0.333320,0.333322,0.333325,0.333330,0.333331,0.333332,0.333335,0.333336,0.333337,0.333337,0.333338,0.333346,0.333347,0.333353,0.333361,0.333370,0.333374,0.777392,
0.241745,0.242980,0.253520,0.253565,0.261866,0.268727,0.275156,0.278312,0.279939,0.284596,0.293348,0.298847,0.301462,0.313241,0.318376,0.321200,0.325527,0.325532,0.326334,0.326369,0.327103,0.329360,0.332398,0.333310,0.333330,0.333331,0.333337,0.333340,0.333342,0.333343,0.333343,0.333345,0.333347,0.333348,0.333349,0.333359,0.333360,0.333361,0.333367,0.776045,
0.239366,0.276724,0.284583,0.286059,0.287579,0.305193,0.305227,0.312167,0.320333,0.322097,0.322983,0.327115,0.328654,0.332715,0.333311,0.333319,0.333324,0.333328,0.333334,0.333335,0.333335,0.333335,0.333338,0.333338,0.333338,0.333338,0.333340,0.333342,0.333344,0.333350,0.333351,0.333353,0.333358,0.333359,0.333360,0.333361,0.333370,0.333377,0.333390,0.776510,
0.235637,0.240482,0.251936,0.253564,0.273468,0.278328,0.279906,0.287573,0.290490,0.291942,0.293376,0.294772,0.307634,0.312158,0.312167,0.316391,0.320285,0.326316,0.327117,0.332078,0.333306,0.333307,0.333310,0.333315,0.333318,0.333320,0.333323,0.333325,0.333327,0.333329,0.333334,0.333337,0.333338,0.333338,0.333343,0.333347,0.333348,0.333357,0.333396,0.774943,
0.238437,0.247323,0.273460,0.289057,0.298820,0.306441,0.307618,0.311060,0.311072,0.312170,0.316405,0.319372,0.323863,0.325537,0.327134,0.329350,0.332079,0.333310,0.333313,0.333320,0.333321,0.333336,0.333338,0.333338,0.333341,0.333344,0.333344,0.333347,0.333352,0.333353,0.333353,0.333354,0.333356,0.333359,0.333363,0.333376,0.333378,0.333392,0.333421,0.776233,
0.248785,0.256860,0.263509,0.266873,0.268590,0.279910,0.281466,0.282972,0.283017,0.305199,0.312153,0.314319,0.321209,0.326319,0.327873,0.328630,0.331420,0.333305,0.333306,0.333308,0.333309,0.333319,0.333320,0.333323,0.333328,0.333329,0.333333,0.333335,0.333339,0.333342,0.333342,0.333346,0.333346,0.333348,0.333349,0.333355,0.333363,0.333382,0.333400,0.774946,
0.275151,0.289058,0.293388,0.294749,0.296135,0.297482,0.298814,0.306405,0.306415,0.306418,0.307618,0.315355,0.318412,0.322124,0.323859,0.324683,0.324701,0.324713,0.325551,0.329361,0.330064,0.331427,0.332717,0.333306,0.333325,0.333328,0.333333,0.333336,0.333337,0.333337,0.333339,0.333344,0.333358,0.333359,0.333359,0.333360,0.333362,0.333367,0.333370,0.775420,
0.240512,0.256854,0.271821,0.287589,0.290502,0.296124,0.303993,0.313229,0.315367,0.316363,0.321218,0.323840,0.323866,0.324708,0.326332,0.326335,0.327100,0.327878,0.332721,0.332730,0.332744,0.333307,0.333323,0.333331,0.333334,0.333335,0.333336,0.333336,0.333336,0.333337,0.333338,0.333342,0.333347,0.333348,0.333351,0.333352,0.333354,0.333356,0.333361,0.775151,
0.250310,0.253546,0.253551,0.271927,0.296142,0.303994,0.305207,0.307618,0.308782,0.312167,0.318397,0.322974,0.323847,0.323847,0.326326,0.327885,0.330060,0.330061,0.330062,0.330743,0.330751,0.333305,0.333309,0.333316,0.333317,0.333320,0.333329,0.333334,0.333334,0.333334,0.333335,0.333336,0.333337,0.333339,0.333340,0.333343,0.333344,0.333356,0.333373,0.776110,
0.256814,0.263543,0.266849,0.268571,0.286094,0.294751,0.294764,0.302743,0.303958,0.303960,0.305229,0.311077,0.315370,0.316374,0.319332,0.320282,0.321214,0.323867,0.324680,0.325509,0.330067,0.330104,0.333306,0.333323,0.333328,0.333330,0.333332,0.333335,0.333335,0.333336,0.333336,0.333338,0.333339,0.333342,0.333345,0.333345,0.333348,0.333359,0.333364,0.776209,
0.236544,0.251965,0.256842,0.266897,0.281460,0.284544,0.284558,0.286111,0.297488,0.305222,0.309943,0.309955,0.311068,0.315372,0.316378,0.317403,0.320265,0.325519,0.328659,0.329351,0.329356,0.330759,0.332722,0.332733,0.333323,0.333331,0.333332,0.333335,0.333336,0.333336,0.333336,0.333339,0.333340,0.333341,0.333344,0.333346,0.333348,0.333348,0.333367,0.776118,
0.241734,0.251064,0.251919,0.254155,0.255224,0.276736,0.291943,0.298827,0.300139,0.306420,0.307608,0.315360,0.316391,0.318374,0.321202,0.321208,0.322107,0.324713,0.326332,0.327115,0.329370,0.330073,0.333305,0.333307,0.333320,0.333328,0.333334,0.333334,0.333334,0.333336,0.333337,0.333337,0.333341,0.333341,0.333342,0.333346,0.333356,0.333377,0.333433,0.775206,
0.000066,0.237394,0.237532,0.244814,0.253583,0.257019,0.263531,0.276924,0.290510,0.294745,0.298817,0.302748,0.307608,0.309929,0.320295,0.321211,0.321215,0.326320,0.326339,0.328631,0.328655,0.331428,0.332081,0.333306,0.333322,0.333325,0.333335,0.333337,0.333338,0.333339,0.333339,0.333341,0.333342,0.333350,0.333350,0.333353,0.333359,0.333377,0.333391,0.775036,
0.273495,0.276683,0.278319,0.278328,0.283035,0.286051,0.298835,0.302702,0.305296,0.306447,0.309919,0.314319,0.317426,0.324704,0.326328,0.328076,0.329367,0.330737,0.330752,0.331438,0.332114,0.333306,0.333318,0.333326,0.333328,0.333328,0.333329,0.333332,0.333334,0.333336,0.333341,0.333351,0.333352,0.333354,0.333357,0.333358,0.333375,0.333404,0.333494,0.775349,
0.242979,0.244313,0.251826,0.268520,0.278329,0.283026,0.287538,0.296175,0.297457,0.297468,0.297486,0.298837,0.306440,0.307607,0.308792,0.312155,0.313274,0.316395,0.321190,0.327112,0.328642,0.333306,0.333312,0.333317,0.333327,0.333330,0.333334,0.333335,0.333335,0.333336,0.333337,0.333337,0.333338,0.333338,0.333344,0.333351,0.333359,0.333361,0.333363,0.775560,
0.236567,0.263569,0.268528,0.271851,0.276751,0.296125,0.303974,0.315361,0.323007,0.323861,0.323871,0.327093,0.327886,0.331435,0.332124,0.333306,0.333309,0.333311,0.333329,0.333332,0.333332,0.333334,0.333337,0.333338,0.333338,0.333340,0.333342,0.333347,0.333347,0.333347,0.333351,0.333351,0.333352,0.333356,0.333361,0.333362,0.333365,0.333386,0.333388,0.776107,
0.235640,0.235729,0.237530,0.245771,0.251961,0.255181,0.263533,0.263583,0.273527,0.286031,0.308760,0.314303,0.314327,0.317384,0.318395,0.320286,0.324696,0.328653,0.329355,0.330064,0.332081,0.333308,0.333310,0.333313,0.333316,0.333316,0.333317,0.333320,0.333325,0.333326,0.333329,0.333330,0.333338,0.333347,0.333358,0.333361,0.333364,0.333365,0.333439,0.775850,
0.235832,0.238362,0.240535,0.248767,0.256895,0.261885,0.266902,0.281482,0.291952,0.294754,0.294758,0.298836,0.298846,0.301423,0.301487,0.301500,0.305214,0.305237,0.320267,0.330754,0.331429,0.332122,0.333309,0.333310,0.333323,0.333336,0.333336,0.333336,0.333342,0.333342,0.333344,0.333345,0.333346,0.333348,0.333351,0.333363,0.333369,0.333374,0.333413,0.776951,
0.247275,0.279894,0.279935,0.281521,0.283071,0.291942,0.291943,0.301456,0.302766,0.305261,0.313245,0.316372,0.320281,0.321202,0.321207,0.322982,0.326346,0.329351,0.331434,0.333306,0.333306,0.333307,0.333316,0.333323,0.333334,0.333335,0.333338,0.333341,0.333349,0.333349,0.333350,0.333352,0.333353,0.333353,0.333355,0.333356,0.333373,0.333394,0.333414,0.776012,
0.235543,0.238354,0.248787,0.251964,0.266925,0.268512,0.271878,0.273528,0.278344,0.284563,0.284601,0.289013,0.300160,0.306426,0.314332,0.315352,0.315365,0.316401,0.322991,0.322996,0.328627,0.333307,0.333309,0.333316,0.333316,0.333322,0.333332,0.333334,0.333336,0.333338,0.333339,0.333341,0.333341,0.333354,0.333358,0.333358,0.333360,0.333360,0.333381,0.774600,
0.250322,0.253594,0.260200,0.266846,0.268584,0.291976,0.313250,0.314327,0.320275,0.325522,0.327867,0.332716,0.333306,0.333309,0.333312,0.333323,0.333324,0.333326,0.333330,0.333332,0.333334,0.333340,0.333342,0.333344,0.333344,0.333346,0.333347,0.333350,0.333355,0.333358,0.333358,0.333361,0.333362,0.333364,0.333366,0.333367,0.333380,0.333399,0.333426,0.776839,
0.235725,0.236062,0.237520,0.237609,0.247274,0.251927,0.266898,0.278345,0.283028,0.294766,0.296179,0.297516,0.308772,0.312172,0.312207,0.316415,0.330799,0.331430,0.333306,0.333307,0.333308,0.333310,0.333311,0.333312,0.333312,0.333316,0.333320,0.333324,0.333325,0.333330,0.333334,0.333334,0.333338,0.333339,0.333340,0.333344,0.333345,0.333350,0.333366,0.775374,
0.235609,0.235838,0.236489,0.237555,0.244393,0.251064,0.260136,0.273513,0.278355,0.281492,0.289051,0.289116,0.291987,0.293366,0.293385,0.315454,0.320285,0.322145,0.323006,0.324711,0.325525,0.326343,0.327888,0.327898,0.329352,0.330060,0.333309,0.333316,0.333327,0.333332,0.333334,0.333338,0.333339,0.333346,0.333353,0.333358,0.333360,0.333362,0.333376,0.774464,
0.235828,0.241730,0.253535,0.263562,0.279952,0.284556,0.289094,0.296138,0.296145,0.302735,0.313262,0.315388,0.316385,0.322998,0.323012,0.324685,0.324711,0.324715,0.326338,0.327870,0.327880,0.329431,0.330082,0.333306,0.333315,0.333322,0.333324,0.333327,0.333334,0.333336,0.333338,0.333339,0.333353,0.333356,0.333356,0.333362,0.333364,0.333442,0.333538,0.775336,
0.239401,0.248834,0.260179,0.265198,0.271815,0.279918,0.286086,0.289047,0.294762,0.298817,0.300128,0.300143,0.308811,0.313243,0.316445,0.319335,0.323857,0.324695,0.326316,0.327900,0.328619,0.328665,0.333314,0.333316,0.333320,0.333329,0.333331,0.333335,0.333336,0.333337,0.333337,0.333339,0.333340,0.333344,0.333344,0.333346,0.333349,0.333355,0.333359,0.775259,
0.248818,0.262874,0.263480,0.275105,0.278392,0.281473,0.284558,0.287544,0.289051,0.303982,0.316382,0.318392,0.319339,0.321207,0.323013,0.324680,0.324731,0.332738,0.333327,0.333328,0.333330,0.333330,0.333331,0.333335,0.333336,0.333336,0.333338,0.333339,0.333341,0.333342,0.333345,0.333346,0.333351,0.333353,0.333356,0.333358,0.333363,0.333369,0.333394,0.776625,
0.238826,0.240474,0.240505,0.245816,0.251971,0.265187,0.279880,0.279908,0.284566,0.307624,0.308771,0.316783,0.320275,0.321230,0.322112,0.323860,0.325528,0.332116,0.333306,0.333309,0.333314,0.333315,0.333315,0.333318,0.333321,0.333323,0.333325,0.333328,0.333330,0.333331,0.333335,0.333336,0.333337,0.333338,0.333342,0.333343,0.333348,0.333355,0.333356,0.776311,
0.235946,0.236890,0.243060,0.247236,0.254411,0.276709,0.278317,0.286078,0.287581,0.294752,0.298834,0.300177,0.307629,0.317391,0.318382,0.320280,0.320319,0.326329,0.328645,0.329352,0.329357,0.330065,0.332083,0.333313,0.333313,0.333319,0.333339,0.333341,0.333342,0.333343,0.333346,0.333347,0.333357,0.333362,0.333368,0.333377,0.333392,0.333393,0.333457,0.775324,
0.237557,0.250993,0.254242,0.258210,0.278316,0.298841,0.300209,0.302729,0.302742,0.306447,0.307617,0.314316,0.319340,0.324709,0.324716,0.325535,0.327877,0.327898,0.328642,0.328670,0.329453,0.332712,0.333307,0.333308,0.333308,0.333320,0.333325,0.333328,0.333336,0.333338,0.333341,0.333342,0.333342,0.333347,0.333350,0.333353,0.333357,0.333406,0.333561,0.775418,
0.240498,0.243002,0.245884,0.248758,0.263534,0.275154,0.275173,0.276710,0.289057,0.297442,0.297497,0.302707,0.302729,0.302943,0.305207,0.311103,0.315349,0.318365,0.321215,0.325529,0.326323,0.327112,0.333315,0.333321,0.333325,0.333326,0.333326,0.333329,0.333331,0.333337,0.333338,0.333342,0.333347,0.333348,0.333350,0.333355,0.333403,0.333577,0.333607,0.776354,
