0.000000,0.000000,0.000000,0.000000,0.000000,0.000000,0.000000,0.000000,0.000000,0.000000,0.000000,0.000000,0.000000,0.000000,0.000000,0.000000,0.000000,0.000000,0.000000,0.000000,0.000000,0.000000,0.000000,0.000000,0.000000,0.000000,0.000000,0.000000,0.000000,0.000000,0.000000,0.000000,0.000000,0.000000,0.000000,0.000000,0.000000,0.000000,0.000000,0.000000,
0.000000,0.251281,0.251343,0.254801,0.266562,0.266587,0.271559,0.273165,0.284361,0.286063,0.287480,0.296420,0.299039,0.300680,0.304456,0.307032,0.309436,0.310692,0.313010,0.313021,0.327236,0.331609,0.332254,0.333285,0.335522,0.336894,0.775305,0.775324,0.775447,0.775661,0.775762,0.775817,0.775874,0.776119,0.776506,0.776611,0.776751,0.777061,0.777183,0.777440,
0.240367,0.241708,0.270157,0.281644,0.290522,0.298804,0.303972,0.303997,0.304042,0.316403,0.317841,0.319318,0.320288,0.320301,0.322996,0.331447,0.331672,0.333334,0.333338,0.333345,0.333348,0.333350,0.333350,0.333351,0.333353,0.333357,0.333364,0.333367,0.333375,0.333547,0.334697,0.774515,0.775354,0.775386,0.775898,0.776068,0.776323,0.776416,0.776701,0.776899,
0.237362,0.242987,0.261838,0.268568,0.275122,0.296132,0.300141,0.301455,0.302755,0.303990,0.304000,0.309910,0.313256,0.315415,0.316405,0.317394,0.320273,0.322676,0.322994,0.324708,0.325518,0.332077,0.332540,0.333309,0.333318,0.333328,0.333332,0.333334,0.333335,0.333340,0.333343,0.333349,0.333352,0.774785,0.775736,0.775789,0.776470,0.776589,0.776722,0.776927,
0.235741,0.241691,0.244412,0.250327,0.250351,0.266891,0.284553,0.286090,0.294776,0.297489,0.300134,0.301448,0.314615,0.318359,0.319354,0.327107,0.328647,0.329355,0.330069,0.330678,0.333319,0.333324,0.333327,0.333334,0.333334,0.333337,0.333339,0.333343,0.333344,0.333349,0.333349,0.333349,0.333350,0.333371,0.333388,0.774644,0.774915,0.775575,0.776414,0.776424,
0.235583,0.239336,0.250318,0.258533,0.263521,0.266873,0.276666,0.281476,0.283054,0.284650,0.297518,0.301448,0.302724,0.311067,0.313652,0.316387,0.320326,0.323839,0.324492,0.327110,0.327910,0.328631,0.330056,0.331436,0.332712,0.332716,0.333319,0.333336,0.333337,0.333337,0.333349,0.333350,0.333352,0.333353,0.333367,0.333386,0.333390,0.774030,0.776040,0.776393,
0.239335,0.244747,0.247278,0.250746,0.254645,0.265192,0.273504,0.275100,0.276695,0.281459,0.291956,0.301451,0.312167,0.319340,0.320293,0.325558,0.327109,0.330759,0.330777,0.332710,0.333307,0.333316,0.333318,0.333318,0.333334,0.333335,0.333335,0.333337,0.333343,0.333345,0.333345,0.333348,0.333350,0.333357,0.333358,0.333380,0.333397,0.333417,0.775825,0.776848,
0.236150,0.241777,0.253027,0.253504,0.265187,0.266903,0.273492,0.278302,0.279927,0.286061,0.289043,0.298849,0.309940,0.315343,0.315348,0.316405,0.319349,0.321207,0.321207,0.321224,0.323863,0.332766,0.333305,0.333312,0.333316,0.333320,0.333323,0.333327,0.333329,0.333333,0.333335,0.333335,0.333338,0.333341,0.333359,0.333363,0.333394,0.333496,0.333541,0.775408,
0.242335,0.251904,0.265175,0.270201,0.281476,0.284569,0.284591,0.286045,0.287571,0.291929,0.301518,0.321211,0.322115,0.322144,0.323855,0.329372,0.330061,0.332722,0.333309,0.333311,0.333329,0.333329,0.333330,0.333332,0.333332,0.333333,0.333334,0.333336,0.333337,0.333340,0.333342,0.333344,0.333350,0.333355,0.333360,0.333362,0.333366,0.333377,0.333390,0.775688,
0.235618,0.236159,0.266899,0.273501,0.306461,0.307626,0.315372,0.322990,0.323009,0.323853,0.324691,0.324707,0.328624,0.331428,0.331430,0.331455,0.332083,0.333306,0.333308,0.333309,0.333335,0.333335,0.333335,0.333336,0.333339,0.333340,0.333340,0.333341,0.333344,0.333350,0.333353,0.333356,0.333356,0.333358,0.333358,0.333358,0.333365,0.333368,0.333481,0.776319,
0.247782,0.268580,0.271822,0.300170,0.305212,0.307608,0.307611,0.312197,0.319339,0.320302,0.322994,0.325505,0.327868,0.327878,0.328654,0.329381,0.333307,0.333308,0.333313,0.333313,0.333326,0.333327,0.333328,0.333328,0.333328,0.333329,0.333330,0.333334,0.333334,0.333335,0.333339,0.333339,0.333340,0.333340,0.333347,0.333347,0.333359,0.333407,0.333424,0.775873,
0.245752,0.254592,0.270225,0.271838,0.283202,0.287549,0.293357,0.294763,0.303950,0.308774,0.312179,0.316391,0.325518,0.330052,0.331443,0.331452,0.332718,0.332719,0.333314,0.333319,0.333320,0.333327,0.333328,0.333332,0.333333,0.333335,0.333336,0.333337,0.333337,0.333337,0.333337,0.333339,0.333341,0.333342,0.333345,0.333348,0.333350,0.333353,0.333356,0.775642,
0.270193,0.287556,0.291949,0.300162,0.301432,0.303947,0.314339,0.316375,0.316388,0.318433,0.319314,0.322101,0.324690,0.325517,0.325520,0.327887,0.330061,0.330062,0.333306,0.333318,0.333322,0.333326,0.333328,0.333331,0.333335,0.333336,0.333337,0.333337,0.333338,0.333339,0.333339,0.333346,0.333349,0.333352,0.333358,0.333358,0.333361,0.333364,0.333562,0.777778,
0.238690,0.253597,0.278337,0.287559,0.290532,0.291934,0.305192,0.311063,0.314307,0.315374,0.318364,0.320280,0.320291,0.322097,0.322103,0.322127,0.327118,0.329349,0.329370,0.330056,0.330068,0.331429,0.333312,0.333319,0.333325,0.333329,0.333331,0.333334,0.333335,0.333336,0.333337,0.333338,0.333338,0.333339,0.333340,0.333341,0.333344,0.333350,0.333354,0.776790,
0.235679,0.237459,0.242988,0.297490,0.305226,0.307616,0.311073,0.315365,0.315374,0.316373,0.317389,0.322984,0.325533,0.327889,0.328631,0.329362,0.331422,0.333314,0.333318,0.333324,0.333327,0.333327,0.333328,0.333328,0.333329,0.333330,0.333334,0.333335,0.333336,0.333336,0.333339,0.333341,0.333342,0.333343,0.333350,0.333354,0.333355,0.333360,0.333453,0.776789,
0.241697,0.242469,0.268536,0.273450,0.273486,0.283003,0.284554,0.291919,0.294745,0.296159,0.300165,0.305205,0.313248,0.317408,0.318371,0.319339,0.322109,0.324712,0.328628,0.330065,0.330746,0.331430,0.331494,0.333314,0.333326,0.333327,0.333331,0.333331,0.333332,0.333337,0.333337,0.333337,0.333337,0.333338,0.333342,0.333343,0.333346,0.333389,0.333426,0.775690,
0.236126,0.241711,0.251962,0.265199,0.279878,0.282980,0.293367,0.297498,0.303996,0.305208,0.315371,0.318379,0.322981,0.323860,0.324685,0.324712,0.325513,0.326332,0.326474,0.332740,0.333308,0.333319,0.333324,0.333325,0.333330,0.333334,0.333335,0.333335,0.333336,0.333337,0.333338,0.333339,0.333343,0.333348,0.333351,0.333362,0.333362,0.333366,0.333391,0.777418,
0.242463,0.244356,0.260183,0.265236,0.273497,0.291940,0.291945,0.291979,0.294770,0.296134,0.296160,0.301462,0.308751,0.316369,0.323845,0.323878,0.326327,0.327104,0.328639,0.332081,0.333308,0.333309,0.333309,0.333320,0.333325,0.333330,0.333332,0.333332,0.333339,0.333339,0.333340,0.333343,0.333351,0.333354,0.333359,0.333359,0.333360,0.333367,0.333409,0.776092,
0.236676,0.256866,0.283018,0.294743,0.298836,0.303989,0.312161,0.319341,0.320288,0.321206,0.323865,0.327131,0.329370,0.330072,0.330768,0.333314,0.333316,0.333322,0.333324,0.333327,0.333328,0.333334,0.333334,0.333335,0.333335,0.333336,0.333337,0.333339,0.333343,0.333347,0.333350,0.333353,0.333354,0.333354,0.333363,0.333367,0.333370,0.333386,0.333478,0.776962,
0.235859,0.236542,0.254668,0.266865,0.278345,0.286061,0.293358,0.296128,0.298827,0.301450,0.308789,0.312169,0.313259,0.317390,0.319379,0.323000,0.325528,0.330068,0.331441,0.332078,0.333307,0.333308,0.333314,0.333316,0.333318,0.333321,0.333328,0.333330,0.333334,0.333335,0.333337,0.333337,0.333340,0.333340,0.333344,0.333345,0.333351,0.333361,0.333439,0.773685,
0.258125,0.281477,0.281689,0.283001,0.286063,0.290497,0.290509,0.300168,0.301436,0.303983,0.307623,0.308807,0.308811,0.312175,0.313290,0.315353,0.316406,0.319368,0.321197,0.322980,0.322988,0.323848,0.327867,0.332714,0.333322,0.333323,0.333332,0.333334,0.333335,0.333341,0.333345,0.333345,0.333349,0.333350,0.333352,0.333355,0.333366,0.333413,0.333439,0.775440,
0.235523,0.247263,0.251930,0.256878,0.265205,0.293360,0.300143,0.302720,0.313271,0.315357,0.318379,0.319338,0.319358,0.322122,0.322125,0.326331,0.329643,0.330763,0.331425,0.332717,0.332719,0.333308,0.333322,0.333323,0.333332,0.333334,0.333335,0.333337,0.333339,0.333340,0.333341,0.333342,0.333342,0.333343,0.333348,0.333350,0.333355,0.333356,0.333359,0.776305,
0.238409,0.250377,0.250381,0.268523,0.278296,0.286061,0.294757,0.294781,0.296174,0.302731,0.316383,0.316394,0.318375,0.319336,0.326334,0.328633,0.330051,0.330763,0.333312,0.333313,0.333324,0.333325,0.333333,0.333334,0.333335,0.333335,0.333336,0.333337,0.333340,0.333340,0.333342,0.333342,0.333353,0.333356,0.333368,0.333373,0.333377,0.333384,0.333418,0.774526,
0.245829,0.251333,0.258529,0.268524,0.271853,0.275134,0.282979,0.298870,0.312145,0.313245,0.321193,0.322990,0.323862,0.325570,0.326309,0.329348,0.330056,0.331420,0.333306,0.333307,0.333325,0.333327,0.333332,0.333333,0.333336,0.333337,0.333337,0.333338,0.333339,0.333342,0.333344,0.333349,0.333349,0.333349,0.333353,0.333357,0.333365,0.333378,0.333400,0.774572,
0.237416,0.238444,0.240465,0.242981,0.250381,0.251265,0.278299,0.287560,0.300152,0.302717,0.303980,0.305190,0.312168,0.313252,0.313259,0.316412,0.319346,0.321235,0.325522,0.326325,0.330069,0.330748,0.331427,0.333323,0.333329,0.333330,0.333334,0.333336,0.333337,0.333338,0.333338,0.333339,0.333340,0.333345,0.333360,0.333362,0.333364,0.333384,0.333540,0.776331,
0.236660,0.240543,0.258542,0.278315,0.278334,0.283005,0.297509,0.300147,0.301465,0.306412,0.318372,0.318382,0.319401,0.323854,0.327110,0.327110,0.329364,0.329366,0.330282,0.333307,0.333308,0.333309,0.333312,0.333313,0.333333,0.333334,0.333335,0.333335,0.333336,0.333338,0.333341,0.333343,0.333344,0.333344,0.333349,0.333349,0.333380,0.333393,0.333445,0.775953,
0.240540,0.248870,0.268545,0.276759,0.289054,0.294771,0.298844,0.301454,0.306409,0.315352,0.317450,0.329423,0.330766,0.332101,0.333306,0.333308,0.333319,0.333323,0.333323,0.333326,0.333327,0.333332,0.333333,0.333335,0.333335,0.333336,0.333337,0.333337,0.333339,0.333341,0.333342,0.333348,0.333349,0.333349,0.333352,0.333353,0.333360,0.333361,0.333372,0.775005,
0.236736,0.245780,0.247708,0.248823,0.266880,0.270217,0.286068,0.290506,0.297522,0.301436,0.308797,0.311061,0.319326,0.320266,0.327094,0.330757,0.330760,0.331418,0.332722,0.333306,0.333320,0.333325,0.333326,0.333328,0.333330,0.333330,0.333335,0.333337,0.333338,0.333339,0.333340,0.333341,0.333343,0.333350,0.333360,0.333361,0.333362,0.333365,0.333392,0.776655,
0.238381,0.262713,0.266903,0.276680,0.281469,0.281620,0.289077,0.291964,0.301455,0.306418,0.306424,0.307616,0.320261,0.324684,0.324711,0.326329,0.330051,0.332720,0.332726,0.333308,0.333317,0.333330,0.333335,0.333335,0.333336,0.333336,0.333336,0.333336,0.333337,0.333337,0.333339,0.333341,0.333351,0.333352,0.333354,0.333357,0.333364,0.333380,0.333385,0.776150,
0.236096,0.265160,0.286030,0.296120,0.297479,0.298832,0.308840,0.309963,0.313291,0.318381,0.324695,0.324709,0.327878,0.330752,0.333307,0.333308,0.333308,0.333308,0.333314,0.333316,0.333318,0.333326,0.333330,0.333331,0.333332,0.333334,0.333334,0.333335,0.333335,0.333336,0.333338,0.333338,0.333347,0.333347,0.333348,0.333351,0.333355,0.333361,0.333715,0.776741,
0.237627,0.245891,0.263544,0.270170,0.273489,0.283027,0.294744,0.301439,0.301447,0.302716,0.312169,0.313243,0.313243,0.313266,0.314319,0.316379,0.317388,0.322111,0.326327,0.326330,0.327892,0.333314,0.333318,0.333326,0.333329,0.333330,0.333332,0.333333,0.333335,0.333335,0.333342,0.333346,0.333350,0.333353,0.333360,0.333361,0.333362,0.333368,0.333430,0.774965,
0.239364,0.250314,0.268532,0.278272,0.278331,0.293370,0.300159,0.307610,0.307623,0.316401,0.322099,0.326349,0.327110,0.327882,0.328631,0.329337,0.329355,0.330770,0.332075,0.333321,0.333330,0.333331,0.333334,0.333334,0.333336,0.333336,0.333338,0.333338,0.333339,0.333341,0.333342,0.333344,0.333344,0.333345,0.333349,0.333349,0.333349,0.333384,0.333445,0.776577,
0.238814,0.248781,0.253559,0.256895,0.265194,0.266895,0.270175,0.281497,0.283030,0.286062,0.296142,0.296148,0.298815,0.304001,0.306432,0.309928,0.325535,0.328617,0.329352,0.330075,0.330755,0.332715,0.333308,0.333308,0.333319,0.333324,0.333327,0.333330,0.333334,0.333335,0.333336,0.333337,0.333337,0.333337,0.333338,0.333358,0.333361,0.333378,0.333395,0.776012,
0.236231,0.243100,0.244913,0.273502,0.284569,0.284570,0.290543,0.301471,0.307623,0.308794,0.311048,0.315368,0.318372,0.319352,0.321202,0.324711,0.330080,0.330754,0.332100,0.333310,0.333310,0.333318,0.333329,0.333331,0.333334,0.333335,0.333336,0.333346,0.333348,0.333348,0.333352,0.333352,0.333354,0.333357,0.333359,0.333362,0.333367,0.333382,0.333455,0.776533,
0.235818,0.241711,0.256819,0.283155,0.284578,0.286100,0.294736,0.294752,0.306439,0.311057,0.312163,0.314372,0.316384,0.320258,0.325514,0.325529,0.327877,0.327880,0.330752,0.332775,0.333316,0.333320,0.333321,0.333322,0.333332,0.333333,0.333335,0.333336,0.333336,0.333339,0.333341,0.333341,0.333342,0.333344,0.333344,0.333347,0.333354,0.333358,0.333362,0.776343,
0.247211,0.265213,0.283016,0.290524,0.291921,0.294763,0.296110,0.302728,0.305200,0.315365,0.317387,0.318377,0.322104,0.327130,0.327194,0.333312,0.333324,0.333326,0.333326,0.333328,0.333332,0.333334,0.333334,0.333337,0.333337,0.333338,0.333338,0.333338,0.333342,0.333342,0.333343,0.333343,0.333345,0.333348,0.333353,0.333356,0.333357,0.333374,0.333391,0.775632,
0.235812,0.245756,0.247290,0.261851,0.263515,0.275102,0.294793,0.305190,0.309920,0.315359,0.317372,0.326312,0.326335,0.329347,0.330063,0.330064,0.330071,0.332087,0.333306,0.333313,0.333316,0.333318,0.333324,0.333326,0.333329,0.333330,0.333333,0.333337,0.333337,0.333337,0.333338,0.333339,0.333342,0.333342,0.333351,0.333353,0.333354,0.333368,0.333384,0.775807,
0.236890,0.268543,0.287552,0.289060,0.294750,0.307609,0.316389,0.318382,0.323847,0.323849,0.325536,0.330151,0.330802,0.331421,0.331423,0.333306,0.333307,0.333315,0.333320,0.333324,0.333326,0.333333,0.333335,0.333336,0.333336,0.333336,0.333337,0.333338,0.333338,0.333342,0.333344,0.333346,0.333346,0.333348,0.333349,0.333352,0.333362,0.333369,0.333382,0.775627,
0.240369,0.251989,0.260203,0.260271,0.270174,0.270180,0.273469,0.273495,0.283034,0.286074,0.298813,0.303963,0.308780,0.312162,0.313258,0.314321,0.316406,0.318394,0.323854,0.324698,0.331429,0.332079,0.332715,0.333307,0.333307,0.333315,0.333320,0.333323,0.333326,0.333331,0.333334,0.333335,0.333338,0.333338,0.333340,0.333343,0.333347,0.333360,0.333365,0.776110,
0.237369,0.245871,0.250367,0.270196,0.286046,0.289027,0.290502,0.291955,0.293352,0.297488,0.302715,0.303971,0.306450,0.308820,0.317404,0.323847,0.325531,0.326312,0.328618,0.330744,0.333308,0.333316,0.333332,0.333333,0.333334,0.333335,0.333338,0.333340,0.333343,0.333345,0.333346,0.333347,0.333348,0.333356,0.333361,0.333364,0.333370,0.333378,0.333470,0.775516,
0.236188,0.242472,0.258489,0.263527,0.271847,0.273453,0.283018,0.287593,0.293344,0.297523,0.303978,0.306415,0.308789,0.314293,0.314320,0.319332,0.320397,0.322113,0.325531,0.330752,0.330766,0.333306,0.333306,0.333319,0.333324,0.333327,0.333328,0.333334,0.333336,0.333338,0.333343,0.333346,0.333349,0.333354,0.333354,0.333355,0.333356,0.333364,0.333385,0.776544,
0.236262,0.255187,0.256835,0.273548,0.294779,0.300171,0.303957,0.316401,0.318381,0.322101,0.324699,0.326408,0.327884,0.331460,0.333309,0.333313,0.333325,0.333326,0.333331,0.333335,0.333335,0.333338,0.333338,0.333338,0.333339,0.333339,0.333341,0.333341,0.333344,0.333347,0.333347,0.333350,0.333350,0.333352,0.333356,0.333357,0.333359,0.333369,0.333484,0.775521,
0.235885,0.236175,0.244455,0.250322,0.260187,0.263562,0.266872,0.289022,0.290514,0.294755,0.300141,0.301414,0.302716,0.313272,0.316368,0.318388,0.320256,0.324704,0.330757,0.331428,0.332717,0.333306,0.333308,0.333315,0.333316,0.333319,0.333326,0.333327,0.333334,0.333335,0.333337,0.333339,0.333340,0.333342,0.333348,0.333349,0.333363,0.333375,0.333409,0.775391,
0.256812,0.271815,0.273451,0.278327,0.283020,0.289047,0.319348,0.322124,0.325574,0.329356,0.329365,0.330067,0.330080,0.330775,0.333307,0.333315,0.333319,0.333327,0.333330,0.333332,0.333335,0.333337,0.333338,0.333338,0.333339,0.333340,0.333341,0.333343,0.333345,0.333346,0.333347,0.333349,0.333351,0.333353,0.333367,0.333369,0.333379,0.333411,0.333415,0.773842,
0.235596,0.236021,0.237424,0.250316,0.254627,0.256899,0.260234,0.265195,0.270187,0.283019,0.283034,0.286062,0.287569,0.294740,0.298847,0.312179,0.317405,0.318365,0.322127,0.322147,0.326357,0.333306,0.333307,0.333316,0.333316,0.333318,0.333325,0.333325,0.333335,0.333335,0.333336,0.333336,0.333338,0.333338,0.333344,0.333358,0.333361,0.333362,0.333365,0.777141,
0.242960,0.261837,0.275119,0.287583,0.294782,0.303946,0.303953,0.305185,0.305209,0.306424,0.307630,0.308869,0.312162,0.318365,0.326331,0.326351,0.329344,0.329348,0.330753,0.332123,0.333315,0.333332,0.333337,0.333339,0.333340,0.333342,0.333344,0.333346,0.333353,0.333355,0.333355,0.333358,0.333358,0.333367,0.333372,0.333374,0.333417,0.333431,0.333571,0.776023,
0.236087,0.265209,0.270240,0.284596,0.289047,0.293332,0.293380,0.294765,0.298829,0.301432,0.302706,0.318369,0.320303,0.321208,0.323048,0.323846,0.325534,0.326326,0.329344,0.330059,0.332082,0.332089,0.333316,0.333323,0.333325,0.333331,0.333334,0.333335,0.333337,0.333337,0.333339,0.333339,0.333343,0.333346,0.333348,0.333349,0.333352,0.333356,0.333362,0.774951,
0.238458,0.242427,0.244314,0.250326,0.251939,0.258053,0.273494,0.281487,0.294757,0.315365,0.317387,0.318378,0.325528,0.325548,0.326310,0.326314,0.327126,0.327885,0.332082,0.333313,0.333321,0.333325,0.333329,0.333332,0.333334,0.333336,0.333336,0.333338,0.333339,0.333339,0.333340,0.333340,0.333341,0.333346,0.333350,0.333351,0.333353,0.333353,0.333365,0.774204,
0.248798,0.265215,0.265222,0.266849,0.268614,0.271844,0.273478,0.289053,0.294770,0.298847,0.305247,0.308798,0.314482,0.316441,0.327104,0.328632,0.329369,0.330757,0.331428,0.333315,0.333317,0.333318,0.333326,0.333328,0.333328,0.333329,0.333331,0.333331,0.333333,0.333337,0.333338,0.333342,0.333343,0.333343,0.333353,0.333378,0.333386,0.333398,0.333602,0.774533,
0.239444,0.243024,0.247213,0.250364,0.253575,0.261227,0.270139,0.273451,0.281478,0.296140,0.296141,0.297512,0.300153,0.302734,0.305225,0.305244,0.308786,0.314336,0.315376,0.319344,0.320288,0.327110,0.331421,0.332728,0.333306,0.333310,0.333324,0.333334,0.333336,0.333336,0.333342,0.333344,0.333346,0.333346,0.333348,0.333363,0.333364,0.333368,0.333380,0.774928,
0.235827,0.237485,0.245773,0.268559,0.270215,0.275120,0.283017,0.287609,0.289051,0.297520,0.300156,0.303954,0.305212,0.308794,0.309959,0.312153,0.325523,0.327114,0.329361,0.330092,0.332758,0.333048,0.333306,0.333308,0.333309,0.333309,0.333334,0.333335,0.333340,0.333342,0.333343,0.333344,0.333352,0.333352,0.333352,0.333362,0.333382,0.333389,0.333396,0.776415,
0.261902,0.273484,0.275141,0.279955,0.281490,0.290532,0.294741,0.300131,0.302738,0.306400,0.307627,0.314331,0.316379,0.317412,0.319384,0.324690,0.326335,0.331421,0.333308,0.333309,0.333316,0.333325,0.333326,0.333332,0.333334,0.333336,0.333337,0.333345,0.333346,0.333348,0.333349,0.333352,0.333352,0.333355,0.333360,0.333363,0.333365,0.333401,0.333414,0.774905,
0.236718,0.241693,0.266870,0.266876,0.268527,0.283039,0.289057,0.291954,0.303950,0.319350,0.321209,0.321209,0.323860,0.323877,0.328633,0.333308,0.333309,0.333312,0.333316,0.333316,0.333318,0.333319,0.333322,0.333332,0.333333,0.333334,0.333334,0.333338,0.333343,0.333344,0.333346,0.333347,0.333348,0.333349,0.333352,0.333359,0.333359,0.333362,0.333370,0.775898,
0.235872,0.236743,0.236766,0.245738,0.263538,0.290488,0.294761,0.302726,0.306450,0.307616,0.315374,0.316382,0.316389,0.317389,0.320315,0.323870,0.326377,0.329352,0.330746,0.332719,0.332719,0.333306,0.333307,0.333309,0.333311,0.333312,0.333320,0.333321,0.333324,0.333329,0.333334,0.333338,0.333343,0.333345,0.333349,0.333352,0.333356,0.333366,0.333406,0.776295,
0.235589,0.235856,0.238413,0.241662,0.247287,0.255187,0.271834,0.283016,0.300158,0.301424,0.307619,0.325505,0.325539,0.327898,0.328626,0.332084,0.332712,0.333313,0.333314,0.333316,0.333319,0.333334,0.333334,0.333335,0.333338,0.333341,0.333342,0.333342,0.333343,0.333343,0.333349,0.333350,0.333350,0.333354,0.333356,0.333360,0.333384,0.333404,0.333404,0.776762,
0.235619,0.238413,0.245758,0.258490,0.263541,0.287633,0.294775,0.296136,0.297536,0.313251,0.314308,0.316480,0.317382,0.324681,0.327879,0.327894,0.328618,0.333306,0.333313,0.333313,0.333314,0.333324,0.333325,0.333330,0.333331,0.333333,0.333333,0.333333,0.333333,0.333337,0.333339,0.333346,0.333348,0.333349,0.333358,0.333362,0.333364,0.333384,0.333415,0.775320,
0.236806,0.266922,0.271850,0.271864,0.281484,0.298837,0.311071,0.312151,0.319354,0.320282,0.323845,0.323860,0.324749,0.327876,0.328653,0.329347,0.329360,0.330085,0.330090,0.331433,0.332078,0.332154,0.333306,0.333312,0.333333,0.333334,0.333334,0.333335,0.333336,0.333337,0.333337,0.333338,0.333339,0.333342,0.333343,0.333343,0.333361,0.333362,0.333417,0.774470,
0.237464,0.260190,0.268512,0.270188,0.286076,0.289072,0.291950,0.312145,0.317386,0.319338,0.326326,0.327873,0.332077,0.333323,0.333324,0.333326,0.333330,0.333331,0.333333,0.333333,0.333334,0.333334,0.333335,0.333335,0.333335,0.333336,0.333336,0.333336,0.333337,0.333339,0.333341,0.333345,0.333346,0.333349,0.333358,0.333360,0.333364,0.333365,0.333367,0.776819,
0.236772,0.237450,0.270211,0.293341,0.293359,0.297483,0.305219,0.314326,0.314331,0.315365,0.318378,0.320260,0.321207,0.323842,0.327115,0.327872,0.327885,0.333307,0.333323,0.333323,0.333326,0.333330,0.333330,0.333330,0.333332,0.333332,0.333333,0.333333,0.333336,0.333336,0.333338,0.333339,0.333340,0.333341,0.333342,0.333355,0.333366,0.333372,0.333443,0.776494,
0.247274,0.251950,0.263546,0.279923,0.284558,0.291950,0.293382,0.297492,0.297519,0.297582,0.307595,0.308774,0.309929,0.322106,0.322998,0.322999,0.324690,0.324717,0.325517,0.326328,0.327874,0.330059,0.330764,0.333306,0.333306,0.333308,0.333326,0.333326,0.333329,0.333334,0.333335,0.333336,0.333337,0.333348,0.333353,0.333353,0.333354,0.333363,0.333403,0.775980,
0.240311,0.240567,0.253556,0.258490,0.258520,0.263504,0.270186,0.286094,0.298850,0.300148,0.309922,0.311097,0.314321,0.315351,0.315367,0.316382,0.324698,0.328668,0.331437,0.332718,0.332760,0.333309,0.333312,0.333324,0.333330,0.333334,0.333338,0.333338,0.333339,0.333339,0.333339,0.333340,0.333346,0.333351,0.333351,0.333354,0.333356,0.333360,0.333368,0.775521,
0.258504,0.261505,0.281476,0.289044,0.291955,0.306415,0.308780,0.309894,0.311061,0.312166,0.312195,0.317429,0.317433,0.318372,0.322251,0.323858,0.324685,0.327876,0.327880,0.331421,0.331436,0.332725,0.333307,0.333315,0.333320,0.333332,0.333333,0.333335,0.333335,0.333337,0.333339,0.333342,0.333344,0.333350,0.333351,0.333354,0.333366,0.333372,0.333373,0.775779,
0.235894,0.254590,0.255254,0.260185,0.265166,0.273453,0.273467,0.276724,0.301451,0.302771,0.313248,0.320272,0.322097,0.327106,0.327885,0.329350,0.330064,0.330081,0.333171,0.333306,0.333318,0.333323,0.333326,0.333328,0.333333,0.333334,0.333337,0.333339,0.333340,0.333342,0.333342,0.333345,0.333345,0.333345,0.333347,0.333348,0.333355,0.333355,0.333373,0.774658,
0.240418,0.251959,0.263553,0.273470,0.283002,0.289053,0.300151,0.307609,0.308790,0.315382,0.316396,0.317504,0.318374,0.320282,0.323843,0.327110,0.327907,0.330073,0.333314,0.333314,0.333322,0.333323,0.333325,0.333325,0.333328,0.333330,0.333335,0.333336,0.333337,0.333340,0.333340,0.333344,0.333344,0.333349,0.333356,0.333363,0.333367,0.333375,0.333575,0.776754,
0.235787,0.236077,0.253563,0.261046,0.270195,0.275111,0.281462,0.286059,0.297495,0.300140,0.305223,0.308812,0.318396,0.320291,0.321199,0.324704,0.327884,0.331470,0.332711,0.332721,0.333309,0.333319,0.333327,0.333330,0.333332,0.333336,0.333336,0.333337,0.333337,0.333338,0.333339,0.333339,0.333342,0.333347,0.333348,0.333351,0.333355,0.333369,0.333467,0.775429,
0.235601,0.236012,0.247267,0.247746,0.251924,0.268534,0.297551,0.303974,0.309935,0.312177,0.314304,0.318385,0.320288,0.321213,0.325524,0.327898,0.330057,0.331426,0.332077,0.332728,0.333313,0.333323,0.333326,0.333327,0.333331,0.333335,0.333336,0.333338,0.333339,0.333341,0.333342,0.333349,0.333352,0.333357,0.333362,0.333366,0.333413,0.333431,0.333645,0.776637,
0.235727,0.242960,0.248858,0.255177,0.286099,0.296288,0.297507,0.311166,0.315364,0.322194,0.324697,0.325514,0.326340,0.327155,0.328640,0.329353,0.330057,0.333312,0.333314,0.333318,0.333325,0.333326,0.333328,0.333330,0.333332,0.333334,0.333334,0.333334,0.333335,0.333337,0.333338,0.333338,0.333339,0.333342,0.333344,0.333345,0.333349,0.333352,0.333366,0.776210,
0.255196,0.262940,0.265268,0.266890,0.278308,0.283019,0.286052,0.300155,0.313262,0.322101,0.323843,0.324689,0.324760,0.327880,0.328624,0.330861,0.332100,0.333309,0.333322,0.333323,0.333333,0.333333,0.333335,0.333336,0.333336,0.333337,0.333337,0.333338,0.333339,0.333340,0.333340,0.333343,0.333345,0.333345,0.333348,0.333352,0.333352,0.333358,0.333380,0.776327,
0.235795,0.253570,0.262914,0.273496,0.289032,0.290491,0.298826,0.300139,0.301465,0.305209,0.305216,0.306432,0.306450,0.308760,0.313244,0.313246,0.314307,0.317403,0.321222,0.324719,0.327124,0.330751,0.330773,0.333313,0.333316,0.333327,0.333328,0.333328,0.333330,0.333334,0.333335,0.333336,0.333336,0.333337,0.333337,0.333340,0.333358,0.333376,0.333744,0.775780,
0.235762,0.271807,0.279926,0.289064,0.306404,0.311067,0.312158,0.313264,0.318371,0.321575,0.322131,0.327122,0.327881,0.329351,0.332077,0.332080,0.333306,0.333318,0.333330,0.333330,0.333332,0.333332,0.333333,0.333335,0.333337,0.333337,0.333337,0.333337,0.333343,0.333345,0.333345,0.333347,0.333348,0.333348,0.333349,0.333350,0.333351,0.333363,0.333412,0.775228,
0.245776,0.250384,0.251968,0.255189,0.268546,0.275072,0.279928,0.279939,0.281453,0.287540,0.294745,0.300143,0.303985,0.305218,0.306421,0.312165,0.318354,0.318381,0.322998,0.326332,0.328624,0.331425,0.333315,0.333317,0.333317,0.333323,0.333329,0.333334,0.333334,0.333336,0.333336,0.333337,0.333338,0.333339,0.333340,0.333345,0.333345,0.333360,0.333416,0.775668,
0.251930,0.263540,0.271840,0.278297,0.278310,0.281515,0.284555,0.301445,0.303982,0.305215,0.313254,0.313275,0.314297,0.314331,0.315392,0.317406,0.318354,0.319345,0.321208,0.322114,0.326326,0.328638,0.333311,0.333317,0.333327,0.333332,0.333334,0.333334,0.333335,0.333342,0.333342,0.333344,0.333345,0.333348,0.333360,0.333362,0.333365,0.333374,0.333384,0.775851,
0.236129,0.236168,0.248800,0.256868,0.260181,0.279945,0.301465,0.306417,0.312169,0.316383,0.316403,0.318399,0.319331,0.319335,0.322981,0.326343,0.327120,0.328626,0.329355,0.332724,0.333308,0.333309,0.333320,0.333323,0.333330,0.333333,0.333338,0.333338,0.333341,0.333342,0.333343,0.333345,0.333348,0.333350,0.333357,0.333359,0.333364,0.333369,0.333378,0.776150,
0.253599,0.286047,0.294737,0.297533,0.298858,0.300180,0.311068,0.315364,0.322996,0.323886,0.326332,0.327144,0.329400,0.330062,0.330748,0.330754,0.331422,0.333307,0.333308,0.333308,0.333318,0.333324,0.333325,0.333334,0.333336,0.333336,0.333336,0.333337,0.333337,0.333340,0.333340,0.333341,0.333342,0.333343,0.333348,0.333359,0.333371,0.333409,0.333410,0.775111,
0.244398,0.245829,0.260209,0.270236,0.284558,0.284574,0.297519,0.298826,0.301458,0.309921,0.309929,0.323868,0.326331,0.326363,0.331427,0.331434,0.331442,0.333320,0.333324,0.333325,0.333326,0.333328,0.333330,0.333330,0.333335,0.333335,0.333335,0.333335,0.333336,0.333337,0.333338,0.333344,0.333344,0.333345,0.333351,0.333352,0.333353,0.333356,0.333359,0.775030,
0.236501,0.238379,0.248813,0.278337,0.291939,0.294765,0.300138,0.302721,0.306425,0.312156,0.315338,0.319328,0.322983,0.325567,0.327112,0.327879,0.329365,0.329377,0.330065,0.333316,0.333322,0.333323,0.333330,0.333330,0.333331,0.333331,0.333332,0.333332,0.333334,0.333337,0.333338,0.333339,0.333339,0.333339,0.333339,0.333350,0.333352,0.333357,0.333383,0.775478,
0.235601,0.248748,0.251996,0.263500,0.268554,0.294765,0.300112,0.306433,0.313243,0.314327,0.314330,0.318364,0.319345,0.322116,0.326328,0.327913,0.328691,0.330747,0.333307,0.333308,0.333312,0.333318,0.333329,0.333334,0.333335,0.333335,0.333336,0.333336,0.333336,0.333339,0.333340,0.333341,0.333342,0.333343,0.333346,0.333347,0.333350,0.333361,0.333442,0.775717,
0.235669,0.236525,0.240522,0.248795,0.250282,0.256819,0.258546,0.263538,0.266868,0.271872,0.275080,0.300187,0.300255,0.306416,0.320277,0.321200,0.322982,0.323002,0.323013,0.323855,0.327141,0.328625,0.329370,0.333310,0.333320,0.333326,0.333327,0.333335,0.333337,0.333340,0.333342,0.333344,0.333344,0.333348,0.333351,0.333353,0.333353,0.333361,0.333376,0.775902,
0.240485,0.244408,0.245809,0.258492,0.271872,0.278354,0.279902,0.283043,0.287619,0.290519,0.296156,0.300164,0.321209,0.322123,0.323860,0.324802,0.327887,0.327934,0.331431,0.333315,0.333320,0.333322,0.333323,0.333325,0.333327,0.333332,0.333336,0.333337,0.333337,0.333340,0.333340,0.333340,0.333340,0.333342,0.333350,0.333362,0.333369,0.333375,0.333419,0.776364,
0.240456,0.240545,0.244400,0.248771,0.251969,0.261850,0.275101,0.290516,0.300140,0.309926,0.309933,0.313256,0.313261,0.317410,0.318384,0.322096,0.323851,0.326343,0.327129,0.327881,0.329351,0.330066,0.332138,0.333306,0.333309,0.333318,0.333327,0.333330,0.333335,0.333337,0.333339,0.333340,0.333340,0.333350,0.333352,0.333359,0.333360,0.333384,0.333465,0.776507,
0.235671,0.253604,0.273480,0.279880,0.293389,0.298795,0.301445,0.306465,0.308790,0.309943,0.312159,0.316402,0.318394,0.318428,0.319331,0.322148,0.323874,0.330086,0.330755,0.332074,0.332750,0.332765,0.333307,0.333316,0.333327,0.333334,0.333335,0.333336,0.333337,0.333337,0.333342,0.333343,0.333344,0.333344,0.333345,0.333350,0.333377,0.333386,0.333392,0.775685,
0.242390,0.245756,0.245776,0.260184,0.261862,0.270203,0.273448,0.276734,0.286050,0.302719,0.307620,0.309920,0.311068,0.315372,0.316395,0.325531,0.327892,0.330055,0.330076,0.332721,0.332735,0.333308,0.333318,0.333323,0.333324,0.333329,0.333331,0.333333,0.333335,0.333336,0.333338,0.333339,0.333342,0.333346,0.333347,0.333351,0.333363,0.333376,0.333422,0.775470,
0.244361,0.244448,0.268549,0.271881,0.275250,0.290503,0.298803,0.300171,0.302731,0.321197,0.322984,0.323012,0.324708,0.325526,0.327885,0.332711,0.333317,0.333327,0.333328,0.333334,0.333334,0.333334,0.333335,0.333336,0.333336,0.333336,0.333337,0.333340,0.333342,0.333345,0.333348,0.333350,0.333361,0.333362,0.333362,0.333365,0.333371,0.333384,0.333384,0.776232,
0.235698,0.235716,0.247264,0.251057,0.253536,0.258513,0.287568,0.287578,0.290494,0.290512,0.296141,0.300127,0.303995,0.315340,0.323860,0.323871,0.325518,0.325527,0.328623,0.330061,0.330088,0.331435,0.333307,0.333320,0.333327,0.333330,0.333333,0.333334,0.333335,0.333337,0.333337,0.333337,0.333339,0.333339,0.333340,0.333340,0.333364,0.333387,0.333387,0.775462,
0.240425,0.245856,0.253534,0.258551,0.260164,0.273532,0.289137,0.293379,0.296160,0.300148,0.300176,0.302740,0.305221,0.307614,0.309942,0.320282,0.321196,0.325526,0.327878,0.329387,0.333308,0.333309,0.333329,0.333329,0.333330,0.333334,0.333335,0.333336,0.333336,0.333338,0.333338,0.333339,0.333339,0.333354,0.333356,0.333357,0.333381,0.333414,0.333537,0.775902,
0.278316,0.279903,0.284551,0.284593,0.294757,0.296100,0.297514,0.298842,0.306425,0.308768,0.311059,0.313239,0.314291,0.314324,0.317411,0.328628,0.329392,0.329400,0.330059,0.331420,0.333313,0.333314,0.333316,0.333328,0.333328,0.333329,0.333331,0.333334,0.333336,0.333341,0.333348,0.333349,0.333350,0.333350,0.333353,0.333354,0.333362,0.333372,0.333375,0.776922,
0.235769,0.253607,0.260200,0.261846,0.265190,0.273495,0.291961,0.298844,0.301427,0.320277,0.320296,0.322989,0.324707,0.326330,0.328647,0.329372,0.331425,0.331428,0.331428,0.333306,0.333317,0.333320,0.333330,0.333333,0.333335,0.333335,0.333337,0.333337,0.333343,0.333344,0.333344,0.333346,0.333346,0.333348,0.333351,0.333351,0.333352,0.333360,0.333361,0.775338,
0.235864,0.265179,0.287554,0.287573,0.289055,0.291984,0.300148,0.302693,0.303978,0.307635,0.307645,0.313241,0.319344,0.327100,0.327143,0.329363,0.331421,0.333308,0.333309,0.333317,0.333317,0.333321,0.333323,0.333323,0.333324,0.333325,0.333329,0.333332,0.333334,0.333335,0.333335,0.333337,0.333338,0.333339,0.333340,0.333343,0.333355,0.333359,0.333363,0.775262,
0.235820,0.260168,0.265171,0.273516,0.275123,0.281456,0.286069,0.293363,0.296148,0.298811,0.300173,0.301447,0.308793,0.318371,0.318380,0.319327,0.319327,0.321201,0.327106,0.327882,0.328634,0.333309,0.333327,0.333328,0.333330,0.333332,0.333336,0.333336,0.333337,0.333338,0.333344,0.333345,0.333345,0.333349,0.333350,0.333354,0.333354,0.333356,0.333367,0.775078,
0.235906,0.239368,0.253590,0.258527,0.281480,0.289053,0.297500,0.304011,0.307622,0.308744,0.312170,0.322128,0.323834,0.324695,0.327108,0.330074,0.330755,0.331423,0.331424,0.333307,0.333314,0.333315,0.333318,0.333320,0.333331,0.333337,0.333338,0.333338,0.333341,0.333341,0.333342,0.333342,0.333347,0.333350,0.333350,0.333358,0.333363,0.333371,0.333412,0.777359,
0.235641,0.242430,0.245807,0.250425,0.251914,0.270186,0.281553,0.284541,0.312164,0.315369,0.319402,0.320293,0.321219,0.322129,0.327105,0.327878,0.327884,0.332072,0.332081,0.333307,0.333315,0.333317,0.333318,0.333326,0.333335,0.333335,0.333336,0.333339,0.333340,0.333343,0.333345,0.333346,0.333347,0.333348,0.333348,0.333348,0.333356,0.333373,0.333375,0.775641,
0.240532,0.255171,0.256851,0.262628,0.263549,0.265182,0.265194,0.270174,0.275079,0.278352,0.281477,0.301474,0.303974,0.303998,0.309948,0.317381,0.320328,0.330087,0.330748,0.333314,0.333320,0.333320,0.333322,0.333331,0.333332,0.333334,0.333334,0.333337,0.333337,0.333338,0.333340,0.333342,0.333344,0.333345,0.333346,0.333379,0.333379,0.333418,0.333479,0.776492,
0.235536,0.248780,0.255228,0.263589,0.265221,0.270234,0.278305,0.284564,0.291927,0.298830,0.300161,0.303981,0.312161,0.314313,0.322123,0.322126,0.322990,0.323860,0.327115,0.329736,0.333306,0.333307,0.333320,0.333322,0.333324,0.333327,0.333329,0.333334,0.333341,0.333343,0.333343,0.333345,0.333349,0.333359,0.333361,0.333362,0.333368,0.333369,0.333373,0.776423,
0.236395,0.242248,0.258467,0.260154,0.261136,0.273483,0.275132,0.284571,0.284574,0.303952,0.305230,0.308771,0.308814,0.321203,0.324695,0.327954,0.332081,0.332718,0.333306,0.333307,0.333307,0.333309,0.333319,0.333322,0.333324,0.333334,0.333336,0.333337,0.333341,0.333343,0.333344,0.333351,0.333351,0.333358,0.333359,0.333360,0.333360,0.333368,0.333376,0.775574,
0.237505,0.241653,0.242326,0.263522,0.280065,0.284546,0.286075,0.287615,0.294749,0.295064,0.298840,0.309928,0.309928,0.315362,0.315366,0.316393,0.323869,0.327099,0.329367,0.332082,0.332084,0.332107,0.332736,0.332741,0.333307,0.333317,0.333317,0.333331,0.333334,0.333338,0.333340,0.333344,0.333349,0.333351,0.333357,0.333363,0.333372,0.333372,0.333439,0.775808,
0.235942,0.241743,0.248780,0.270205,0.279929,0.279938,0.284558,0.287575,0.293380,0.293391,0.301491,0.303979,0.307605,0.307627,0.307633,0.309949,0.312177,0.314326,0.318374,0.319340,0.322100,0.333306,0.333312,0.333319,0.333320,0.333322,0.333333,0.333335,0.333336,0.333337,0.333340,0.333344,0.333346,0.333346,0.333358,0.333359,0.333369,0.333399,0.333479,0.775959,
0.236745,0.241657,0.260974,0.271827,0.281500,0.302717,0.307616,0.320261,0.322108,0.323006,0.324690,0.327132,0.330059,0.333307,0.333311,0.333312,0.333321,0.333321,0.333323,0.333327,0.333328,0.333333,0.333335,0.333341,0.333342,0.333343,0.333343,0.333343,0.333346,0.333347,0.333348,0.333349,0.333352,0.333358,0.333360,0.333360,0.333365,0.333389,0.333410,0.777146,
0.238339,0.245810,0.265213,0.270223,0.273514,0.287550,0.289052,0.290497,0.293417,0.302733,0.305228,0.312160,0.316414,0.325526,0.325531,0.327150,0.328615,0.332099,0.333308,0.333320,0.333321,0.333325,0.333326,0.333334,0.333337,0.333338,0.333339,0.333339,0.333339,0.333340,0.333340,0.333341,0.333347,0.333349,0.333349,0.333358,0.333362,0.333404,0.333666,0.775559,
0.236248,0.243021,0.253557,0.256152,0.281482,0.289055,0.306475,0.311047,0.313262,0.313292,0.316390,0.319329,0.320288,0.322997,0.332708,0.333311,0.333313,0.333318,0.333321,0.333323,0.333326,0.333327,0.333328,0.333328,0.333333,0.333334,0.333337,0.333337,0.333338,0.333339,0.333342,0.333342,0.333345,0.333349,0.333353,0.333353,0.333355,0.333363,0.333367,0.777741,
0.258529,0.268518,0.278315,0.278360,0.279885,0.287590,0.293428,0.296142,0.296146,0.301456,0.307602,0.307627,0.311083,0.313240,0.314316,0.315357,0.316428,0.317414,0.327876,0.329883,0.330750,0.330775,0.332075,0.333309,0.333329,0.333330,0.333333,0.333336,0.333337,0.333338,0.333338,0.333339,0.333342,0.333344,0.333344,0.333345,0.333348,0.333350,0.333359,0.775473,
